8382 8523 8 7304 6397 7 6625 8089 9 3870 5295 1 6771 5498 4
7642 6672 8 6576 5236 7 6811 7597 4 5989 7217 9 6151 6562 7
6938 7697 5 7139 7072 3 6290 5812 6 6008 7520 5 6869 5842 6
7976 8470 7 6659 7210 2 7664 6912 2 8755 8163 5 7812 8277 4
6274 5686 4 4828 5933 4 7351 5863 11 6324 6094 5 5546 6574 4
6169 6821 3 5595 5904 4 7129 6222 3 8259 8375 8 7595 7917 9
7451 7876 7 7123 6536 4 6968 8105 5 6023 6066 5 8176 8245 8
4878 5753 5 6786 7582 5 5842 4730 6 8452 7930 10 8215 7864 14
6530 6557 8 7452 6312 5 9401 8388 4 5908 7364 2 7034 7274 11
7532 7958 9 6135 5928 1 6042 5068 3 5534 5892 5 9376 8396 8
6591 5225 2 6272 6749 5 6273 5784 4 6532 6747 3 6599 6966 9
8089 7677 6 5953 6184 0 6049 6981 7 7400 6807 6 5585 6402 4
5711 7178 10 8309 8351 9 8180 6394 8 6690 6774 8 5141 4681 7
7741 8322 4 6174 6452 3 5058 6247 4 5784 5905 2 8737 7092 9
7137 5437 2 4999 7125 7 6929 7284 0 6329 5803 7 7176 7548 9
5592 6344 5 6513 6507 5 6348 4941 5 6173 7029 7 6914 6787 6
7485 6935 7 6819 6204 7 5850 6024 6 5916 7112 5 8137 7999 12
5469 6140 5 6426 8134 5 6924 5230 4 6329 7463 6 7528 6417 5
5957 7706 4 6078 5006 7 5700 6340 3 6510 4136 3 6900 8748 10
6840 5691 5 6575 5590 4 7041 5931 7 6999 8929 6 6777 7697 12
6812 7308 7 7873 8023 4 6906 7428 4 5244 6033 3 7574 6041 4
6970 6122 6 5442 6353 4 8002 8066 6 7225 7304 7 6706 6451 6
6052 6812 6 7042 6812 7 5100 5514 7 6052 6282 5 7329 6866 14
7539 6605 8 7759 7556 6 7331 7787 8 3715 5128 4 7265 6728 6
7212 6955 7 6471 8189 6 7692 7911 11 6774 6718 6 7235 5460 3
5984 5294 8 6817 7536 8 7677 6315 9 5954 5816 4 5886 7420 9
4852 6488 3 4846 5734 5 5906 6161 4 5956 5673 4 7220 4448 8
6611 6761 0 5870 7623 2 7189 6499 2 6945 6689 1 7476 7098 1
6145 7552 8 8180 7283 10 6195 6583 5 5917 5666 5 6490 5798 5
8279 7537 6 7432 7308 2 9033 9624 10 7253 7811 5 6700 6861 7
7513 8222 8 6038 6241 4 6490 6169 9 5752 5277 7 6961 7167 8
7640 6299 4 7990 7561 4 7361 6212 6 5344 5821 4 5645 7368 5
7264 5687 6 6481 5905 4 6251 7270 5 6757 8717 6 6809 5689 5
7611 8205 12 6135 6662 1 6207 7400 3 6778 6545 2 7673 6032 14
5719 4719 5 6046 6978 4 5052 4485 6 6632 6561 6 6768 7833 3
5720 5434 2 5904 8637 6 6921 5888 6 8260 7145 5 6649 7854 5
6361 6285 3 10349 8569 13 4919 5213 2 6117 6840 2 5422 6444 3
5497 5861 4 6928 7651 5 7760 7713 6 4459 4630 6 6533 6773 10
6718 7183 4 9768 8564 9 6158 7695 9 7290 7385 2 7249 6364 2
5426 6349 3 8036 7357 9 8718 6885 4 5650 6188 6 7201 7232 6
7543 6754 6 7361 6907 8 5140 5914 4 7600 7747 7 5148 6686 11
4873 5735 3 6926 8034 5 6553 7511 4 7588 5385 5 6968 6149 6
5425 5097 4 5895 7028 3 7407 6046 6 7268 7517 6 8106 8359 12
5907 5369 2 5392 6978 3 6008 5145 7 6352 6699 7 7782 6549 6
7068 7393 7 6731 7405 3 6202 5929 4 6530 7020 5 8637 7336 7
6820 7817 13 4672 5266 2 5924 7284 11 8229 6880 4 4958 4454 9
6868 7237 6 5954 6486 4 7162 6827 4 5236 5645 2 7253 7280 7
7424 7264 6 7766 8561 9 5431 6634 8 8502 7014 9 6704 5677 5
7382 6065 11 5780 5926 4 6411 7858 9 5973 5923 6 7780 7465 8
7922 8337 8 6351 6191 2 6796 8723 5 6816 6113 7 6363 4753 2
5592 6862 3 5661 5161 5 6147 6939 6 7537 8480 11 7584 5887 7
6093 5336 1 7506 5410 6 5534 6269 5 6862 6846 3 6370 8731 5
6322 7367 6 8172 7488 4 8335 8166 4 5365 4883 2 7075 6316 5
6580 6230 9 5929 5784 2 7005 6505 2 6912 7173 8 7289 8282 12
8461 8558 10 8353 6982 3 6465 6163 4 6159 6430 6 4584 6789 2
6194 6561 5 8371 8573 7 7133 6289 10 6022 7078 3 7101 7400 4
7738 7801 10 7683 8587 4 6236 6477 6 6571 6477 1 9571 8752 7
6549 8607 9 6610 6867 7 6798 6246 5 9240 6669 11 5245 5338 3
6983 6353 5 5944 5015 2 7416 9023 4 5511 5303 6 8062 8875 9
8457 7242 7 8405 8883 5 5095 5349 3 5330 5417 1 6858 7271 7
5486 4544 2 6772 6759 6 4027 5404 4 6969 6896 13 5709 5690 6
6574 6891 5 7344 7301 5 5923 5432 2 6039 5966 8 6383 7150 5
6720 6234 7 6770 6313 6 5212 6753 6 8151 9235 8 7277 6459 10
8732 7842 5 5844 7367 3 6331 7825 7 5910 5408 4 8341 7044 8
6659 6069 7 8481 7693 9 5915 6457 7 6239 7422 5 7396 7502 5
6863 5763 13 5940 6538 8 7221 7518 7 5729 6341 5 6485 5750 6
8247 8884 11 7537 9352 5 6425 5739 3 7545 6108 4 6190 6648 5
6668 5326 7 9069 8357 5 3875 4607 1 6860 7558 3 7309 8517 14
8624 8189 5 5471 5728 3 8893 7978 4 7544 7373 8 6733 6675 7
6384 7002 5 5836 6675 2 5922 5468 10 4967 6534 11 7772 5758 6
6533 6987 7 7579 7449 7 6334 6824 3 6460 5988 4 6445 5709 6
8847 6618 9 7588 8435 5 4293 5862 4 6520 7147 3 7437 7494 9
6810 6733 5 4369 3729 2 5741 6065 5 9215 8265 8 6781 7419 7
5925 5595 3 6533 5690 6 6194 5931 5 6118 6401 8 6352 6915 4
5582 5854 4 6410 5346 5 7427 6222 8 7578 8774 7 5751 6475 7
7397 8422 5 6637 7845 8 5101 4375 5 8548 6521 6 4932 5377 7
7806 6086 6 6274 7116 7 6958 5782 4 5345 6476 5 5603 5915 7
6795 7955 8 3365 4389 0 6501 6349 5 7449 7919 7 7807 6518 4
4681 4441 4 6701 6618 6 7978 6725 10 5967 6382 4 7209 7781 14
9146 6654 9 7787 9683 5 7459 7043 8 5583 5865 6 7108 7108 7
4552 4099 3 7637 8357 11 8633 7608 7 7215 7527 10 7024 7496 7
6885 7031 2 8030 8681 5 7027 8166 4 8204 6866 7 5611 6001 6
5771 5236 0 6922 5687 6 6093 7349 8 6074 7216 3 6744 6226 3
6067 8026 3 7969 8376 4 7071 5640 8 7115 6160 5 7254 6448 6
6335 7829 10 9390 7847 8 7656 8369 7 7082 6528 10 5887 5536 4
8937 6308 5 6306 6039 4 5175 5296 1 5329 7072 4 7347 8035 7
4503 5279 4 6852 6226 8 6880 6614 6 6147 6531 7 5933 5938 5
6716 7039 6 5794 5153 3 6867 6919 4 6372 6524 6 6817 5942 7
6140 5364 7 6515 7137 6 6846 7995 7 7844 7017 6 6463 7074 4
7795 6714 7 7341 7424 3 6775 7057 3 6065 6363 5 7175 7269 4
7383 7189 10 7578 8500 6 8484 7070 6 6008 5021 3 4924 5664 6
7186 7563 9 6685 7367 7 7561 6917 7 6935 6394 4 5354 5180 4
5732 4984 3 6046 7217 5 8392 7980 5 7151 5687 3 7192 7661 6
6185 5878 3 7979 9694 12 8543 8734 4 6910 6461 5 6175 6479 5
8025 7382 5 5919 6607 4 6382 6060 8 6862 6985 7 7497 7794 10
6274 5717 2 6653 6448 10 8391 8417 7 6174 7941 5 6038 6131 6
7572 6553 5 6906 7069 7 8028 6882 6 5052 5591 5 5471 6968 5
6087 4328 5 7714 6853 3 5319 5591 7 7982 9199 3 5970 6242 9
6395 5263 5 5883 7874 9 6920 6888 6 5865 6194 2 6516 6886 7
5723 8099 5 6115 6304 7 9034 8245 5 7012 6047 6 6617 6625 10
6299 6559 4 6146 7620 7 6017 4881 4 6154 6451 10 6641 4608 3
6002 7255 2 6688 8026 4 8568 6596 9 5549 6081 5 6393 5649 4
7776 7108 5 7093 7544 10 6185 6856 7 5637 5550 5 6260 6484 6
7326 7138 2 4407 5240 4 6620 5558 4 5571 5614 3 6181 6385 5
6773 6177 4 6118 6068 1 6755 7303 2 7789 6374 2 6431 7784 4
6594 5329 9 6539 6228 9 7427 8689 5 6968 7627 5 7123 6552 3
8292 6683 7 7690 9490 14 5595 7227 11 6541 7786 6 6826 5464 7
7821 6500 10 4441 7846 3 5605 5991 2 7090 4543 5 6466 6779 7
7300 6116 11 5499 6366 1 8823 7631 13 5355 5454 3 7032 8274 6
7972 8743 7 8158 9182 9 7172 5927 5 7247 6842 3 6152 5955 5
6085 5854 5 8201 6362 6 6320 9318 9 7723 7832 10 5392 4893 2
5649 5870 8 6338 7291 10 7078 6393 8 7263 5901 6 5871 6722 12
5011 3833 3 3735 5739 3 7678 8030 17 8072 6294 6 6711 7983 8
6975 7950 6 8487 6751 10 5614 7681 6 7291 6752 7 5199 5326 3
5284 5436 5 7545 7277 5 6261 6869 5 7186 6184 7 5285 5313 5
5270 5477 7 8463 8250 9 6848 7601 8 8317 9245 8 6476 5492 5
7695 8600 5 6966 6940 8 6069 5957 5 6379 7619 3 7375 5205 5
3510 4289 3 6167 5091 2 6294 7602 9 7517 8598 10 7343 6995 11
7021 7944 12 5033 5107 6 6681 6670 7 5155 4567 5 6811 6733 10
5763 5438 2 8444 8075 10 6659 6284 7 6796 5724 0 6038 7267 5
9778 9632 15 10139 7768 6 7508 7599 10 6568 7802 4 5251 6728 5
8194 6585 4 4473 5453 3 7327 7125 4 7540 8175 4 5731 6270 3
6141 7214 6 5379 6143 4 6038 5929 7 6720 5768 6 8347 7947 14
7239 8450 10 6867 10095 7 10542 6680 10 5376 5633 4 7320 6467 8
5859 6230 4 7320 8241 6 6979 8548 7 7477 7033 7 6721 5485 3
6256 7274 4 5188 5265 5 6442 6439 3 7253 6750 8 7522 7208 11
7463 8255 5 9364 7738 14 6727 6181 3 6681 5861 5 7430 9379 10
6460 5921 2 8858 7227 6 6950 8318 3 6549 7478 3 7190 6542 2
4325 5617 3 6453 7338 5 5600 5062 6 8008 7453 12 6098 6290 4
6109 5967 3 6995 8871 8 7745 6684 6 5870 4310 2 6906 7058 8
6050 6107 3 7199 6170 7 5104 6487 5 8406 8011 3 7370 7058 7
6178 6905 11 5717 7113 4 9449 7955 9 6035 5701 1 7308 7800 2
5966 5343 5 6309 4918 6 8512 9480 4 5315 6560 8 5754 5347 7
5237 5023 3 6130 6521 5 8225 9158 12 5473 6606 7 7219 4946 4
6204 6891 5 7626 8541 7 5973 5887 6 6201 6736 2 7578 6191 10
7395 7635 9 7346 6998 4 5546 6214 7 7152 6940 7 7100 6621 8
6427 7536 2 6973 6487 4 7937 7113 1 7353 7001 5 6753 6464 3
5182 6218 5 8074 7307 4 6442 7871 8 6319 6148 7 7658 6928 7
5534 6957 1 5333 5704 4 6937 6345 4 7425 6080 4 6334 6866 3
5559 6334 6 9449 9652 8 7177 6973 7 7670 7172 9 4972 5039 6
7132 6330 5 6927 7299 4 6775 7567 4 6236 7334 4 7019 5374 9
7127 7164 6 6380 5826 5 6414 7901 10 6881 6517 3 8092 6968 12
8280 8020 6 6960 5959 4 6434 6412 3 8451 8627 8 5272 6714 7
6399 5845 3 5234 6491 0 6008 6094 6 6893 6152 6 8223 8894 7
7236 6827 5 7444 9191 8 5689 5540 5 8215 6926 3 7002 7894 6
7132 6936 3 5454 5674 1 7721 6946 5 6857 6918 11 6025 6908 7
7578 6277 6 5477 6069 4 7160 8536 10 6204 5359 7 6421 5535 10
7742 9797 8 6744 5498 7 6515 5890 3 6026 6651 4 6889 6758 9
9104 7647 8 8037 7365 10 6493 7231 7 5333 8115 10 5702 6074 4
4717 5996 7 8098 7558 6 5930 6765 9 7497 5970 8 8166 7874 13
7471 7071 6 8048 7318 6 6064 8260 9 7306 7213 9 5965 5860 5
7717 7045 8 7890 8515 4 7788 7939 10 6591 6797 6 6228 5981 8
5250 7183 6 6867 7905 7 7876 6770 7 7428 6199 6 6717 6834 3
8541 8115 5 7434 8656 8 5588 5644 4 6158 7850 7 7846 5928 7
6871 7715 7 6289 7219 8 8119 7503 6 6815 7003 9 6424 5766 5
6494 6538 13 6577 8213 9 4375 4756 5 8364 6804 11 6474 6078 5
7555 6185 2 8356 8962 10 5187 6361 1 6724 6522 4 6907 7519 5
6342 7022 4 6798 7590 4 6893 5931 5 6351 7015 5 7644 6550 7
7016 7023 3 7902 6763 4 7435 7656 6 4546 6124 4 6785 5625 7
8193 7921 6 9063 9722 9 8788 9127 8 6593 6733 9 5902 5361 6
6358 5358 3 6498 5870 3 6640 7649 7 7566 7054 9 5435 6297 5
7241 7209 4 6953 6840 3 6880 6272 7 8598 9660 7 5743 5399 3
7323 6417 5 6285 8378 9 7554 6486 1 5971 6373 6 7406 7737 10
8961 8086 7 7487 7291 7 6038 7482 6 5170 5517 9 6501 7880 6
4891 4803 4 7843 10133 6 5615 5908 4 4924 5006 1 9511 7209 11
5921 6727 3 6050 5155 5 6429 5694 7 7327 7736 9 6344 6800 8
5489 5909 4 6450 6913 3 5188 6004 2 7157 6534 4 7919 7835 9
6891 8907 6 6503 4902 4 6408 5751 2 7010 6775 6 7746 7109 7
7058 8056 2 8124 6928 4 7036 8025 8 5024 5872 3 6775 5763 6
5450 4538 4 8876 9562 8 5668 7137 6 7347 5417 4 6107 6629 9
6464 6270 4 5750 7283 6 7289 6063 6 5998 5733 1 7834 7756 10
6451 5876 5 7660 6544 0 5475 7126 3 7121 6925 7 7299 7169 10
8233 8596 6 8109 8326 11 6908 6783 10 6205 6946 10 8560 8023 10
7522 9586 7 6081 5846 4 7809 7659 8 6524 5824 6 8217 7923 7
5996 5678 6 6082 6655 3 8013 6272 8 6046 8284 7 7245 8056 7
6511 6100 10 5714 5745 3 6886 7712 5 7544 7431 7 6112 6141 5
6938 7614 4 5820 5079 2 6970 6151 4 5858 6244 6 6876 7137 7
5686 4343 0 9337 9307 6 7218 7304 6 6571 8532 7 7205 6788 5
6488 7749 11 4720 4470 3 6316 6449 8 7180 6722 8 6591 6122 7
7631 7763 9 7197 6238 6 7045 6711 9 7556 7301 16 5565 6468 8
6490 7613 4 7305 6865 5 6281 6003 4 8343 7829 8 6528 5706 6
7386 7004 7 5228 6559 6 7126 6566 9 7349 6355 6 6136 6421 9
5948 4854 4 6008 6718 7 6198 7113 3 7061 7856 8 7366 6301 9
6258 7599 7 6662 5815 4 8535 8430 12 7726 8324 6 5778 5627 7
3982 5103 3 7597 7467 7 6695 6978 8 5738 6300 5 7883 7493 11
7370 7732 5 6583 5125 7 7850 7734 4 5565 6482 8 6467 7722 4
9694 8906 5 9043 9086 9 8007 6906 5 5678 5919 6 5597 6073 8
8191 7762 9 7610 7766 9 6596 6925 5 6152 6456 6 6037 6558 6
8383 8229 10 6359 7563 7 4830 5545 5 6893 6826 8 7899 6601 11
6004 6275 4 7186 7193 12 6977 6256 9 6005 5979 5 7289 7315 9
6239 7171 9 7300 5962 9 8264 7592 7 6894 6825 8 4449 5921 7
4109 5643 7 7683 5631 5 6520 7522 10 6331 6229 5 6827 5880 10
7291 6811 3 7664 8712 6 6731 6213 5 5608 5498 6 7748 8138 8
7776 8024 6 8279 7057 10 6154 7799 8 6069 5637 4 7727 7815 9
8770 7668 10 6213 7328 3 5733 5634 3 7109 7449 5 4660 5512 3
7220 8478 5 6921 5599 4 7534 8135 9 8187 7694 6 5296 4803 2
5746 7415 4 8426 8502 7 6265 6368 7 6859 4468 2 5115 6525 12
7317 6750 7 5656 5538 1 7890 6231 10 7640 7568 6 5120 6891 6
7202 7744 10 7095 7934 10 6047 6529 6 7113 7309 13 6361 5158 8
5732 5788 4 7419 8173 13 7735 7817 13 6849 5635 6 6819 5915 7
6558 6514 4 6813 7222 2 6696 6576 3 6037 6726 3 5909 4590 5
7970 7212 4 8750 7673 11 7184 7478 6 4854 5325 4 7048 7912 10
6556 6565 1 7511 6748 6 7118 6734 4 6175 7412 4 6788 6917 6
5069 5667 5 5576 6773 7 6735 6488 4 7184 6270 3 6760 6898 9
6424 6083 10 7323 8185 5 7739 9793 11 8175 7484 5 5544 5334 5
8094 8082 12 5635 7905 6 5400 5468 7 5361 4794 2 6476 5529 5
6200 7148 3 6112 7136 5 6925 5461 2 8138 7090 10 5889 5856 8
7933 7608 3 6689 5395 5 5608 7894 7 8130 7777 7 5204 5835 4
6379 6926 7 10623 9477 16 6234 7476 7 7903 7828 3 7103 7514 9
4785 4278 2 6343 7864 3 6798 6640 5 7981 8169 8 6205 6157 5
6131 7287 4 6434 6648 7 6546 6104 7 7552 6909 2 6597 5871 3
7730 5836 6 5910 5840 1 7781 9527 3 7646 7363 6 6216 6822 11
6445 7473 4 6262 7727 5 9283 7653 7 7165 6860 5 6982 6221 4
6353 5425 8 5263 6047 4 7611 7138 9 7058 8787 7 5558 4517 6
5987 5629 5 5846 7469 9 7711 8623 10 7470 6615 4 7164 6137 8
9883 7451 10 7284 7564 6 6347 8165 8 5986 7159 6 4719 4327 4
6683 6442 7 5909 5638 4 5371 7254 6 7364 6761 6 5931 6367 9
8566 6028 7 8334 10084 10 5628 7475 7 5083 6665 3 8156 6227 10
4727 6001 7 6597 5951 6 5806 6729 7 8245 7457 9 6169 5805 7
6300 6774 6 5909 6705 3 7432 7314 3 4484 5929 4 6675 6158 6
5526 7358 5 7990 7046 10 8535 8088 7 6260 5632 6 4922 5491 4
4725 6149 8 7640 6206 5 7401 7421 9 7554 8216 7 4651 4439 4
5371 4725 6 5088 6140 2 8482 8022 10 6414 7454 9 5762 5588 4
5890 7555 7 6998 5579 3 6103 6162 2 8714 7175 6 5874 7487 7
6394 6037 5 6265 5209 1 6999 6657 1 6392 7116 10 7327 7245 5
5235 4985 4 7216 7769 7 5224 5099 3 5680 5487 6 7044 7351 5
7622 7098 4 5480 5972 4 7554 6424 4 6963 7473 5 9046 9217 6
5924 5124 0 6231 7556 5 7484 6627 7 6157 6857 5 6834 6185 8
7487 8444 10 5323 5529 4 8818 7901 8 6572 6382 10 6432 7376 3
6723 6757 7 6283 6410 3 7451 5226 4 5012 6960 3 7143 8051 9
4925 6715 2 6334 6490 2 6377 5899 4 6619 7049 4 8718 7346 8
8088 6995 6 8071 8471 15 5748 7033 7 5144 4905 5 6666 5844 6
7446 6783 10 5118 6615 2 5533 6221 8 8351 5472 7 6119 6944 5
8152 8276 9 5327 5939 6 5857 6684 5 6483 6794 4 7170 6989 12
5021 5922 1 6482 6026 2 7274 6558 5 6504 6980 4 7619 7514 2
4356 5095 4 6463 6373 1 7627 7636 4 8527 7538 2 8353 8605 7
6795 7361 3 6955 7560 8 7163 7156 8 7116 7037 6 6673 6020 6
6473 8052 4 7446 7070 8 9143 8442 5 7663 6749 4 5410 5276 5
5734 6534 7 6071 6877 4 7051 5717 4 6403 6383 6 5531 5810 5
6775 6230 5 6122 6112 6 7172 6305 6 5550 6001 2 5411 6957 4
5528 6328 8 6948 6074 5 7196 6397 3 6878 6640 6 5691 5534 4
5952 6272 6 6382 5058 2 7172 7584 12 6831 6678 9 5513 6061 4
7913 7178 8 5755 6188 5 5381 6801 2 9687 8352 9 4815 5432 5
5072 6884 4 6691 7242 7 9013 6955 6 7900 7668 8 5079 4912 5
7868 5772 2 5998 7411 4 4096 3715 2 6650 6437 3 6889 8624 6
5010 5958 6 7219 8063 8 6493 6009 7 6942 6518 10 7353 6255 6
6649 5240 7 7090 7706 11 8329 8523 10 5340 5918 7 5933 5815 3
9595 9188 8 6365 8453 8 6131 6000 5 5778 5059 8 5642 5433 3
8810 8413 9 4070 3791 2 5632 5762 2 7684 7378 9 6237 7414 7
7637 7584 4 6647 8522 9 8991 7535 8 6973 7264 4 6084 6288 7
7652 7129 8 5612 5919 2 8431 8038 11 6505 7366 6 6809 7291 9
7325 6550 4 6570 6202 2 5276 5656 1 5007 5814 4 8228 7770 9
5225 5758 9 7101 7476 1 8312 5864 6 6764 7264 5 6339 7371 11
6972 6003 4 5293 5847 4 4809 5290 3 7548 7169 2 8029 7829 8
6429 6680 3 5350 5979 4 7182 6946 9 9893 9594 15 6406 6741 4
5461 5571 7 8412 7962 7 8890 8487 8 6379 7147 7 6308 5788 4
6521 8822 6 5898 6606 8 6486 5960 11 7509 7316 2 7583 6875 7
7098 7216 9 4629 5999 1 7044 6983 6 7120 6580 2 6810 6858 3
7785 7154 11 7490 7405 4 5575 6452 4 5371 5266 6 8404 8528 9
7704 8451 10 6954 6087 7 6489 6422 7 5460 7021 5 8520 6795 10
8214 8546 9 6701 6633 6 7715 7894 14 6503 6680 5 5161 4754 2
5144 6110 3 7287 8166 11 7150 5260 8 6961 6775 6 6146 6500 6
6696 8184 7 8474 7462 9 7186 7112 5 6256 5295 3 4941 6429 1
7110 6980 7 6722 7485 7 7845 7844 10 6655 6000 5 4967 6626 5
8018 7514 8 6766 5759 3 6712 7974 8 6127 6064 6 6642 8044 9
7182 6633 6 6391 6836 2 5839 6658 6 5569 6487 8 7444 7186 3
6644 4700 5 6667 8685 4 5637 6025 4 7782 8497 10 6493 4982 4
5498 7189 4 9259 8668 10 7313 6382 4 5307 6092 2 7516 6111 4
6903 5671 2 8318 7667 7 6462 7996 9 8215 8156 13 5794 5662 4
8647 7271 4 6913 5988 5 5981 7384 4 7888 6067 3 6725 8983 4
6879 8210 10 5400 5472 3 6567 7552 4 6776 6662 2 7468 5713 7
6335 5871 6 6623 7300 6 5081 5831 4 7779 7966 9 6256 5145 4
7013 6968 9 4301 5060 4 7425 7473 6 8025 6216 12 5564 6821 2
7538 7691 8 6909 7206 5 8069 7957 9 6353 5694 3 7470 8390 8
6582 7136 5 5232 5750 3 5808 5155 4 7470 7639 5 8426 7005 8
6772 7538 4 5866 5198 4 8018 6659 5 5856 6085 1 7990 8523 6
8040 8712 7 5605 5924 5 8231 7424 8 4295 5604 3 9049 7729 18
6020 7708 7 6846 8739 4 7670 5707 6 5888 5623 5 8444 7760 9
6218 6021 3 5280 5225 3 6344 6490 5 5426 6384 11 8120 7559 6
6951 6113 4 8008 7080 7 4270 5502 8 6665 7507 6 8255 8399 8
9062 8780 7 8554 7476 12 7038 7810 8 5809 5139 5 6357 6521 6
6476 7082 6 9366 7758 13 5968 5822 4 5463 5673 4 7231 7824 9
8396 6951 9 8249 9089 7 5697 5903 2 7475 7360 8 4596 6250 3
6709 6328 5 8246 5509 7 7251 7730 7 5296 7040 6 5623 7051 7
7054 6106 8 5275 6944 6 5238 5176 5 6217 6390 9 8343 6733 9
6182 8115 5 5467 6348 5 8321 7336 6 6653 6446 3 8266 7709 11
8012 7237 8 5889 7547 4 5945 5288 0 5851 5515 4 6586 7102 5
6479 7034 7 6044 5393 3 4414 4516 4 8118 7053 13 5642 6040 6
5820 5847 4 5057 5061 5 6198 5224 5 6337 7645 9 6248 6904 6
7626 9121 8 7508 8014 9 7738 6172 7 5648 5696 7 5534 5534 3
5637 5944 5 5304 4864 4 9357 8855 11 5886 6647 7 6064 5868 8
8133 8320 9 6231 6222 2 6857 6692 5 6108 5674 4 6195 7016 9
5797 5522 3 5909 8246 2 6623 6519 9 7313 5589 7 6246 5553 8
7413 8580 9 7604 7253 7 6538 5672 4 7270 6690 6 7188 8228 4
6603 6675 5 7825 8240 9 6567 6128 10 5657 5372 3 7146 6530 10
6515 6426 3 7514 7451 5 6719 6637 7 5870 6953 5 7186 6721 3
5567 5993 2 7891 9146 6 7020 7158 8 6330 7108 7 8090 6589 7
8395 6274 5 5812 6100 0 7989 7462 5 5682 5673 6 6057 7756 5
3794 5949 4 8291 8032 7 6513 7344 5 8114 7651 6 6525 5713 5
8101 6342 4 4109 5067 2 5297 4552 4 6332 6135 5 6800 8682 7
5588 6408 1 6399 5793 5 5519 5252 5 5379 5171 3 6797 6859 5
6173 6522 8 7349 7348 6 6206 6201 3 6679 5583 2 6682 6403 5
5373 5187 5 7157 6943 9 8706 7403 8 4894 5205 2 6826 7635 7
5219 4897 5 6585 7143 5 6422 5570 6 7230 8151 8 7495 7499 7
6754 7529 10 6593 8078 5 6566 6995 10 6021 4627 2 7287 5649 9
5366 6487 2 8447 8639 6 7592 7581 7 6974 5280 6 7868 7889 5
5597 6111 5 6603 6858 6 6826 7554 6 6063 5886 7 8101 7215 7
5480 6068 5 5318 5558 4 8494 9052 16 7279 7335 6 7037 6949 8
7628 6325 6 7129 7343 7 7933 8622 7 7199 7536 9 5544 6254 5
5555 6479 6 6331 5436 3 6187 5710 7 7694 8444 9 6693 7573 9
8519 5782 6 7446 8031 6 6013 8864 3 6405 7096 3 7154 6078 5
7103 8152 4 5515 6736 5 6561 6175 3 6470 4892 3 6184 5300 4
6477 5457 4 6216 7231 5 8279 9073 8 6801 6665 7 7354 6299 9
5471 5298 5 6358 8305 9 7736 8734 10 5505 6553 5 8553 6343 8
6967 6638 6 6480 6398 4 5931 6439 5 6105 6274 4 7452 7172 6
8431 9787 10 5680 6046 5 6927 6828 11 4386 4893 2 8147 7183 10
3468 6075 3 9591 8551 11 5928 5269 5 5628 5955 3 8703 8114 11
5686 6814 2 6517 7063 3 7310 5515 6 5318 6956 1 9079 7853 6
8202 7014 6 6883 4930 4 6979 8105 11 4936 5800 3 6024 7317 11
3713 4350 0 6313 6788 2 7342 5447 3 6498 7238 8 7211 7728 8
7802 8263 9 5502 6547 5 7337 5930 2 7970 7659 9 5775 5718 8
7720 7889 4 6188 5708 2 6028 7456 6 6731 7393 2 6689 5827 8
4653 4546 3 7424 8228 7 5891 6614 1 5966 5967 5 8734 6583 7
5965 6801 6 7227 6374 6 6891 7389 4 7502 7135 8 7068 7302 6
8356 7399 13 8929 7523 7 5172 6718 5 6325 6952 3 5572 6413 4
5100 5250 4 6246 5530 7 8497 7543 9 5838 8391 7 6172 5121 5
4105 4224 2 6714 6260 5 7883 8294 10 7293 5777 4 6622 8528 10
6689 7168 4 7258 7062 10 6087 5764 5 7359 7392 6 4888 5643 5
6397 5440 5 6245 7623 4 5364 5370 9 8549 6989 11 7157 7189 8
6385 6392 2 5340 5445 6 8460 7446 4 6197 6069 4 7608 8929 13
6273 7739 7 8928 7543 10 6758 6048 8 6425 8081 11 4349 3620 2
8439 8761 7 5751 5323 2 7453 7794 3 5712 6255 2 6129 6029 2
6399 5729 4 7304 7341 6 6990 6950 4 7093 6991 13 6306 6560 11
5229 5753 5 5990 5303 2 5006 7954 11 8146 7222 4 8870 8035 5
7328 8414 8 7390 7352 10 5761 5894 6 6213 4869 4 6386 6026 6
7675 7967 7 6033 6614 10 4981 6055 2 7272 6856 10 5274 5112 2
5841 7015 7 5845 6978 0 6629 5460 3 5849 5510 5 8306 7767 8
6764 5561 4 6631 6227 3 8240 8300 9 5078 6722 6 6993 7421 8
6227 6098 3 6787 6442 8 6191 7104 4 9071 9120 9 6246 6617 3
5020 7602 9 6904 6170 2 6822 6915 12 5770 6363 4 8464 6573 14
6144 7829 2 6576 6920 7 7198 6752 5 7719 6913 6 5891 6131 4
6611 5541 5 7741 7330 4 5091 6396 4 7063 7147 8 7081 8432 10
6736 6654 6 7710 9153 9 5609 5607 1 7828 7468 9 6020 4704 7
6637 7585 6 6504 8451 2 7416 7849 3 6578 4923 2 7859 6932 8
7802 7928 5 6497 7432 8 5220 5052 4 8104 6718 4 7679 7576 8
7815 8022 7 5204 6099 6 7143 6001 9 7049 7712 7 4713 4460 4
7417 5254 5 7250 8990 3 7052 6736 4 4843 5924 12 4966 6067 4
6507 6641 4 8260 8314 9 5880 6598 7 5577 4573 6 6538 6465 5
6971 7510 2 5524 7501 1 7160 5606 4 7785 5632 3 6107 6993 4
5509 5403 3 7316 5824 4 6768 8150 4 6787 6740 4 7051 7510 5
9205 8523 5 6319 5720 3 7379 8641 8 6565 6638 7 5372 5640 8
8221 8074 6 6375 6692 5 8369 7644 8 6711 6742 3 5411 7641 5
6774 5850 5 5531 5552 3 5539 5968 7 6275 7363 9 7097 6395 9
5776 7596 4 7875 7950 8 6950 7290 2 7734 6933 5 8805 7783 7
6006 7372 6 7792 8370 9 6845 5372 5 5798 5059 3 6687 8096 11
6609 6457 6 7115 8281 4 6418 7372 8 7989 7933 10 7129 5741 4
7953 7786 7 7849 7453 5 5472 5489 6 6152 6255 11 6654 7320 3
7106 6677 6 5447 6278 5 8405 8942 9 7406 6608 6 7394 7430 5
7322 7213 6 8581 8953 7 6791 7683 8 5031 5925 2 6389 5162 3
6050 6451 5 7121 6830 4 5519 6923 6 6789 6725 10 7526 5967 9
7248 8850 9 5451 6139 3 6506 7296 7 9514 6279 9 6036 6272 4
6169 5514 6 5892 6878 3 8653 8276 6 6494 6676 9 5442 4795 3
6956 6762 9 6101 6144 5 4879 6438 3 7549 7085 5 8346 7074 9
7009 6422 4 7397 8510 6 4577 5696 4 8115 7186 7 6529 7398 5
8179 7207 9 5710 6553 6 4604 5158 3 5126 6769 10 8776 8242 12
6417 5525 5 8013 8947 10 6378 7388 7 6810 6950 5 5635 6146 6
7779 7484 7 8618 7507 6 6780 6613 6 3817 5938 4 8854 7764 5
6194 7248 9 7262 6757 4 6831 6471 3 5394 5054 3 7851 8456 10
7073 8333 8 7336 6900 9 5960 5847 4 7316 6222 7 8251 8937 10
8951 7441 7 5114 5215 3 6817 8324 5 5749 7463 3 6680 4650 6
6800 6830 5 5200 6344 8 7303 6903 2 7832 6698 10 6563 6454 7
6243 7306 4 6196 6926 5 8532 7935 10 5540 4956 4 7265 6816 5
7434 7311 4 4334 5968 2 6594 5129 2 7640 6437 2 5451 6147 3
7589 9111 7 6389 6071 5 8300 8338 7 6454 6397 4 8175 6438 7
5981 7319 6 7022 7431 1 7940 8136 7 5807 5212 4 6123 5164 5
5040 6151 1 8775 8240 7 7098 6665 8 8287 7517 3 6472 6445 5
7151 6928 7 5691 6997 4 6384 5477 3 7744 7303 8 7160 7910 11
6847 7059 2 8657 9029 8 7999 7964 13 9600 8049 11 4065 5961 1
9190 10616 10 6651 6563 6 9931 8177 8 5500 5355 8 5467 6180 3
7302 6664 6 9601 9248 14 5725 6861 4 7603 6700 4 6463 8159 6
8000 6004 7 6249 7238 4 6432 6832 8 6447 4243 4 8384 10647 10
7100 7150 8 8911 8176 9 6655 6362 7 6250 6258 4 5992 6513 4
5589 6472 4 6062 7242 4 7582 4697 5 7517 7631 5 5561 6255 5
7600 6075 6 5704 6881 4 5360 6555 5 5420 5854 6 6672 6819 6
7467 7050 10 5812 6395 4 6033 6463 4 7475 6815 5 6413 6050 7
7291 6700 8 5629 6812 6 6796 7465 7 7207 5985 6 5845 6014 8
5472 4842 0 6266 5284 4 8237 7969 11 5846 7379 6 5940 6370 6
6380 6727 10 6644 6080 8 6311 6937 6 6391 6671 8 5964 4928 9
7999 8095 7 5975 6365 3 7778 10054 14 6588 5636 7 6270 5022 4
9953 9060 9 7461 9033 4 6460 6586 6 8378 5730 5 5577 6744 5
6114 7184 3 6521 6200 5 7959 7751 7 6366 6532 3 5667 6710 4
6055 6544 5 7552 7137 9 5749 6512 2 8951 7699 5 6514 7087 7
7333 8877 7 6072 7070 6 7000 6093 2 7737 7398 7 6768 5664 6
7096 6528 4 5907 7741 6 5589 8011 7 5846 5868 6 6721 4393 6
7257 6424 3 6905 8540 10 6011 5831 5 6423 6060 6 5595 6055 6
7765 7710 15 7007 6983 6 5229 5940 4 7419 6550 11 6106 6443 4
6435 5606 7 5559 6636 8 6869 7579 10 5438 5574 7 8794 8753 12
6548 8163 7 7734 8329 7 8608 8015 15 6601 6403 6 6677 5736 2
8416 7093 9 7373 7899 5 7079 7536 1 7448 7486 6 6745 7608 8
6210 5552 4 6764 6412 9 5803 6412 6 7099 8327 8 7660 6826 9
6441 6070 5 5441 5805 3 8430 9189 12 5100 5244 5 7813 6667 8
6771 7357 6 5411 5224 7 6686 5866 6 6851 5867 5 6598 8514 8
7700 7062 5 6270 7638 4 6806 7958 7 5630 4573 3 8439 7537 8
5591 5934 5 7253 7172 8 6527 7060 10 5545 5483 6 5858 6267 9
5038 5615 4 6847 4806 3 6421 6596 7 7541 7518 9 5836 6852 7
8595 10174 6 8291 8372 1 5072 4920 4 5770 7396 4 7360 4688 9
5707 8039 6 7431 5842 4 6349 7642 6 7114 5912 5 7130 6371 3
7081 8075 9 7495 6744 6 6886 7178 7 7965 7358 10 6210 6794 8
7422 7725 8 5946 5846 2 6370 5370 3 5509 6241 1 6552 7159 7
7361 6884 7 5850 5709 2 8201 7550 9 5927 5955 2 7640 8040 6
7824 6791 8 6193 5513 3 5400 6284 3 6947 7056 6 6868 6907 9
8586 8867 13 7129 7565 13 5855 6130 7 7717 6474 8 5981 5748 7
6829 6106 3 6613 7073 8 6009 8180 12 7639 7141 2 6965 5957 5
9276 8495 11 6798 7761 10 5276 5911 7 5668 6135 5 6828 6313 9
6610 6445 6 5866 6216 3 6912 6114 2 5914 7881 7 6187 5606 11
6254 7979 4 5915 5247 8 7163 7361 9 8097 7493 6 8732 7437 4
6069 6991 5 7406 5673 7 8565 7342 7 7579 7603 9 5808 6845 2
7246 7716 9 6212 6039 1 6591 6737 5 7586 7553 9 7429 6339 8
5067 4619 2 4675 5964 2 9209 6484 8 6774 6969 1 6669 9150 14
5742 5826 2 5812 6108 8 6960 7287 4 6640 5698 4 6510 7401 7
9329 8918 9 7181 7617 8 8179 9196 8 5833 6127 10 5744 5024 5
6399 8387 4 6296 7095 6 6365 5520 4 6754 5212 4 6703 5934 4
6882 7337 4 7514 7356 6 7857 8939 13 6869 7964 4 7197 6698 5
5794 6490 4 6483 7666 6 6565 6798 5 7251 7556 6 7913 6551 4
7340 6857 6 6350 6619 7 5012 6656 8 8182 7306 8 7335 6762 3
6119 7421 6 7099 7885 5 7617 7552 10 7880 6920 5 6859 6121 3
5985 5770 4 6168 6558 3 8049 7308 4 6643 7085 7 6413 6280 2
7658 6421 5 6368 6673 1 7404 8659 8 6162 6388 5 7221 7051 11
6977 8664 2 6669 6644 5 8576 8521 8 7356 7054 3 6129 5300 5
6767 7229 5 7167 5976 5 7179 7216 8 6222 6434 7 5603 7721 7
6085 6500 3 7916 7553 3 8594 8436 2 6070 5979 2 6744 7776 4
6450 7425 2 7091 7853 5 8187 5683 3 5128 5515 8 5999 6348 6
8453 7912 8 5611 5840 0 7075 6866 4 7856 7819 8 6389 6228 8
8107 6968 6 8646 7212 5 7369 8034 6 7357 9123 6 6546 6170 3
6610 5116 5 7111 7335 5 5770 5415 7 6063 7545 8 7909 9005 13
6528 6652 3 7630 7297 2 6020 6003 3 6151 5703 3 7774 7420 9
6697 5634 4 9731 9261 14 5370 4141 5 4982 5845 4 5619 7273 6
7858 6600 10 6724 5700 9 5649 6785 5 5496 5865 3 5671 6576 9
5937 7652 7 7167 6079 5 7485 6551 7 6402 7392 8 6485 5636 8
6990 6309 6 7641 7918 9 7707 6908 8 5182 8135 8 6596 5793 5
6529 5404 3 7209 6592 10 7821 4962 7 3133 6055 3 6868 8842 10
7273 7216 4 9028 8828 9 7172 6693 7 7069 7624 11 5492 6663 6
8828 7072 6 6066 6863 5 5779 5613 5 7646 8782 8 6893 6762 6
4483 4785 3 7786 10363 8 5582 5651 3 6494 5052 7 7658 6438 9
6688 5586 5 7994 8497 4 7551 6753 8 5962 5799 4 6605 7552 5
7866 6423 7 8451 8789 6 5717 5891 4 5514 6936 3 6796 6949 7
5966 5983 5 6886 6531 3 6683 6641 9 6734 5953 2 7262 8104 14
6680 6406 3 6790 6517 10 7002 7685 8 7352 6748 8 9107 9200 7
7381 7833 5 8303 8053 10 7658 7158 3 7833 8558 4 7575 7657 5
6427 7138 3 7834 7996 7 7545 6516 6 7634 8431 8 7103 8030 6
5744 5875 3 5085 8745 5 9089 8339 9 6481 6340 5 8167 6421 8
6850 6289 6 7595 8069 5 6116 6089 3 6659 7301 8 6631 5101 6
6461 5991 4 6438 5771 8 7051 7132 2 5032 6650 4 9115 8440 8
5433 5073 4 7347 8041 5 6188 6385 4 7555 6745 6 4422 4501 3
5042 5588 1 6981 7096 2 8594 7449 9 7492 7503 7 5023 5854 4
7330 8344 5 7596 5785 6 4834 3811 2 6654 7518 8 6787 7437 7
7983 8063 11 7618 7205 8 7312 7123 10 5470 5849 1 7451 8168 9
5475 5839 2 8308 6797 11 6142 7434 5 5833 6491 4 7512 7714 6
8084 6805 4 6708 5456 4 7494 8520 5 5449 7611 5 6424 5875 4
6718 6605 9 6366 7227 11 6547 7324 9 6921 5089 6 7533 7544 15
7127 6209 7 5639 6044 3 7006 8829 8 5523 6557 5 8690 6710 4
6230 6783 5 8630 5718 8 5679 6958 6 6037 6434 4 6638 7318 5
7641 5120 2 6074 6977 4 4503 4830 3 5530 6484 5 7148 7812 7
8009 7203 4 5764 5356 3 5281 5861 4 7267 7992 8 7800 8659 7
7726 7568 7 6837 6818 7 6776 7435 4 7286 6829 6 6871 7382 6
6046 4501 7 7137 7376 6 5675 7119 3 5289 5440 9 7102 7763 7
8076 7062 5 5927 6228 5 5899 5860 5 5373 6657 6 7562 7863 9
5484 4404 5 4378 6026 1 9582 10940 16 8634 7116 5 7180 6296 4
7512 6359 8 4962 7051 8 8112 6733 11 5690 5827 5 6488 7795 6
7585 6951 3 7769 8683 8 7611 5945 5 6424 6133 4 6429 8104 5
6807 7913 5 8321 6048 13 3821 4199 3 6308 6161 9 7234 8638 7
7610 7358 13 7020 6507 5 6822 6735 6 4824 5106 2 5487 6536 11
5277 4519 2 5550 7436 6 6736 4883 4 7294 8089 9 7297 6761 10
6378 7785 7 7035 6683 4 4965 5493 4 7418 5901 5 6368 6243 4
6443 5776 6 7173 8126 8 5868 5460 2 6264 7095 10 5833 6448 7
8550 8075 8 5981 5974 1 5260 4969 5 5415 4746 6 7121 8144 9
4974 6244 10 5301 6545 10 8784 5924 9 4800 6272 7 5875 5202 5
8469 8775 10 4693 5099 5 5810 4448 2 7429 8252 10 5755 6834 5
7009 5924 5 5506 6546 4 6379 6464 4 5438 5246 4 7362 8705 9
8215 7144 6 6187 7408 5 5897 4631 3 7333 8552 6 5801 5763 10
8064 9007 11 7345 6942 5 6058 6076 2 5408 5827 3 7478 6772 5
6357 7255 10 5549 7126 13 6450 5695 2 8507 6333 7 6098 6359 9
7128 7021 3 7275 7230 6 7645 8224 10 4550 3762 2 7732 8375 11
5200 4898 1 7371 7265 3 6533 5901 4 7200 6727 4 6315 7119 5
7791 5932 4 5394 7945 3 6927 4410 3 5858 6137 1 7228 9019 12
8534 7308 7 5596 5817 3 5997 7026 10 7068 7290 8 6620 6530 9
7698 7198 6 7120 6867 2 6261 5112 4 5696 6806 4 6598 7801 6
5375 6269 6 8214 6346 4 6811 8450 7 7059 7634 4 5394 5014 3
8168 7577 6 6552 7455 5 5524 6440 6 6943 6482 5 6254 6076 6
6892 7629 10 6789 6843 4 7302 7864 11 6241 6404 6 6650 5429 7
8511 9453 7 6055 5829 7 7192 6026 6 6903 7524 3 6617 6163 7
7788 7350 11 6019 5817 3 7293 7353 3 5689 7146 4 7147 6384 9
7235 5688 4 6600 5595 3 6893 8603 6 6872 7669 6 7715 8096 10
7079 6513 5 8220 8380 8 6992 5523 4 5108 6224 4 6832 7166 7
8925 9323 10 7062 5853 4 6875 7527 4 5613 5862 4 5859 6449 7
6177 5955 4 10047 7679 9 5180 7408 7 7361 8022 5 5244 5498 4
5760 5729 6 6458 6876 4 4272 5201 3 7138 7510 7 8678 7243 8
6426 6381 2 4114 5687 5 7684 8613 4 7412 6376 14 7016 5535 5
7050 5986 3 6870 5718 4 7987 6288 7 5897 7313 2 5878 7682 7
8712 8675 4 7849 7282 3 6581 6909 7 6293 6652 5 7221 7026 5
6504 7094 6 7692 7026 8 7911 8534 8 5421 5797 1 7058 7077 6
9606 7058 5 8607 9802 10 6539 7856 5 5611 5948 5 5972 6896 7
6083 7530 10 6209 6620 6 7484 7232 8 7313 8375 7 7535 5699 9
6407 5485 6 6130 6360 9 6807 6264 3 5831 6196 6 5986 7272 8
5749 6715 2 6257 6481 4 6567 6225 6 6768 6159 4 7993 7799 6
7277 7396 3 6710 6577 4 6871 6557 3 8094 9167 9 7178 6588 6
5652 7119 13 5803 6263 3 6640 5940 3 6437 8233 8 6567 5024 6
6997 6756 5 6144 6334 6 5085 5788 5 6295 5509 8 6403 6918 2
8148 8328 8 6441 7000 3 5330 5809 2 6584 7745 10 6367 6412 8
5210 5606 5 8709 9432 9 7346 9366 7 5079 4986 2 8764 6204 4
5143 5083 5 5727 5073 3 5042 6953 2 8392 7149 7 5466 5869 6
6504 6851 8 7637 6825 7 7258 7620 6 6428 6369 6 6745 7045 12
7531 7028 8 6638 6224 8 6342 6824 7 6124 6312 8 6343 6046 7
8798 8610 11 4862 5171 5 6805 6267 8 6403 5564 8 5002 5268 5
6604 6044 8 6035 6758 6 4434 4791 1 7758 9678 14 7768 5925 6
5856 5278 4 5673 6817 4 6992 7111 4 7328 7650 7 6538 6753 5
5108 5124 1 8727 7901 10 5842 7226 6 7415 6477 5 6902 8315 4
6092 4348 4 7392 7207 4 5709 8084 4 5785 6602 5 8294 7294 7
6536 6196 3 6282 7241 4 5297 5960 1 6909 8259 5 8189 7145 6
8221 8439 6 7774 6874 9 5164 6022 5 7693 7629 8 7625 8239 8
5550 7219 7 5145 4299 4 7980 6747 9 8499 7830 10 6558 7011 5
7447 8464 11 6362 6155 6 8036 7561 7 7773 7696 11 4802 4353 4
6022 5730 5 6611 6363 3 3826 4713 5 6579 6476 10 7901 8111 13
6893 7767 3 7845 8982 5 6897 6806 3 6746 5763 6 6763 6366 3
5828 5787 3 7053 7351 6 7436 6341 10 5748 6224 5 6566 6809 8
5147 5395 9 6711 7458 5 9471 6269 9 5904 8483 7 4739 5322 6
7050 7828 6 8780 8522 7 4331 4274 1 4973 5839 3 10197 8614 6
4891 4772 1 5139 4463 5 4270 4043 4 8447 8074 9 7815 8458 8
6869 7020 10 6930 7963 8 7227 5895 7 7266 6838 2 6465 6833 6
6622 7483 7 6840 8727 6 6937 6138 10 7905 7879 2 7499 5882 7
6817 5953 4 7308 6803 8 7812 8939 9 7612 7523 7 5843 5511 8
7525 7089 9 5647 5418 1 4506 5969 4 7488 7635 8 5831 6251 6
6236 5912 1 8853 7945 6 5699 5935 3 5740 7035 8 7777 7819 9
4978 7312 7 5949 5342 3 7054 6881 6 5886 6977 4 6739 4813 3
7699 7573 3 5526 6033 4 5482 7883 3 9113 7773 4 6444 5894 4
7940 7678 7 7115 6553 5 5517 6054 3 6720 6113 6 5534 7146 5
7776 7039 6 5798 4460 3 3985 5341 4 7020 7236 8 7285 8427 10
5578 6144 5 6717 6144 2 7498 6761 3 7369 7519 8 7707 7601 6
6018 5272 3 4574 6645 5 9250 5976 12 6201 7746 9 5207 5749 5
7537 8229 4 6313 6794 5 5460 5687 5 9007 7196 11 5153 5616 6
6699 6759 7 5476 5377 3 5299 6644 5 5341 5951 3 6915 5288 7
6017 7034 13 7238 6161 6 5951 7274 6 5737 6004 6 6161 5465 6
7336 7163 9 6059 7484 5 9086 8005 8 3665 5140 1 6957 6250 8
6633 7244 8 5876 6400 3 5465 5627 2 6048 6482 7 7143 6403 10
7084 7536 4 7089 7189 6 6755 6838 4 5654 5050 8 7084 8185 6
5715 5889 2 6903 6263 7 8765 9202 11 6431 5766 4 7224 7619 5
8239 8303 7 8026 8136 6 7449 7920 5 6853 6624 2 5685 6757 6
6806 6848 6 6652 5288 7 5186 5644 5 4932 5901 3 7289 7611 7
4556 6329 1 4860 4617 1 6951 6192 3 9222 7437 9 4352 5762 3
5172 6408 4 3706 3065 5 8010 8610 12 6809 6406 5 7721 8210 6
6774 7311 3 5024 6268 5 7026 6046 3 7797 6700 4 5770 6360 5
6492 6070 5 6114 5444 4 5849 7459 3 6285 7473 8 6969 6440 5
6511 7729 3 7628 6436 7 8306 6925 3 5509 6131 6 5895 6693 3
6991 6970 7 6647 7351 1 8013 7722 5 4248 5091 1 8608 7384 12
7707 6570 5 7039 7759 10 5454 5570 2 7818 7209 6 5183 5606 6
5006 4765 1 6848 8544 4 7023 5557 3 5346 6007 5 7634 7124 9
6561 6353 6 5660 5679 1 6121 6323 4 7910 6879 2 7414 8926 9
6527 8315 4 6026 7232 2 7681 6431 4 6628 6564 8 7864 7085 5
8416 8266 6 5017 6648 9 6594 6154 4 7885 7898 14 7351 6997 7
7120 6134 2 6683 6749 2 8773 8164 5 7318 8529 9 6805 6963 9
7677 7892 5 7979 5779 5 6368 8741 7 8265 7534 8 5650 5737 9
4319 4191 0 5995 5581 4 7251 6344 6 6288 6614 5 5990 7514 8
6799 7735 9 6064 7083 8 7568 6827 13 5886 5905 9 6302 5631 9
7276 6654 7 5884 7668 12 8019 7815 8 5859 7567 4 7433 5370 8
7350 6919 3 5859 6489 4 7222 6392 6 6987 7459 11 6196 7238 9
7539 7310 4 7212 7929 4 7069 6753 5 6487 6779 5 7713 7363 8
7358 9620 8 7109 7172 5 9442 7992 10 5307 5725 3 6547 6564 5
9056 9368 10 7090 6416 8 8955 8751 13 7337 6876 7 3794 4223 2
7163 7201 7 7619 6626 5 6995 7567 7 5662 6327 5 6219 6778 5
6717 6995 6 6777 7265 10 6707 7528 7 6318 6486 4 6587 5533 5
8256 9378 6 8849 7376 6 6141 6092 6 7667 8390 7 5537 5409 4
6674 5706 3 6012 6173 4 7005 7422 3 6965 7085 6 6129 7207 4
5976 5611 3 6994 6539 3 7663 6928 8 5727 6835 3 6063 6390 5
6410 6283 4 7628 7362 8 6118 7307 7 7520 7076 7 5936 5679 3
6357 5465 5 6257 6754 5 7167 6615 5 6236 6664 7 7507 8410 13
6621 6926 4 7944 8057 9 7124 7863 5 6941 6331 5 5882 5799 2
7160 7803 8 6353 7760 6 8928 8037 5 7615 5314 5 5582 6546 3
4772 4615 1 7148 6820 9 5802 4716 2 6967 6978 2 7396 7688 6
7775 8592 6 7356 8285 7 6527 6947 5 6641 6411 5 6920 5193 7
8643 6969 8 7451 7410 2 6554 6846 4 4939 6288 3 7709 8271 5
7893 6699 4 6746 7415 6 6702 5227 6 4110 6132 0 7071 8190 5
6372 7217 4 6248 5216 0 9372 8660 12 7332 7353 3 7438 8802 6
8328 7081 13 7205 7521 8 6936 7294 10 5496 5358 3 6462 7751 10
5247 6601 5 8337 7459 9 6331 5224 6 6599 7864 7 8328 6850 9
7601 8207 7 7642 6548 8 8840 6281 6 5610 7581 6 6712 6898 11
7111 8215 9 7680 6202 6 5020 8670 6 6983 6657 6 8361 5917 8
5834 6869 5 6340 6896 3 8709 8212 3 6287 5285 4 8752 7981 9
6406 6271 5 7272 6919 6 5976 7108 7 6063 6731 2 7723 7082 12
7966 8156 9 6979 5480 3 8110 7108 8 5807 7021 7 5494 7279 8
7087 7829 9 7774 7754 8 6444 5860 9 5343 6355 5 7909 6877 7
6575 6292 9 6262 5750 4 8530 8406 6 7741 7317 6 5047 5848 6
6429 5405 6 5720 6378 6 6933 8223 11 5375 6407 4 10920 8535 15
6397 6880 4 6306 6665 7 7669 6990 5 6242 5692 6 7438 7885 9
6382 6080 8 7733 6445 7 7417 7948 9 6265 6229 12 5023 6581 3
6818 8209 5 6996 6937 5 7823 6961 5 5481 6301 7 7615 6466 2
7389 6614 8 7602 7165 3 5765 7238 9 6992 7540 7 7908 7861 6
7239 6498 8 6936 6918 9 5420 7479 4 6465 5591 5 7544 6930 9
5815 5624 0 6269 6830 6 6443 6758 5 6329 5868 8 7102 6542 5
7569 8213 8 6978 6665 11 7043 5911 5 5388 6550 3 5937 6444 3
8195 6970 8 7821 7976 6 6292 5952 5 4702 6202 6 7148 6947 8
7604 6123 4 7077 7499 4 7052 5949 4 6680 7400 5 6809 7754 9
5684 6614 3 5640 6235 5 6318 7115 6 5350 5134 0 7619 6689 13
6201 5547 2 6773 7681 8 8206 6926 6 8823 7856 8 4842 6258 4
7104 8830 9 6480 5888 6 6070 5769 1 7433 7343 5 6070 5055 3
6563 5449 6 7658 5969 5 4857 4378 2 7928 9305 9 5571 6952 2
6105 4976 6 7318 7396 5 4321 4379 4 6097 7900 7 9158 8192 12
6630 7216 5 5261 6539 3 6454 4120 3 7573 6534 7 7471 8064 6
6453 6688 4 7262 7774 4 5923 4771 3 6028 6525 6 8143 7341 5
8034 7763 7 6256 5507 5 5497 7484 4 8568 7571 6 7620 7073 7
7166 8478 8 7379 8771 13 6273 4529 6 7913 7258 5 6035 6460 6
6123 7457 7 8486 6886 7 5567 4889 2 5636 6596 7 6927 6636 9
7122 7844 4 5898 5337 3 6328 4897 3 7063 8208 12 5313 6341 4
8096 7804 7 5497 6409 5 9286 8097 6 5596 6313 2 7153 6977 1
7842 7657 15 5636 6093 5 6149 6726 6 6118 5373 6 6044 7134 6
6152 5493 3 7365 6808 4 7498 7575 5 8023 6502 12 6590 8634 6
6169 5982 3 5738 6278 9 5909 5358 5 6503 7571 5 6352 5303 6
6531 7691 9 7735 7375 3 9150 8748 14 5547 5621 0 7002 7333 5
6103 6005 9 7568 5520 6 6314 7948 8 5238 6626 2 7661 7364 5
7644 8167 7 5269 5519 3 6835 6277 7 7445 7983 10 6709 5959 5
5540 7145 8 6558 5313 5 7160 7828 8 6558 6329 5 4960 5434 10
6822 6524 8 5375 5568 8 7689 8276 10 5941 5898 5 7211 6960 13
7663 8646 4 7959 8120 3 6637 7275 5 7314 6970 4 7368 6997 6
8093 7646 6 9611 7990 10 6682 8748 6 5148 5732 3 6716 6441 5
7577 7437 2 5237 5852 2 6518 8028 6 4811 5275 3 7087 6165 6
7098 7203 4 6678 6714 3 7276 8057 7 7655 7523 2 7730 7964 4
6491 8597 4 7182 5510 7 7696 7234 7 7180 6932 6 6472 6428 7
6063 4275 4 9436 8103 11 7687 7390 5 5988 7743 7 6877 6669 8
6374 5474 5 6115 5957 5 5923 6926 7 5858 6916 6 6413 5757 3
5153 5047 7 6792 6381 7 6203 6733 7 5681 5279 2 7678 8628 18
6343 5213 3 6361 7277 11 7345 8101 14 6851 6696 5 6179 5957 3
6676 6388 6 7637 8165 3 6730 5171 4 5650 6576 4 6775 6927 1
8628 7579 8 8696 6930 1 5204 7189 4 6831 7338 5 5678 7064 9
6338 6090 2 5454 4722 4 4379 5455 2 7225 6979 9 6154 7343 12
5801 5784 2 8962 8106 5 4433 4213 2 7889 8014 7 7421 8351 9
6021 6815 6 6600 7393 14 6178 6458 10 8067 6981 11 4740 5316 5
6836 8563 5 6263 6951 6 9914 6807 4 8366 6694 10 5396 7411 5
8044 7385 7 6674 6874 2 6441 7643 6 6862 5084 3 6228 5855 10
7256 7737 5 6842 6092 2 7392 8046 8 5803 6219 3 7748 7554 7
8529 7045 8 8643 7530 3 6564 6915 5 7570 8409 9 5768 6790 2
5431 5605 4 7175 5739 4 7705 8253 7 7756 8319 9 6996 7551 8
7586 8290 5 8685 9962 6 7722 5511 6 6145 6430 2 6402 7730 6
6760 5401 6 6207 7013 7 6998 7169 4 6224 6739 6 7067 8221 7
8425 7293 6 6675 6251 3 7254 7153 5 6081 5560 6 6281 8771 6
7400 7207 14 7126 6347 3 5296 7978 8 6094 5274 5 7257 6264 9
6216 6254 6 7454 5803 7 4341 4582 3 8075 9344 9 6437 6368 5
6615 6820 7 5987 6015 6 6981 8069 4 8001 7216 9 5531 4343 5
8649 7032 6 7046 6015 6 6389 7786 11 6764 7766 7 7369 7368 5
7302 5201 8 5262 6379 7 9441 8328 13 6536 7667 7 6347 7044 8
9080 10177 12 8641 7276 5 8152 8144 5 8872 8433 7 5267 5822 4
7586 8613 3 8332 5996 7 5718 6503 6 5532 6127 3 6683 6715 10
8260 7067 7 6481 6324 2 5968 5937 2 6158 5442 0 4333 6231 4
6525 7815 7 3796 4540 3 6761 6908 8 7689 5034 7 5880 7013 5
6857 6597 5 7097 7691 11 7413 8865 7 6598 4703 6 4643 5227 7
8984 8921 13 6166 9087 10 6003 4781 8 6117 6284 4 6489 6416 5
8727 9466 8 8646 6959 4 8642 9694 6 6370 5758 5 6704 8017 10
8558 9182 11 6534 5368 0 6409 6321 6 5933 7124 2 7042 6638 11
6974 7486 9 5368 5133 2 5399 5489 5 8443 8724 7 6468 6282 8
5341 5148 2 5506 4792 1 7310 6197 5 5286 5589 6 5767 7351 12
6236 6079 5 5337 4925 3 4906 5046 5 5127 6094 4 6454 6473 7
5307 6757 4 8149 7488 2 7171 5976 4 6436 8024 6 7691 6831 6
7674 7646 11 6663 6902 7 6571 6172 4 6087 6519 4 6542 6674 8
7244 7718 5 9038 9215 11 7289 7628 8 7465 7331 7 4545 3874 5
6735 7323 4 7251 7287 7 6363 6458 5 5646 7047 6 8207 6752 6
5910 5187 5 7022 6754 10 4415 5239 5 5563 7725 11 6993 4755 8
7153 6558 6 4973 6272 6 5024 5529 4 7739 7785 9 7000 6402 9
7557 6606 5 6772 6622 3 6111 6967 4 5025 5704 2 8257 8251 12
6880 5861 9 7109 7701 7 6556 5964 3 7737 8355 5 4812 5502 7
8457 7916 7 6942 6058 12 7359 7635 8 6070 6000 3 6016 6856 8
7633 7427 5 6837 7228 6 5624 5329 4 5637 6306 4 7707 6480 9
7607 6638 4 6080 5889 1 4886 7154 8 6693 6966 2 6568 5451 1
6553 6598 8 7089 7246 4 5139 6180 2 6561 8086 9 7539 5624 10
8927 8936 7 7532 7465 5 7369 6828 2 7142 6429 2 5664 7301 5
7429 7213 3 7057 8247 10 7975 5699 8 5370 7050 5 6627 6969 9
7298 8284 8 6841 7083 7 6712 7552 7 7127 4777 4 6490 7496 12
5080 5525 0 7467 7911 3 6166 5078 5 6381 6043 2 8464 10006 13
7190 6911 9 6350 7065 9 5983 5891 4 5430 5569 3 7068 6509 6
7961 7646 6 6068 5875 7 6513 7190 5 5177 5405 6 5627 6460 10
5548 5739 2 7935 7837 7 6127 7127 8 6049 6009 5 7556 7026 5
6339 5724 5 7545 7027 5 5167 5586 4 6273 6264 4 6412 7067 8
6085 6492 6 6734 7474 3 7833 6702 3 8295 7762 7 6217 6835 8
9131 7283 9 6923 6633 4 4659 5054 3 8543 7182 7 7400 8889 9
7261 7685 10 6626 5498 4 4981 5928 3 7834 7125 6 7344 8445 5
3840 5031 1 4811 5307 5 9010 8303 11 5800 5789 4 8091 7740 13
6480 6632 7 6839 6026 3 7160 6916 4 7793 7496 8 5191 6361 3
8301 7913 11 5383 6676 4 7462 8833 10 7616 5688 7 6583 6689 10
7391 6126 7 4812 6210 2 6203 5304 7 7070 6783 5 7433 9340 8
5347 6523 2 7618 6576 5 5365 6554 1 6855 5969 2 5929 6825 5
7543 8583 8 8941 8024 9 8335 7654 5 6713 6887 7 5587 5880 3
6323 7423 5 8132 8413 5 5996 6368 4 7854 6508 5 7412 6392 11
6452 7980 10 8304 8127 11 6793 6529 11 6912 4890 3 7428 7476 9
5347 5461 6 7758 6701 6 6664 5898 4 7976 8531 7 5611 6061 7
7821 6947 5 6880 7164 3 5793 5961 3 6283 8177 5 8041 5002 5
7661 6328 9 6494 7838 7 8482 7644 6 5887 6036 6 4889 5912 4
7496 8982 11 11147 8699 13 7976 7353 3 5253 6492 4 7599 6878 10
6819 6198 4 6084 5380 0 6138 5590 3 6687 7043 5 6240 8153 9
6185 7474 3 8753 8622 6 7937 7469 5 7021 5846 4 7513 7826 9
6460 7778 8 6783 6310 17 6923 8117 7 7381 7486 9 6661 6124 4
6750 7001 3 6317 9313 4 7041 6806 5 8658 6528 6 8299 7873 8
6335 5962 5 5993 6776 3 7592 6284 4 5605 5045 7 5975 7848 5
6698 6613 7 8682 7374 10 4735 5267 6 6944 7319 1 6495 7192 14
5500 6285 7 7153 6870 5 6144 5267 6 6076 8201 5 6513 5132 6
6489 6560 9 6983 6654 2 7676 5821 2 8770 9852 9 7118 6976 7
5364 5818 9 5645 5298 5 7392 6557 9 6803 6573 5 7232 7885 5
7429 7915 5 7084 5799 5 5600 5389 3 5535 6433 3 7386 7271 7
7857 7322 4 6228 6057 2 8425 8192 5 6417 6866 6 5803 7232 6
6733 9028 3 6180 7238 5 6207 6356 4 8501 7967 5 7722 5015 5
7583 8185 7 5764 5775 3 7054 7302 6 7180 6776 9 4665 4669 2
7382 9214 13 6671 5631 7 7144 7808 11 5357 4909 2 7312 6938 6
6299 5951 7 5390 5900 4 7132 7682 2 7266 6501 3 8466 8401 11
9080 8452 6 8467 7189 5 5049 5911 3 7212 7396 7 6938 7173 4
4410 4932 4 7301 6898 8 5815 5492 4 6872 7536 9 5797 6868 9
4358 4401 4 6567 7797 7 5857 5636 2 7149 5273 6 6506 7623 5
5479 6527 7 6956 8028 3 6413 5675 6 6846 5162 7 7222 7646 9
6293 6638 3 6983 6366 8 5992 5285 5 7757 7926 11 6529 7830 6
7885 9740 8 7741 8540 9 8200 7070 10 6696 5710 5 4761 4851 5
5456 6588 2 6000 6788 5 6779 5435 7 5683 6660 4 7520 5901 12
6327 6779 8 6589 6835 1 8782 7138 8 5775 7292 4 5939 5886 7
6522 7461 3 6505 7099 2 6780 7357 2 7401 7817 13 6700 4503 8
5902 6701 4 6502 5906 3 8788 7839 6 7338 6381 5 5617 8294 7
5340 5366 4 9574 7289 7 6906 6187 5 5892 8118 3 6428 7905 6
7158 6505 9 7310 6401 7 5901 8171 4 4964 6014 5 7811 6231 11
6227 5166 3 5808 6696 8 7413 7304 8 5290 4919 3 7068 7767 8
6360 7550 4 6640 5133 4 6449 5159 3 6091 7357 6 7123 6589 6
7479 7658 6 7051 6193 9 5149 5416 2 8062 8031 8 6231 5468 7
7373 6387 6 7646 8848 8 8901 9764 7 6129 4330 5 5937 6250 6
4756 7710 4 6423 6979 3 7174 5205 6 6339 6237 2 7632 7431 7
5794 4788 5 5267 5224 4 5133 4889 8 7222 8923 11 5377 5861 4
6710 6656 2 5785 7507 3 6528 5866 3 5238 5343 0 6947 6423 8
7833 7976 2 4598 5526 3 5373 6652 5 8227 6173 6 6961 6571 5
5958 6587 4 7290 7071 9 6665 4699 4 6513 7715 10 7494 7675 7
7913 7853 10 6736 7312 3 6398 5370 4 5700 6399 7 7108 7563 6
7389 7472 7 7008 7094 7 6244 6888 6 5938 5495 3 5279 5340 7
7900 9006 8 7382 7239 3 7945 7243 5 7823 7134 4 5572 6014 6
6418 8496 4 7267 6773 12 5756 4657 6 7185 7281 3 7203 7044 8
7842 7838 7 6836 5874 4 4631 5293 0 6580 6209 8 7144 7893 10
6910 6874 7 6070 5709 5 5634 7314 5 6966 5533 8 5741 6562 8
7731 7405 7 7701 7013 8 5632 5481 7 5008 5193 4 7334 8333 10
7642 7069 6 6619 6590 2 7275 6788 9 6968 7567 4 6749 7073 5
8321 5783 3 6082 6199 3 5951 7412 4 5911 7313 4 7352 7457 7
8244 8416 12 7918 8378 12 7677 7882 7 5877 5330 2 6522 6465 6
7126 6621 2 8521 7417 9 6249 7319 7 5302 5831 2 6110 7134 4
5423 6782 4 6120 4908 3 7197 6635 5 7088 7404 7 6185 6556 10
7276 6765 6 5821 5247 3 8575 8563 6 7301 7064 5 5745 6445 2
8408 7052 8 6926 6675 9 6464 6791 8 6489 7765 8 5952 6334 6
4233 5881 3 7491 7449 6 6115 5873 3 6610 5061 9 6075 6370 2
7226 7734 3 5591 6823 6 7914 7191 7 9733 8660 12 5816 6409 6
7351 8322 10 6438 6593 3 6828 6749 6 7049 5890 4 7487 8072 5
5924 7164 3 8781 6651 7 7275 7986 5 5442 6224 1 6254 5788 7
8725 8951 8 8934 6530 2 6198 7867 5 7501 6344 8 4841 5861 5
5768 5534 1 6702 6272 4 5520 5263 3 5448 4994 4 6765 7967 9
7907 7076 5 6250 6411 5 6391 6342 5 7835 7859 9 6774 7052 9
5874 6186 2 8287 6446 4 6151 7457 2 6875 6040 8 5570 6445 7
5828 8129 4 6803 7228 7 7268 5797 3 5332 6082 5 8117 6523 6
8025 7723 5 8883 7727 7 5754 6815 4 6984 7306 5 7430 6306 6
7302 8394 11 6564 6502 6 7047 5931 5 5936 6745 4 9060 8814 8
6902 5927 7 6375 5644 7 5929 7513 9 3839 5636 3 7396 5984 9
6906 6826 6 4678 6501 5 6234 5395 5 6568 7175 5 6899 6021 7
4983 5814 7 6035 6312 5 6413 5015 8 4018 5315 2 8656 8307 11
7794 7041 6 6398 5475 5 5716 6160 2 7849 7906 12 6964 7620 9
7698 7285 10 6687 7153 4 6488 7070 5 7347 8493 8 7956 6686 13
9487 8166 12 6361 5521 8 5915 6006 4 7228 8667 10 4607 4848 5
7998 5221 2 6920 8913 5 8133 8960 7 8404 7766 5 7424 8015 10
7039 6181 1 6161 5906 1 5712 5553 7 7316 8181 5 6155 7440 3
6131 6925 5 6650 5323 4 4296 4557 1 7271 5942 4 7300 9032 4
6162 7153 5 6402 6380 8 5747 7860 9 5473 4668 7 8310 6742 8
8408 8471 6 6387 7565 5 6497 7278 3 6954 6321 6 6313 6139 4
7231 7280 5 6830 7667 8 6653 5483 5 6607 6506 5 5946 6880 4
5619 5777 1 8799 8054 8 6638 6498 5 7642 7155 7 5960 7954 8
7020 7280 8 4805 5125 4 6496 6093 7 4827 4297 1 8021 8281 12
8087 5832 8 6022 6013 12 7133 7632 6 5592 5415 1 5713 7317 8
5605 4980 4 7954 7847 6 6436 7732 8 7012 7411 5 7029 7221 4
8194 6757 8 6536 7434 5 7865 7947 9 4876 6227 5 6292 6179 2
7215 6891 5 5825 5688 1 8558 8086 4 5615 7182 7 9049 8030 5
7019 8389 8 7447 5581 3 5799 6096 9 7430 8182 1 5928 6211 6
6779 8584 11 5445 4905 7 5718 4843 4 6017 6281 7 8102 6849 13
5496 6337 2 6525 6549 5 9939 8333 10 5490 6553 3 6635 7161 6
8357 7023 4 7023 6809 3 6528 7949 6 6698 6033 6 7130 8492 10
6041 8017 8 6465 5914 7 5769 5557 5 7589 6318 3 6048 6216 9
5194 7152 8 7383 6442 4 4252 5022 7 5427 5686 5 7802 6207 3
6612 5630 3 7176 6782 3 6704 7193 6 6027 7698 5 9175 7868 10
5392 5491 6 7162 6173 2 7106 7062 3 6305 6206 5 7499 8455 5
8115 6222 8 7402 7850 6 7906 6235 7 5198 6481 6 7131 9603 4
7246 8416 2 7546 5961 5 7662 6573 5 9062 9404 8 4150 5905 5
8035 6425 10 7538 8341 5 6605 6724 10 4293 4890 2 7104 7056 9
6435 8215 5 9397 8579 7 6727 6629 3 6485 6006 6 7381 6803 12
8324 6071 6 8055 6998 6 7941 9002 9 6039 6725 8 6102 7506 9
4367 4723 5 7194 7076 8 5493 5813 4 7941 7992 11 6277 6428 8
8318 9278 12 6325 7746 10 6214 7080 8 5823 5216 4 7876 6662 10
7177 7241 6 7542 7319 8 7251 5712 6 7273 6807 5 5468 7760 6
5843 4825 4 6239 5635 3 5452 6189 5 6934 7782 6 6601 6368 9
5567 5599 6 6873 7288 10 8870 8735 9 6145 6191 7 8027 7379 9
6380 6426 1 8429 6973 5 6921 8409 6 4237 5336 3 6749 5679 7
8585 8273 7 6033 6793 3 5208 5853 4 6821 5263 4 4433 7142 4
4581 5717 1 6457 6017 6 9671 7682 4 5626 7276 2 6100 5732 7
4959 5293 6 9322 8318 11 5228 5623 4 6080 5525 12 7084 6537 7
7666 6780 7 5940 6202 3 6302 7539 7 6927 6317 6 6083 6201 6
7412 7971 3 8980 9634 9 6961 7448 4 6959 5038 4 6359 6647 9
8658 7220 9 7512 6801 11 6671 9092 7 6169 6660 8 5722 5928 6
6495 6636 7 5857 6095 2 9137 10196 12 8098 7973 14 6161 5940 4
7242 7411 4 6620 6665 5 6366 6489 3 7888 7856 7 5356 5030 2
8867 8665 15 7520 8913 8 9207 8906 8 6402 5680 8 5539 5520 4
6120 4304 1 7251 7034 8 5676 5596 6 9084 9349 6 5808 7507 3
8852 6808 11 6213 6349 9 6423 7771 5 5328 6294 11 7183 7651 8
5262 7154 11 6016 6840 1 6049 6749 3 9800 7916 12 5745 4999 2
6616 6375 8 8743 9272 8 7255 6818 8 7659 7610 7 6008 6920 5
6250 5539 4 5596 5644 6 6533 7873 8 7116 6574 5 6363 5933 5
6953 6438 9 6913 8063 6 6712 5699 10 6105 6148 7 6363 6443 9
6457 5947 3 6848 5499 2 5687 6302 2 4986 5966 1 6065 6707 3
8050 7846 6 8297 6900 6 7207 6473 7 5884 7491 4 7015 6966 7
7729 5846 9 6511 7333 7 8002 8236 11 6221 6589 3 4484 5303 5
6293 6760 6 6922 6285 6 5500 5846 6 6643 6087 8 7609 8123 8
7785 9800 11 9185 7499 10 5798 6835 6 7043 5755 4 6033 6601 5
6368 5674 3 6220 4997 1 5539 4696 2 6546 7621 4 8170 9431 8
7241 5989 6 6193 6966 5 7144 8137 4 6488 6754 2 5729 5920 6
5943 7103 2 6680 6845 8 8638 8435 8 6927 5674 9 6655 6247 8
5349 5777 4 6722 7054 6 4945 5274 5 5068 5906 6 9496 8469 11
4580 6735 2 6378 6417 8 7365 6124 5 6398 6917 0 6824 5170 6
6638 7096 6 8243 7988 16 6240 5415 6 6767 6992 2 5872 6578 6
7052 5985 7 6633 5804 11 6510 6398 8 5225 6949 7 7373 7695 10
7607 6071 3 7546 7550 3 7282 7570 5 7999 8697 3 6059 6412 5
8335 6980 11 6675 7593 3 6846 6657 3 5980 6654 7 6667 6817 5
6154 6080 4 6330 6380 7 7140 9334 9 8529 7686 7 9100 7540 9
7859 6794 4 8293 7424 2 7061 6727 9 7060 7302 10 5922 6464 5
7822 7908 4 5832 6281 1 6947 6360 5 6531 6356 7 6667 7184 4
6835 6073 3 6134 7763 4 5355 4020 1 7315 8781 7 6736 6498 8
5086 4640 2 6450 5994 5 6449 6491 7 6616 7667 7 8199 8475 6
5839 6437 6 4683 6004 1 7774 6580 8 6733 6865 8 8130 7966 7
6002 5741 5 5267 5274 3 6329 5932 4 6768 6783 12 7084 8497 8
7135 9785 9 5432 5510 1 7442 6614 9 6472 6506 8 7175 5992 6
6844 6908 3 5714 5546 2 8418 8179 10 5420 4914 1 5995 7086 7
6990 6045 6 5307 5973 5 6286 6474 9 6156 6502 7 5254 5723 5
8961 6895 4 6302 7715 2 6833 6126 4 6783 7119 0 6561 7298 6
7281 7656 4 8441 8213 8 7042 6509 6 5761 6188 5 6839 6042 5
6988 7109 5 8122 7395 5 6837 7712 5 6133 6813 5 6829 6713 5
4499 6781 4 7397 6362 6 6998 5562 5 7632 7054 5 8456 7796 12
7224 8971 16 6414 5780 4 6404 5738 6 8300 8350 8 5415 5699 2
5982 7014 3 8181 6709 3 7074 6738 3 5543 5723 3 6384 6298 6
7162 6626 9 6738 5199 4 7315 8441 6 5150 5995 4 7699 7589 10
7032 6800 7 6975 7028 6 6051 7180 6 7584 7290 5 5372 4794 8
6749 8085 4 6258 6425 5 8365 7539 8 7543 7418 6 6734 6960 4
5904 7563 3 6538 5702 5 6862 6808 6 7007 8222 7 5950 4171 4
6858 7544 4 5485 6596 2 7309 7315 4 6739 6466 5 7921 7738 4
7356 7621 5 7351 8451 6 5627 6472 4 6407 6857 4 9733 7409 8
5924 7548 6 5972 5547 4 6701 6175 8 5697 6323 5 7866 6992 7
7855 7517 6 6553 6984 5 5299 6391 1 5966 7271 8 6523 5436 6
5630 6317 3 6627 6133 9 7347 6325 8 6363 7251 10 6077 6352 7
5848 5646 3 5476 6225 1 5685 6558 4 7306 7606 4 7770 6765 10
7832 6577 2 7014 8532 6 7278 6695 4 6614 7020 3 6255 5979 3
5247 5958 3 7617 5809 7 7208 9001 13 7603 8008 8 6669 6711 5
7448 6178 6 6640 7700 8 5755 6591 8 7834 7480 8 5505 5103 8
5114 5086 3 5370 6179 6 5907 7038 3 7553 6146 7 6632 7346 10
7068 5834 3 5776 5457 4 5225 6716 7 7076 6219 11 7168 7220 9
8027 7753 9 8044 7838 9 4967 7009 3 6950 6874 5 6655 5486 5
6199 6581 5 7937 7404 5 6539 5834 4 6067 6924 7 6227 7034 7
8555 9082 9 8169 8916 8 8231 6686 7 5138 5664 5 6883 6138 9
9922 7106 12 6214 6180 5 6421 6412 5 5383 5693 8 6196 7911 6
5585 5433 4 6598 4671 1 5938 8093 7 7209 6071 5 5805 7221 6
7156 7164 6 6124 6563 7 6364 5806 6 6904 6016 4 5623 6689 7
7192 6141 1 6230 6393 4 7376 8129 6 7714 7985 8 4989 6324 10
6216 6866 5 6468 6471 3 6747 7291 4 6860 6152 4 7239 7989 4
5146 4519 3 7928 7703 6 7350 8366 7 7422 7139 5 7589 7291 10
9608 8645 11 5983 6816 11 6395 6331 6 5961 6208 4 5850 6666 9
6086 6515 4 6768 6833 5 6074 6861 6 7265 7595 1 6838 5453 5
6329 5906 8 4697 5171 3 6321 7495 11 6131 6145 8 7190 5407 12
6361 6575 9 7670 6802 9 7910 5933 7 6372 7753 5 5887 7064 3
6050 7029 7 5685 5414 4 6743 7723 6 7477 6641 9 6838 5477 6
8771 7353 8 6044 5490 3 6064 7343 8 6034 5716 4 6833 7678 6
5229 5807 4 5306 6097 5 3845 4492 3 6567 5605 3 8341 7635 9
6566 7685 4 6794 6518 8 5353 6599 4 5956 6743 2 7850 6224 7
6040 6770 6 7179 7141 8 8997 8680 11 4438 4411 5 7505 7980 8
7271 7163 3 7442 8071 2 5559 5012 0 5912 6372 3 7918 8513 11
6743 6061 5 4716 5993 0 5455 6498 5 6190 7464 9 7380 6795 3
7952 7665 11 6194 5493 8 6114 7029 7 6712 6817 9 5338 5547 8
6898 6760 5 7197 7214 5 5464 5796 8 6520 6059 2 8162 7485 11
6564 6194 7 6265 6297 1 7284 7600 10 5551 6695 6 8180 7632 10
6193 6589 7 5223 5042 6 6398 4823 3 7056 7578 9 6679 7342 9
6478 6265 1 6284 7240 11 5596 6190 5 6884 6609 2 6927 6724 6
5504 6811 5 7799 7289 6 7066 6443 5 6643 6173 2 7089 7622 9
8953 8469 7 8972 9137 4 8345 7610 6 5671 6020 2 6379 7380 4
5559 6346 5 5578 4650 3 5271 5755 6 6197 6671 4 8133 7483 12
7464 7788 3 5918 4907 5 7651 6331 7 6365 7940 9 5691 6817 9
5753 5138 2 6120 7774 6 8079 7857 4 6835 6321 5 5367 4785 4
7478 8139 9 6942 7437 3 5365 5088 3 6790 6732 4 7327 6851 8
5952 6393 1 6105 5290 2 5698 7083 4 8304 8426 7 6886 6203 4
8697 10085 5 6110 7189 5 9003 7874 8 5663 5894 1 6872 6210 5
6918 8035 7 5723 6669 1 6734 7554 7 6150 5942 5 7518 5901 2
11076 9507 9 7603 6932 12 6332 6804 4 7492 7883 4 5660 6522 5
5824 6947 5 5384 5662 3 5426 6501 2 7491 7405 8 8278 6595 10
8023 9162 9 8040 6858 10 8215 8764 14 6413 5557 7 4781 5172 3
6441 6131 7 5773 5695 11 8828 6973 9 6850 7593 6 5234 5519 3
5715 5879 7 6817 8188 4 7234 7457 8 7873 6697 8 6527 6823 5
8167 6106 5 6504 5504 6 7907 9289 9 6718 7528 10 6020 6491 9
7808 7763 10 5078 5897 1 7145 7042 5 6033 5714 4 6739 7970 10
8322 7338 10 7186 7418 1 8512 9376 8 7425 7699 5 6485 7056 4
5214 5960 3 8141 6163 5 6887 7090 7 7681 8267 6 8224 8611 7
5143 7073 7 6494 7275 5 7967 7474 7 5634 5601 5 7746 5780 5
6347 6069 6 5723 6186 4 8765 9137 10 6273 5428 3 6893 6566 9
7252 5462 6 8120 7669 9 7091 7382 6 6174 7173 5 6182 6442 8
6815 6414 2 8821 6306 7 5058 6246 3 7688 7386 10 5673 6679 7
5471 6441 2 6576 5857 4 7407 6055 5 6318 6939 4 5755 5764 6
5712 6249 2 6988 8033 6 7596 7753 9 7584 6806 5 6606 6250 9
5027 5001 3 6200 5156 1 7053 7604 5 7574 8520 4 6021 7162 6
8062 8249 7 6922 5975 3 6988 7830 7 5944 5276 6 6077 7174 5
6815 5444 6 8174 8592 10 5062 5787 1 6382 6769 4 7913 7522 4
8489 9132 16 6848 6384 5 5904 5687 3 7721 7090 8 6813 7602 5
4785 5766 2 7914 6150 7 6186 5563 4 6473 7676 8 6164 6507 11
8956 7233 9 5652 6471 6 7647 7222 12 5704 6806 5 5630 5771 6
6487 5962 6 6587 6719 4 6478 7412 7 8473 7506 6 6149 6992 5
8762 9082 10 6031 6290 3 6598 5684 3 6661 6384 7 7270 7873 5
6829 6659 7 6576 6475 10 7566 8828 11 5416 5557 3 8159 7429 12
4753 5780 3 6029 6886 4 5831 4444 2 7299 6696 8 7420 8965 6
8438 7744 5 6854 6537 5 5711 7040 4 7748 7950 5 6700 6497 12
7044 8030 9 6564 7211 5 7133 6468 5 7350 5619 3 5348 5031 7
6067 6321 5 6684 6504 8 5986 6132 5 7069 6763 6 5746 5698 11
5712 6370 0 8035 6977 11 6434 6833 7 5033 7060 3 8064 8173 13
6525 6303 5 6333 6486 5 6841 4679 4 5884 6075 6 5796 7793 6
7270 7884 8 6309 6264 2 8331 8549 14 8763 7191 5 6841 7258 9
6876 7488 6 6669 7638 9 7108 5810 3 7724 8188 4 6799 6067 4
6611 7206 4 7744 9272 11 5980 5708 5 5760 5409 5 7761 7519 7
8604 7923 10 5411 5524 4 7103 7279 5 7193 7538 6 5278 5476 9
7187 5284 4 5762 6061 2 6283 7009 9 7378 7792 7 6356 6320 7
8159 6809 4 7259 7149 5 5684 7745 6 7138 8189 6 7045 6195 6
6441 7162 4 5555 6668 5 7095 7102 7 5082 4457 4 8078 6882 6
7301 6733 3 6694 7611 7 7289 6821 9 6532 5421 4 6261 7087 8
6273 7332 8 8383 8404 14 6426 7977 5 5969 3875 2 6875 6352 8
6745 7070 4 5843 6368 3 8061 8275 8 5574 5926 2 8131 6572 8
9111 8776 11 9149 9115 12 6824 8112 5 5961 5978 2 7322 7193 5
6895 6822 6 8598 7941 8 7799 8336 4 5902 5638 4 6481 7127 9
6062 6298 2 8164 7184 7 7551 7984 5 4745 6158 3 6921 6650 8
7286 7884 7 7416 8383 8 5910 5536 5 7558 7303 12 5119 4424 4
5628 5410 5 5722 5587 4 7536 6306 6 6330 6700 9 5502 6166 8
7613 6431 3 6324 5226 4 4409 5358 0 5536 7125 6 7301 7223 8
7836 8392 13 5195 5161 2 5508 5733 4 6794 5766 6 5509 7094 8
7621 6721 6 5342 6336 7 6828 6463 5 5343 6602 3 7881 7965 7
10035 6845 4 6494 8287 4 6230 7060 4 6387 6753 8 5322 5607 2
6142 4488 6 5795 6819 3 8346 7753 8 7175 7879 9 6046 7138 8
7798 5772 2 6459 8286 7 8458 6651 6 6107 7315 1 6015 6208 4
6069 6806 8 8637 6874 4 5659 8422 4 6809 6719 7 6505 5761 9
5981 5828 8 7072 5775 8 6565 7435 5 5231 4633 5 6304 6621 12
7476 6417 8 6121 6456 8 5396 7446 4 5384 6740 4 8089 5988 1
7462 6875 11 7997 6198 8 6023 7406 5 7371 7227 9 5768 5891 3
6721 6161 8 6129 6193 8 5633 7618 9 8745 6461 9 6595 7868 11
7326 7624 10 9239 6954 8 6745 8276 6 4609 5267 5 5961 5595 9
5707 4382 3 6780 6841 4 5098 5653 4 6380 6805 5 7642 8244 10
5991 6556 5 7778 7513 7 5129 5774 3 5940 6253 6 7962 7589 10
5568 4845 2 6361 6668 4 6861 8451 6 8304 8406 4 7667 7085 6
8627 8024 11 6570 6247 6 5943 6952 5 5757 6618 4 6851 6552 13
6235 8077 5 9391 7470 9 6731 6860 6 5849 6988 6 8531 7538 7
7169 7680 5 6991 6681 2 5424 5376 4 8717 7846 5 5578 6292 5
5763 5770 9 6664 5643 3 5866 5979 2 5961 7102 4 6618 6551 8
6537 6348 7 7594 7855 7 5136 5660 2 6148 6499 8 7711 6846 4
7394 6129 7 7439 7389 3 4899 5515 2 6007 7438 6 7170 7262 4
7392 5682 5 7282 6786 8 5582 7236 5 6371 7356 3 7071 7371 11
6434 7559 14 5706 7063 4 7519 8171 5 6855 5477 1 7197 6956 11
7999 7198 3 6077 5908 4 5108 5543 6 6116 7493 7 9311 7311 4
6166 6894 7 8556 6204 2 7069 8004 5 6711 7802 7 6344 5870 7
6037 7934 4 7982 6099 3 5895 5765 6 7003 6921 3 5304 5846 4
6160 4614 3 6490 5977 8 6146 7880 2 4916 6114 3 6337 5845 2
6642 7902 7 5917 5446 3 8282 9738 3 6010 6185 4 7148 5523 4
7660 8257 13 5163 5748 5 8212 7280 10 5996 6263 7 6092 6518 8
5347 5112 4 6534 6109 2 7396 6662 7 7163 8036 8 5315 6669 5
5202 5804 8 5507 6148 3 6844 7565 7 7783 7425 6 7257 5447 6
7772 6631 5 7554 7903 11 6351 6766 6 4896 5556 3 5940 6599 2
8355 7724 7 6958 7485 5 8349 7575 10 5724 6140 3 7340 6714 7
7913 6696 6 4462 6496 5 6322 6734 5 6909 6125 5 5653 5660 5
7036 6897 5 6877 7869 2 6348 5180 3 5597 5804 6 7343 7085 12
7948 8354 7 4680 5775 2 4311 4283 2 5636 5570 2 7923 6655 17
5812 5829 6 5481 6766 2 5354 4857 6 6072 6452 5 8687 7566 11
6585 7462 9 7439 7567 6 6473 6521 6 6867 5908 8 6871 7190 7
5726 6915 4 8474 8398 10 5410 4577 2 7198 7428 6 6489 6971 10
6495 7796 10 6503 6102 5 6751 6750 5 5750 6307 3 9174 7967 13
7334 6167 10 5404 7069 8 5591 4182 2 5452 6135 1 6663 6872 6
3790 4582 5 5480 6806 4 5355 5526 2 7380 7644 9 9353 9172 16
5981 6304 2 6566 6738 5 6528 7404 9 6125 7003 3 7717 5810 10
7078 7426 7 6765 7380 5 7225 6479 5 9073 9181 10 6651 5891 6
7551 6920 10 6559 6062 2 8989 8239 5 5431 7468 6 6784 6854 5
7915 9017 9 8357 8639 13 7855 7168 6 6523 7184 6 7007 4887 5
6819 6383 5 8245 7699 5 7954 9319 2 6859 6666 6 6465 7200 7
7636 6861 10 9230 9519 14 7050 6282 4 4340 6268 3 6361 6825 8
6937 5342 2 8767 8056 7 4419 5168 2 6569 6913 7 5110 5954 6
10151 7736 8 5834 6469 3 6966 7177 4 5632 5432 3 6210 8017 5
6653 8306 10 7620 7887 7 6948 5721 4 7144 7054 5 7139 5797 6
6788 7552 4 7515 7145 2 7430 6588 6 5733 7032 4 6936 6846 6
5108 5104 1 6159 6482 5 7134 7818 3 7227 7137 7 7067 6626 4
6029 5692 5 7279 7338 2 7109 6847 4 6950 8209 5 7991 7214 6
7403 7347 4 6598 7065 5 5543 5270 4 6956 6683 6 5539 6085 5
6551 6178 4 6034 6584 3 5824 7618 5 8903 7601 8 6929 5953 6
7309 6832 7 5626 5853 2 5889 5543 8 6239 6413 5 6651 8083 5
6664 6451 9 6366 4706 5 6751 6109 3 5877 8369 4 8068 7708 5
8116 7769 17 5911 4753 2 6110 5931 7 7460 8682 7 6091 6599 4
8000 7872 9 7858 7973 7 7509 8108 9 6078 5339 7 6762 7413 4
7827 7968 6 6481 6484 3 7257 6711 6 4972 4253 2 6368 8663 10
8677 8556 13 9390 7421 9 7041 8871 4 5595 6530 4 5968 5468 3
6452 4978 6 7516 10068 7 6982 6344 7 7740 7710 6 5812 5457 7
6153 5995 3 8218 7730 5 7072 7120 6 5033 6146 3 5310 6253 3
6341 7586 4 6153 5536 6 6561 6781 4 8092 6803 8 6048 5473 3
7146 6227 3 6160 5940 3 5521 7206 7 6386 6294 10 6248 5357 5
8478 8021 7 5687 7011 8 7471 8092 8 8132 7519 4 6703 6468 4
4648 5748 3 5683 6444 3 7894 7679 4 7920 7394 10 7237 7116 5
5678 7513 6 5936 5664 3 6688 7116 6 9853 8314 10 5196 5564 1
