9544 8055 11 7508 8669 5 8461 7129 10 8141 9698 9 10523 10717 9
10400 8596 16 7964 6977 9 5878 7222 3 8297 8803 14 7340 8107 10
8523 10321 15 8786 5948 6 9712 8572 12 11487 12938 12 7918 8363 12
9096 10836 8 9699 10213 14 7670 7255 5 10033 9406 8 7755 6550 6
8431 8784 7 10190 9336 10 8628 8794 9 10575 10837 14 5966 7057 5
7924 7296 11 9244 9137 8 8727 8148 9 11121 11297 11 8659 8686 7
9923 9456 16 8700 8850 9 5747 8092 3 9209 8619 10 8891 8636 12
6355 5808 3 10627 11066 13 7832 8950 15 11826 10348 18 6019 7520 4
10516 8599 12 11295 11688 15 7273 7973 12 7993 8604 7 8042 9403 16
8151 8742 11 8078 7603 13 8301 7078 14 7907 8304 8 8198 9187 11
8931 9914 8 8574 7536 4 9184 9274 9 8614 10931 6 8355 7678 9
9338 10114 8 10817 11411 11 9433 9360 12 8910 7894 11 8489 8047 7
8386 9576 7 8344 7219 9 7053 9413 6 11298 9651 12 8827 7607 13
9308 7487 4 7897 8646 7 7263 9460 11 10975 9274 12 8233 8437 14
6699 8112 10 8858 7764 15 9057 8468 9 8670 9344 13 8065 8472 18
9430 9653 8 8226 8812 7 9279 7354 8 7918 8737 6 9220 9983 9
10054 11855 12 10171 9642 15 9965 9162 11 8159 7568 8 8276 9412 11
10429 9106 7 7673 8838 9 7107 7062 7 10100 10394 13 8813 9138 17
7875 7311 11 7402 7846 8 9100 9658 10 7792 7355 6 9967 9926 12
11644 9401 20 10399 10901 13 8672 9835 10 8697 8376 19 6710 6508 6
8211 8130 3 8468 8773 11 8431 6738 12 7769 10079 11 9339 9109 10
8970 8681 8 8278 8191 5 9864 9083 7 9198 10310 15 10308 9299 11
6964 7365 11 10051 9187 11 8604 9367 15 7312 8091 12 9147 7985 9
9818 9420 10 7332 7989 7 8633 9099 13 9729 9928 16 9170 9617 13
7183 9682 14 8222 7396 13 7555 8002 6 8964 8007 9 9352 8667 16
6602 6660 7 9046 7329 6 10278 10478 18 7740 8401 9 8080 9445 12
8444 8872 8 11682 9772 14 9108 9273 12 7613 6812 6 8233 10716 10
9489 9239 11 9110 8367 6 8934 9052 6 8727 8908 12 9052 10374 14
8966 8988 10 11372 10753 14 8383 10215 11 7277 7280 7 10626 10942 21
10250 9157 14 9267 10715 10 9066 8126 9 8206 7934 11 7483 8860 14
8829 8933 9 7423 7300 8 9121 8906 8 8275 8374 8 8310 8442 10
9785 9423 11 8596 9032 11 8898 10868 13 8748 8233 10 8067 6728 6
8724 7614 9 9194 6819 8 8058 8335 11 6364 8449 3 9629 9635 7
7571 8554 7 9545 9667 13 9088 7937 7 8996 9300 12 9086 8921 11
9268 8316 11 8764 8104 9 8225 7400 7 9471 10936 10 8845 10704 11
9545 8670 7 6835 8106 9 8591 9409 12 8441 8612 9 9524 9130 11
8671 7380 3 9761 9610 7 9761 10090 12 8325 8925 10 8995 9398 7
11421 10497 8 6280 8463 11 9888 8780 13 7307 9193 14 9757 7517 11
11180 11547 17 9098 9722 13 9011 9305 12 9762 8324 8 7006 8389 9
8678 9273 10 8062 8072 7 7948 8883 15 10542 9973 10 9661 8831 11
8879 10034 13 12362 11649 16 6957 6881 10 8140 7192 9 7296 8335 19
8101 8280 6 9951 9204 9 10829 11532 14 8682 8876 12 8451 7964 8
9737 9899 8 9655 10681 8 8525 7318 4 6648 7303 2 9324 9287 13
8235 8457 11 9819 10163 14 9297 8628 9 10286 9197 11 7637 7859 7
10662 10275 18 8665 9380 8 10156 7490 7 8902 10513 11 8317 9023 11
8200 9054 4 8348 8470 7 7461 6536 4 10425 9882 13 9808 10630 17
7984 8105 7 8571 7427 10 9741 7922 8 7291 9953 10 7904 9132 11
7195 9120 12 7917 8962 8 9394 8096 12 9546 9277 10 9563 9617 6
8041 8688 10 10721 10686 13 10327 10700 12 8535 8950 11 8285 7899 6
9679 10291 14 10314 8888 11 9776 10211 16 8483 8178 8 9374 10278 14
9237 8044 9 8188 7493 12 9549 9516 16 8164 9657 7 9199 8289 8
9945 8961 10 10070 11137 13 8829 8545 9 9345 8423 9 7069 8871 13
9591 9331 10 9237 9116 10 10299 11074 12 7401 8781 7 8707 8069 7
8508 8829 6 7669 8378 5 8514 7498 6 9015 8375 9 7522 8172 10
10456 8980 11 11293 11038 14 11730 11342 10 7015 7189 8 7870 8529 11
9927 8125 12 8910 7894 9 10484 9535 8 8712 9056 8 7890 11573 11
7872 8486 6 9398 8074 13 7972 8518 6 9623 10329 11 9027 9035 9
9149 8380 12 9620 9925 11 8939 10442 10 9033 8618 9 8361 9028 7
8130 8001 7 8366 8415 3 6962 7346 7 8780 9684 10 9631 9166 16
8534 8940 6 10386 9825 12 10920 11669 15 10072 10243 18 9302 9415 6
8540 9651 9 10636 9086 17 9937 11087 15 8265 6421 6 8069 9060 12
8825 7771 6 9843 10310 13 9245 10257 9 9201 9216 11 9290 9020 21
8717 8863 15 8473 7125 8 7252 8430 6 10511 9531 12 7058 6836 9
7855 9488 10 7457 7581 5 7969 8801 9 8348 7139 14 8459 8450 10
8459 8118 7 9379 9350 11 6965 7784 7 10259 9602 13 9522 10141 10
10440 9782 12 7039 6862 3 10542 9954 14 6942 6764 5 10206 11833 23
8147 8819 9 9407 8983 14 8169 7965 8 9323 8179 10 6998 7538 6
9750 9292 12 9758 9871 8 8076 7438 6 9087 10051 7 9460 9766 5
7141 6150 11 8501 8223 13 10841 11564 15 8606 9420 14 6874 8286 12
11028 9157 18 9118 10693 17 9034 9167 21 6188 6173 5 7233 7726 11
10205 10777 12 10776 9642 13 6946 8033 9 9013 9380 12 9050 9339 8
9649 7260 8 8673 10213 9 9220 7592 18 9062 10470 14 6995 9143 10
9070 9517 8 9565 7449 8 8900 7432 7 10702 12588 14 8893 10293 9
9141 8728 12 7364 6956 10 7838 8876 5 11367 9592 12 7425 8105 12
7821 8649 10 7988 6652 8 9655 10184 10 8516 7327 6 8625 9024 7
12104 11868 17 9011 7987 8 8219 7836 4 9995 10147 17 9097 9989 10
10246 8953 8 9583 10593 9 8044 8834 9 8817 8726 14 6801 7873 10
10569 9089 12 8642 8951 6 8859 9698 9 7704 8329 4 7703 8246 10
10692 11329 15 9288 8513 7 9380 8632 10 7966 7978 7 8410 8476 16
8900 7425 6 8228 8753 5 8830 8617 5 11157 11478 13 7023 8437 10
9537 9747 15 7405 7869 10 9270 9778 9 9497 8848 12 9674 8705 9
8405 10625 15 9909 10010 13 8146 9356 9 8826 8299 9 10821 8222 14
10551 12071 15 10388 10271 16 8899 7374 6 8766 8472 5 8963 10102 19
8312 8913 9 8082 8768 11 8190 9350 8 7257 6894 10 11075 9146 14
7959 6882 5 6859 7387 5 11483 9995 11 8005 9547 10 8061 9748 11
10308 9969 7 7911 9072 10 9074 11045 11 10881 10196 13 9113 7864 7
8596 9478 7 8329 9721 14 9574 8579 8 8257 7228 12 7189 7724 15
6937 8317 7 9787 8420 14 10188 8875 18 8935 10930 14 8374 7696 12
7116 7105 8 8179 8973 8 10340 8569 9 7976 7511 8 7424 9156 21
7272 8379 14 8292 7071 7 7183 8553 3 8362 8739 12 10411 8942 14
9813 11566 8 8785 8321 8 8854 8541 10 8934 8829 7 8492 8796 10
10287 9415 11 10875 9759 10 11345 11126 18 9320 10401 13 7755 7521 6
9723 9955 15 8775 9601 8 7845 8520 8 10114 8266 8 9837 10592 11
10269 12306 9 8092 7910 9 8457 8211 9 7576 9109 8 9980 8260 12
10490 11194 15 8807 8754 8 7663 8589 5 7275 7357 12 9576 8626 6
10896 10531 16 10267 9381 13 7883 8138 9 8201 9417 12 9989 10145 8
9669 9422 17 8782 9294 13 9001 9594 13 9377 9025 11 8372 8227 14
10692 11302 10 9758 10111 13 8678 10325 11 8187 7189 12 9110 8601 9
7716 8602 9 8122 7953 11 8144 8558 14 8830 8797 16 6950 8334 15
8473 7600 6 8853 8656 3 8824 8862 7 8054 10061 14 11645 10406 14
8575 9736 11 9646 9933 11 7803 7355 3 9495 10141 16 8419 7897 11
8794 8405 10 7650 8853 7 9451 7971 8 9188 10749 10 8056 7992 11
7992 8435 12 9610 8744 15 8501 10187 23 8237 7976 9 8885 8564 15
8402 8151 5 7330 7342 2 10734 9376 12 7935 9201 10 9112 10349 6
10044 9029 14 7316 7860 8 11471 11172 13 10154 9617 9 7118 7224 7
8384 7243 2 8377 9672 10 6675 6905 6 7484 8129 9 10483 8127 12
9344 10334 14 8721 11615 13 9235 8028 10 7465 6349 3 7626 6345 8
8779 7475 9 9503 9103 7 8763 9062 7 8011 9521 15 6762 7550 7
7374 8900 13 10338 12997 15 10208 8812 15 9190 7688 7 9625 10109 16
8835 9813 9 7780 8289 3 9487 10706 12 10938 8986 10 8758 9142 15
8487 9132 11 10605 11889 19 8715 9016 16 10488 9825 12 9634 8892 8
7751 6247 5 10183 9835 12 10628 10609 16 10176 10378 9 7802 8719 11
10872 9575 13 11170 11932 11 8765 10245 14 10257 8969 10 8509 9479 10
11134 8864 15 8367 8643 9 6413 6911 4 10039 11828 12 8438 8083 18
8633 9524 11 8539 10117 8 9816 8068 13 6629 7731 5 8244 7981 6
9441 9010 8 6777 8005 7 9506 8856 6 5686 6643 8 10162 9848 14
9278 9832 9 9486 9806 11 8140 9126 11 10828 8620 15 8940 9160 12
8516 8036 11 6971 8127 10 8137 9497 9 9592 10176 15 10013 8292 14
9608 9013 12 7283 6480 5 9952 9939 8 9254 10606 12 10823 11836 15
7498 10255 17 10368 10149 18 9834 8897 18 7759 7471 8 8494 8518 10
8422 8720 13 7884 9638 12 9091 8878 11 9681 9293 14 8031 7248 12
7833 8990 6 10330 10021 11 10620 8681 21 9447 10161 9 9605 9931 12
9126 9090 16 10795 9139 14 9762 9540 13 6844 9313 9 8303 8870 7
9277 8542 16 7773 8808 10 8761 8234 7 7958 7635 8 8381 9649 13
9788 11262 13 9128 9235 4 7293 7137 6 8854 9935 13 9347 7436 11
10107 9678 11 12299 8719 18 8134 11066 6 9564 9374 11 6664 8519 6
9448 9298 10 11511 10472 12 6909 7922 3 9024 9210 12 7890 7987 14
6849 6723 7 9904 12280 11 8940 6928 4 8656 8944 8 10655 9876 11
11007 11424 18 8497 9486 9 9124 8123 13 7701 8278 11 9652 10045 16
9147 10007 10 10559 11276 21 8697 7400 6 9630 8867 14 7754 7881 12
11150 10416 12 10086 12049 14 7673 8151 7 9743 8049 10 8220 8154 7
7960 7049 10 7444 8394 11 7864 7953 9 7272 7687 10 9650 9806 15
8745 8479 11 8465 7934 7 7659 7416 5 9417 10210 10 8621 8728 8
8101 7846 7 9096 9156 12 8569 8265 5 7949 9606 8 8406 7853 10
10841 9165 12 6037 7368 0 8962 7883 6 8186 11436 15 8920 8014 14
10251 7930 12 9165 10940 15 9809 9178 9 9934 10934 14 7391 8145 10
8951 8416 13 7725 8237 9 8398 8267 7 7878 9238 10 10675 10085 14
9176 7777 11 8435 8306 10 7163 8966 8 9960 9590 13 8978 8024 4
8420 8213 11 8473 9001 10 9946 9502 8 9852 10641 15 6575 7076 7
6747 8915 11 9539 8653 12 8076 8250 13 8403 7953 7 10022 9697 11
13442 11526 21 9071 11395 12 7862 8245 9 7772 8039 6 10649 10215 14
8644 6662 6 10052 10374 8 9827 11913 13 8288 7910 8 7461 8103 14
6498 9139 6 8576 8010 7 9149 9180 9 9416 9000 11 9865 8046 8
9205 8733 7 7959 6765 3 9662 9584 8 8107 10664 15 8828 7757 8
8586 6965 8 5839 7987 10 7774 8545 11 8272 7932 11 7427 7853 9
9776 8746 15 9235 10575 15 9199 9784 14 6479 7583 8 8404 8649 15
6565 5326 1 8660 9000 7 8801 9911 10 9703 9403 12 7628 8110 12
9761 10983 19 10900 9267 18 8730 9255 10 6905 6769 8 11142 11699 14
7520 7201 13 8158 8497 13 9194 9689 16 7634 7909 16 8343 7958 10
9148 7821 5 9282 11124 14 8809 9204 18 8354 8157 9 9198 8904 14
7304 6673 7 8693 7653 5 9994 10203 24 9425 8127 16 7715 10102 12
9138 11384 14 8148 7705 12 10319 10922 15 9354 8482 14 8421 7532 9
7992 8069 9 9294 8709 14 7960 8449 12 7196 6877 7 7988 9334 11
9724 9046 9 10400 11484 15 6185 6166 5 6904 7187 6 11204 10791 10
10462 9400 9 8224 8090 7 7541 7855 10 9091 9973 12 8220 8053 8
8083 8723 5 8583 10546 12 10383 11006 14 10509 9377 8 9480 8062 14
9205 8219 17 9939 9711 14 9459 10609 15 8728 8056 13 6704 7769 6
9195 8130 9 10015 9168 11 7119 8746 4 9617 8817 10 9398 11009 14
8605 9462 13 11194 10048 16 8434 8880 9 9251 8745 12 6417 6600 5
8392 9019 16 7373 8111 10 9552 10156 12 6193 6106 6 11654 10361 20
5294 7010 5 10252 11674 15 7225 7368 5 8914 8998 8 10343 7376 13
8349 8079 8 8510 8796 9 7865 7437 10 10043 6988 12 8734 12113 13
8833 7365 6 8397 9267 12 6991 8549 7 8917 8840 15 9482 9444 8
11244 10150 14 7312 7136 11 8347 10629 9 9182 8567 8 8318 8864 13
8148 7667 8 7664 8796 9 9281 9577 6 9608 7843 17 9388 9502 15
8691 7697 15 7704 6021 6 6740 7073 15 8648 8462 17 8032 9190 13
9969 7987 18 5925 8493 12 9720 9535 4 9745 9281 12 7375 7326 9
10187 10141 14 8901 7670 10 7847 8417 10 6996 9597 12 9028 8722 9
9473 9274 12 9617 7503 8 8925 9386 10 8095 7815 11 9459 11542 8
8951 7396 8 6852 7495 8 12704 12091 15 9651 10810 12 7463 8976 7
9301 10381 12 9282 9143 11 10647 9303 8 9701 9377 10 9888 11326 13
9509 9869 13 9043 9425 9 10018 10777 11 9301 9723 8 7660 7503 8
10377 11297 14 8400 8070 11 6612 7109 5 11221 8989 13 8955 11265 12
9917 11519 12 11156 11512 12 10693 9522 13 8604 7587 10 8090 8378 11
10673 9593 8 7435 7257 10 8597 10495 17 9027 9455 12 6667 6443 9
8310 8819 11 8330 8606 9 10664 9816 11 7774 8180 11 8955 9280 13
9877 10211 18 9847 10533 8 8890 9708 12 7959 7392 9 7560 7021 8
8217 7428 10 9869 10231 10 9032 8430 9 7834 8418 12 10018 11398 15
9311 9054 8 9667 12323 16 10774 8949 15 8762 9209 5 8836 8209 10
7861 7627 7 8336 8231 10 8655 8806 14 6299 7144 10 8946 7220 6
9464 9214 11 6473 8578 9 9655 8043 12 9787 10727 12 7734 7636 8
8890 9240 11 7808 7515 4 9048 7117 10 7497 8163 8 10546 10921 17
8071 10978 10 9279 8777 6 10539 8305 16 10199 9067 12 8811 9727 9
9050 7311 6 8895 10283 11 9426 8276 13 7293 8322 9 9561 9950 8
9560 8405 12 11277 11325 17 8661 9328 12 7499 7871 3 8679 9543 11
9200 8999 8 8568 10039 10 10697 8400 14 7314 7790 9 9164 9624 11
9660 12520 14 11174 11677 13 8745 6570 3 9486 8533 7 8345 8709 11
7340 7959 12 8516 9023 13 8756 7917 10 8328 9656 16 9088 7839 6
7641 8894 10 8627 8868 12 11036 10466 14 9056 7965 11 7260 7809 9
8477 7671 9 7208 7080 3 9825 11342 16 9580 9326 16 9009 9565 12
9587 8232 9 7758 8298 8 10002 9205 11 8755 10570 6 10345 10863 13
9971 8221 9 7624 8387 10 7409 9533 5 10506 9687 8 7956 8167 8
9441 7602 8 9434 10747 11 6414 8660 6 11009 9045 7 7647 8209 7
8389 9596 7 10514 8209 13 10609 11586 17 8738 7308 10 8801 10374 16
8292 8896 5 7244 8879 5 9722 7191 11 10096 9336 16 8270 9129 13
10724 11091 18 9013 6372 8 7393 7208 10 6765 9726 13 7037 7240 8
6485 7020 10 8440 8313 12 8493 7416 8 8981 8273 11 9176 10951 15
9305 8316 11 8867 7660 8 6973 9635 7 8303 8346 4 8343 8280 9
8112 8072 9 7578 8582 8 7280 8851 10 9267 7486 10 9210 9697 19
8164 11709 18 10556 9030 16 9953 7937 9 6972 7902 16 8866 9825 18
10000 10309 16 8277 9177 6 9304 8776 12 7819 9705 13 9944 8026 11
7760 8745 10 9176 9128 13 9662 8347 15 9113 9313 14 9794 8777 11
8919 8960 7 9601 9838 7 8942 10375 12 9431 8599 9 9167 9413 12
9281 9497 5 9662 9421 8 8193 8711 9 8983 8807 4 7760 8595 15
9710 6822 8 8888 10924 21 11667 11285 17 7724 7771 4 7285 8782 10
10853 10278 9 10965 10461 10 8569 9065 6 8469 11404 9 9557 8165 11
7979 6871 8 10103 9340 13 9505 10074 14 9626 10100 15 7185 8000 3
12620 8397 22 8077 11428 8 8140 10032 14 6544 7837 6 8963 8873 12
10561 10598 7 9333 9926 15 7103 7588 7 9412 8493 12 8214 7834 12
8378 9068 12 8326 9057 9 9251 7622 15 8323 9235 12 7322 7506 7
6653 7705 6 9296 9425 9 6870 7201 2 8928 10087 11 9365 7402 10
8915 8564 4 9170 7661 5 9070 9659 7 9509 10369 17 9464 10136 10
9259 8807 6 9273 11078 12 7207 8045 3 10990 9759 12 10473 9085 7
9211 9698 12 8593 10343 11 8108 7758 9 7957 8213 4 10415 8228 11
8896 7829 5 9385 9726 9 8754 9224 8 8654 9407 11 10183 8629 14
8860 9391 12 8248 8035 6 11248 12302 21 8423 8039 11 10160 10121 18
11942 9761 15 7674 8798 15 8070 9035 9 7254 8085 11 8596 8287 11
9743 9582 10 9008 9082 12 9440 9386 14 7543 9222 11 10940 10082 15
8780 8604 10 8388 7963 8 9939 9676 13 11305 11407 12 8416 9227 9
10898 9805 15 8274 9254 9 7709 9424 8 10425 8356 11 7465 8338 9
7733 8327 10 10450 10905 20 10285 10119 12 8782 10036 11 9676 7466 11
9901 9896 6 9505 7187 7 7752 8630 6 8773 10913 15 8548 8631 10
8269 8970 12 8852 9283 15 9494 6588 14 8205 8600 9 7758 10707 21
8761 9029 10 9390 8088 10 8029 8483 13 8353 9244 10 8741 9332 17
8522 9072 8 6678 5766 6 11144 8008 12 7914 8517 11 7145 10564 10
7156 8811 7 9876 9329 10 11268 10637 12 9907 9605 13 8731 8904 13
8695 8448 7 6889 7985 7 6917 7928 6 8857 8242 13 9994 9616 20
8551 8307 12 8564 9152 10 8201 6702 10 7179 6988 10 7536 8337 12
8363 8420 12 8212 9749 10 8479 9594 15 9202 8533 10 8874 8454 13
10183 10041 11 7430 7430 3 9404 9525 10 9353 10016 9 8618 8663 9
8803 10949 11 7290 6992 3 9239 8892 5 8130 7572 9 8651 8164 10
9610 7762 11 7372 8013 10 10114 11554 15 9026 9622 14 8097 7790 8
8865 9719 9 10423 10134 11 7366 8660 7 9259 9688 10 8189 7874 5
8701 8061 12 8279 7963 7 9535 9216 16 8982 10386 10 8665 9318 6
8817 9518 12 8680 8711 12 8610 8563 10 9250 7612 7 8552 10614 14
9169 9203 14 10577 9560 12 7838 6921 8 7890 10324 8 8519 8857 10
7354 9424 8 10896 8622 13 9568 10356 15 10383 9572 14 8858 9056 8
6806 8438 6 8502 8168 10 9850 9583 12 7632 9268 9 10936 9509 11
8556 10033 8 7849 8532 10 9715 7871 10 8573 9485 11 8866 7958 14
6089 9659 12 10004 9904 10 8609 8225 11 10685 8907 9 9544 7981 13
9482 8786 13 9635 10207 13 10001 10371 6 9416 7209 13 7437 9801 7
10249 7993 11 10248 9225 11 8881 8594 10 9079 9028 11 6924 9952 10
6628 5595 6 9559 8806 11 10637 11379 7 8713 10284 14 9999 9591 14
8047 8085 10 7365 8541 10 8434 6719 11 7949 9070 9 9434 8053 18
10163 9351 10 10334 10689 16 8946 7198 6 8653 9866 11 9412 9493 11
11090 10033 15 8341 10150 12 9497 10343 16 9168 8055 9 7658 8447 4
11121 10366 11 8473 8801 7 8545 9352 6 7659 7177 3 9360 8647 8
9373 7793 8 11588 11161 9 12269 12365 13 6908 9923 13 8822 7040 12
8517 10354 12 8474 8087 11 9126 7491 8 8639 9132 17 7423 7139 10
9187 7061 5 5572 7191 0 7956 9184 8 9760 10218 12 9566 8799 13
5870 6223 7 9712 9658 13 9299 9510 9 9104 8464 11 10794 9852 7
9732 9442 12 9682 9908 9 8704 11560 16 8497 7283 9 7814 7165 8
8288 9318 9 8626 8717 16 10430 8800 9 10753 11050 20 7383 6827 13
10654 10086 12 8725 10803 20 8017 7497 9 7932 9238 10 9221 7943 13
8356 8327 11 7553 8424 13 7062 7766 9 7996 7168 5 8453 8598 12
10195 10580 15 9304 9562 17 8781 9161 6 8153 7880 11 9431 8693 12
8099 7452 7 11163 12581 13 8529 8085 13 9018 7892 9 9805 9965 11
11471 11564 19 8676 7956 7 9710 7720 10 5766 5958 4 6545 9405 17
8591 8248 11 7808 9782 12 9977 10114 13 9284 8251 10 10830 10170 15
8654 8669 10 7130 8115 13 9165 9352 15 9703 8933 11 9279 7886 8
9198 8667 7 9783 9134 10 8303 9935 6 6082 7725 6 10106 9474 16
8282 8305 9 4733 5246 6 9192 10365 9 8826 7357 9 9723 8502 17
8119 7000 8 10808 8810 13 9141 11649 14 5786 6044 9 9242 9353 16
9302 8824 14 11123 11066 16 7910 8015 8 7741 9420 10 9190 9579 14
8187 6237 7 10029 8723 12 8167 7642 10 7991 10449 9 8377 9209 19
11269 10120 17 9570 9212 8 7628 8915 9 8843 9448 13 9249 7258 12
10011 9247 15 8612 7821 7 10056 9361 9 7865 9366 7 8672 9272 8
9538 10617 9 8090 7779 8 10376 9660 7 8786 8028 9 7279 8432 11
9672 8187 8 8673 8241 17 9791 10055 14 7528 9380 13 8228 7617 7
7876 8727 7 7576 7775 6 8544 9027 12 10794 10202 13 10578 10010 13
9066 8067 7 7031 9008 9 6242 7183 5 11728 10763 16 10017 10140 14
10574 10015 16 7808 9428 4 8031 8267 13 8698 7988 8 10122 11409 16
8016 8561 9 7913 7189 9 8957 9273 9 8370 8774 7 8833 9251 10
8424 10441 8 9068 7909 8 9088 8749 10 9431 9928 13 9463 8548 11
8303 8670 13 7453 7218 8 7728 8537 4 11547 10144 9 8680 8716 11
9333 10717 8 9405 9862 25 8359 7783 6 7920 7672 7 8740 8007 11
8487 8728 9 7883 7575 5 9164 9724 10 8716 7953 7 8274 9415 13
8518 9541 11 6414 7180 7 10485 9803 11 9352 9019 8 8883 8965 12
8410 8117 7 8067 7769 6 9623 7859 6 9167 10842 14 9394 10264 12
8042 7757 9 10112 9514 12 8013 9554 9 10258 9324 12 9662 9627 16
7328 8522 5 8337 9029 8 10596 10297 14 10742 10612 18 9174 7357 11
9634 9136 9 7871 8343 5 9944 12803 11 10204 8690 8 7130 7262 7
10103 8803 11 8477 7838 7 10308 11074 19 9274 8984 11 10413 11147 9
8807 6838 10 10079 10099 9 9941 9253 9 9158 12123 14 6871 6532 8
8788 8753 11 12361 11098 13 9209 10403 10 8229 9438 12 6916 7195 9
7552 7419 11 7916 7735 12 8460 8776 14 8745 10096 16 9297 9284 12
10761 10454 12 9806 9184 9 7586 8504 10 9760 10266 12 7310 8305 7
7773 8838 12 7288 8711 12 8302 7284 8 7140 6454 6 9814 9303 15
9181 9661 8 13188 11432 19 9616 9177 8 8403 8416 15 8290 9311 11
6638 8671 6 9949 9779 16 8089 7451 8 8947 9176 8 9653 8816 15
9244 10698 12 8264 8941 13 9646 8585 10 11876 10509 22 7008 7223 2
9961 9572 13 11304 7591 7 8648 9299 18 6558 8213 10 6445 8456 10
7872 6464 6 9395 10436 14 10664 8886 8 8068 8829 11 8217 10578 11
8155 9173 7 9383 8407 8 7604 7982 7 9412 10541 15 10081 9417 17
10485 10035 13 8682 9723 10 10157 8659 18 8974 9750 15 9873 9508 12
8393 10979 16 10327 8742 11 7568 8547 7 8725 7987 16 8831 7508 5
10490 8797 13 9554 9745 13 9326 9889 15 5510 7293 9 8438 9252 9
7553 9664 12 10284 7844 5 9484 9589 15 8749 9444 12 6979 6679 5
10111 11311 14 10513 10250 12 8076 7738 8 6637 6786 5 8300 9447 13
9851 9121 11 8814 10450 13 8970 7909 14 7894 8761 8 10905 8899 13
8785 8496 6 6740 9538 9 9808 11251 14 9550 6852 6 8954 8684 13
9090 9945 17 9401 8731 11 11273 10167 13 8116 7524 13 8913 10719 9
9511 8884 10 10186 9615 7 7106 8758 16 7780 8829 11 8878 7344 10
8590 9468 16 8566 9029 11 9480 8910 10 9966 9376 6 8921 8434 9
7191 7556 9 7733 8281 5 7957 7972 9 9658 9215 16 6610 7412 9
8083 7908 10 9165 7887 9 6923 7348 6 8891 10732 10 9944 10736 11
10910 9461 13 11118 10899 12 9569 8869 7 7099 9590 6 8130 7280 6
6921 6806 7 8237 8982 12 9697 7827 7 7187 9050 13 10559 9812 9
8925 8318 9 10160 10476 10 8763 9241 15 9062 9845 7 9440 7679 9
9922 9280 10 8049 6695 4 9506 10681 15 9331 9601 16 9809 9677 14
9643 9764 13 8761 7470 9 10408 9407 12 11223 10726 16 8185 10348 8
5569 6687 8 7918 7062 7 7088 6333 3 7971 7761 15 9919 10386 18
7648 8096 13 8644 9172 16 9594 8587 15 8480 9254 9 8496 7384 7
10029 8008 13 8700 10686 16 8298 8612 11 9696 8614 15 6856 7062 7
9518 7301 15 7309 9285 13 10899 7950 11 7743 9585 10 9398 10541 12
7792 9543 11 8361 8516 6 8858 8701 13 8283 8287 9 10468 9598 12
9726 8648 11 9548 11200 14 4739 4862 3 10066 10239 12 8541 7960 6
9903 9089 16 9013 9700 11 9199 9077 8 7572 7332 7 10085 10864 15
7920 7427 7 7950 8744 11 9701 10258 14 8392 8055 17 7752 7027 9
9446 8935 9 10119 10644 18 8573 8284 11 8732 7864 10 7024 7525 4
8119 9050 10 7909 8323 13 9243 8932 14 9109 9972 13 8639 8571 12
10199 9696 16 8184 7584 10 9609 10425 17 10166 9025 14 6414 7926 7
8979 8096 7 10172 11377 20 9353 7738 11 6675 5482 5 8225 10110 17
9275 8624 9 8047 9683 13 7894 9691 13 9838 8463 7 9194 8689 18
9672 8147 13 8552 7951 11 9944 10809 17 8323 8963 14 8737 9100 18
8637 8458 7 7554 7127 7 10198 9259 7 10264 11390 17 8217 7992 10
9291 10157 11 9038 9179 19 7977 7566 6 6817 7357 6 10609 10173 14
9091 8186 9 7699 9277 10 12352 10613 19 8202 9257 9 8566 8534 8
9543 9124 10 5955 8151 7 8764 8922 8 8879 7348 10 8329 8777 10
11435 8709 19 9613 10202 14 8655 8112 8 6479 8865 19 7766 8769 10
8386 8879 8 9947 9791 11 8496 8184 12 7856 8316 12 9720 8832 15
8017 9547 17 9159 8512 12 9229 9030 8 9462 9499 13 8320 7938 12
9910 9197 8 9423 10627 10 9597 8793 10 9106 8366 10 8556 8591 15
7297 8986 12 8516 8138 10 8777 10034 13 9795 8064 12 8335 7644 8
6990 6380 6 7891 10114 8 9591 8758 14 10470 10509 16 9210 9190 16
9608 9850 12 10262 10933 12 8623 8044 6 9241 8445 6 7667 6788 4
9247 8168 8 7609 7828 5 10401 9964 13 10081 10325 17 8484 9150 14
8224 8250 9 11125 9229 13 8242 9589 13 7672 8069 12 8307 10407 16
6581 7905 13 9392 8764 9 7576 8603 14 9985 8864 8 9343 9393 7
7776 8701 7 8857 9328 11 7816 7058 6 10230 9684 20 8355 8592 9
9521 9911 10 10397 11551 11 8810 8017 4 7161 7108 4 9336 9676 12
10146 9452 11 12097 10822 12 8739 8722 12 8332 9469 9 7513 9336 11
7589 7734 10 10753 9334 11 11325 12663 16 10072 10111 10 6635 5803 5
10860 10704 17 10100 9132 10 8786 8732 11 6629 9214 12 5711 6002 6
9357 9142 12 8263 8142 13 9469 10061 9 9097 9995 7 8541 7854 11
7858 7647 14 12011 12792 23 8550 7239 15 9050 8401 13 7082 8395 5
6656 7774 6 9194 7906 12 6832 7723 14 7448 7696 11 10370 9145 17
11970 12579 19 9663 10127 11 9790 9675 7 7841 9043 7 10114 8390 9
9404 8642 18 10506 8453 8 7507 8398 8 8656 9207 13 5614 7837 7
9310 7671 13 8450 6248 10 7547 9496 12 8055 9157 13 7828 8303 8
9640 8586 11 6492 6617 5 10206 10739 20 7117 8516 5 9344 10058 14
6397 4859 6 7732 8703 11 8209 10297 9 8123 9020 13 9314 8229 10
10268 11524 10 10354 12489 13 11277 9985 6 8793 7979 8 9066 8545 9
10553 8615 9 10162 9742 13 7269 7925 6 8129 10269 12 12642 10411 21
8572 8849 7 6677 7575 5 9607 10355 12 8443 9369 12 11105 8635 10
8092 8760 7 10006 10549 8 9421 9486 9 10767 11272 13 7183 6826 4
9608 8145 6 10700 10592 9 8921 9018 14 9099 9443 14 9051 9074 12
7078 6484 6 10235 9125 12 9142 10485 18 9661 10037 9 9174 8832 10
8660 9195 7 7535 9253 12 7849 7121 12 9824 8503 20 10401 9810 15
9888 8014 11 6778 7728 6 10197 10893 16 7978 7181 5 9373 10649 16
9205 9341 9 9162 8720 8 9171 10419 8 10119 9998 8 8789 8458 9
9692 7485 5 8789 9837 9 5707 8235 7 7555 8916 9 10386 7827 16
11493 9071 10 8033 9336 12 10443 11548 12 8815 9014 11 8906 8931 7
7136 5926 7 9077 11680 14 8233 10584 10 9126 6787 10 10711 8873 14
10986 9950 14 11894 10503 12 7028 8625 8 7501 8776 8 7792 7715 13
7382 7264 10 9888 10194 9 8649 9515 5 9809 7719 8 8700 8454 11
8385 9632 16 10980 10227 20 11230 8998 19 7197 7519 7 7211 8999 13
10712 10170 13 7113 7055 6 7837 9175 8 8036 8301 8 7727 8428 11
9023 8939 10 8441 9415 6 9396 9219 9 9177 8743 4 8701 8516 8
9171 9773 22 9180 8167 12 7058 7083 6 7991 8486 11 9660 9696 15
9180 8777 4 11004 12001 17 9931 10085 11 8055 6359 8 9251 10641 14
9244 8923 7 9789 9638 9 8658 9628 4 10250 9240 10 8130 8550 7
12156 10805 22 9095 10621 18 10497 9826 11 8538 9898 6 7288 6870 9
8692 9004 11 7871 7755 14 11198 9098 13 7735 9901 13 8327 8475 11
10056 8636 15 8030 7283 7 10593 10884 11 9241 9805 9 8876 8785 10
9705 8509 13 11648 8818 12 9824 10571 10 7583 9219 11 6499 8961 10
8778 8878 13 8564 10670 16 7545 8027 6 7987 7550 10 10747 9264 13
7548 9122 8 8322 9559 11 8869 7824 9 10274 9192 12 7892 6395 11
9675 9035 18 8335 9976 8 7548 6816 12 9474 9776 8 7656 7997 9
7407 8845 7 7339 5105 3 8961 8568 17 7752 7898 13 10214 12268 21
6289 6956 4 9590 10482 12 5747 7390 8 9829 9460 13 10349 8706 14
6883 6255 7 8005 11217 11 10482 8464 5 9010 11314 11 11245 8489 10
7557 10304 10 10055 10141 10 8205 7214 9 11235 8810 14 7174 8332 8
8321 7739 8 10154 7145 18 7468 8857 8 7934 8811 4 8608 9760 11
7284 8885 9 9436 8691 14 8266 6999 7 8853 10002 8 8150 8450 8
11090 10297 14 8281 10266 10 9434 9477 20 7674 8490 11 10274 8619 16
9331 9918 8 10695 10117 10 10297 9018 13 6441 8100 11 9092 9318 14
10728 10046 15 11450 11036 13 8639 9033 5 9843 10662 12 7699 8575 3
8442 7611 8 11024 10322 11 10001 9415 13 9484 10515 11 7471 8681 14
8298 8390 12 7202 7034 8 11798 10004 18 9283 10591 18 7687 7808 7
11008 9671 13 7737 9097 8 7661 8495 11 9889 9656 10 9846 9182 16
9050 8877 11 8909 9553 6 8224 7996 5 9926 10630 10 7953 8239 13
8010 7589 6 9455 9941 7 10155 10838 14 8536 8487 11 7059 7004 7
8015 6584 4 7559 9244 13 9181 8600 11 9787 9588 12 8191 8547 9
11876 10040 16 7449 9777 5 9999 8219 8 8184 8652 8 8651 9120 9
9126 9278 7 8391 9722 11 8902 9076 10 9902 8166 11 9734 9298 12
9429 10296 16 8550 9261 13 6959 6758 6 10409 8690 11 8660 8438 7
9797 8223 12 7931 10990 17 9313 6836 13 7519 10935 15 7983 6738 9
10540 9718 15 8783 9514 13 6480 7432 5 9195 8519 8 8631 8545 9
9198 9468 11 8189 6733 6 6239 8210 9 9338 8601 11 10203 9809 11
8345 9412 12 9245 10066 14 11044 10163 11 9669 8667 8 8926 8623 13
6409 7798 6 12092 11225 7 8586 9932 11 11806 11952 18 9413 7369 6
8985 9368 14 8451 8324 10 8308 9706 13 10218 10810 13 8025 6972 5
6839 10182 7 9885 9440 12 8673 8250 12 9478 7889 7 8844 9264 14
9707 9461 10 9333 9071 11 7706 7268 10 8033 8800 8 7585 8598 4
10689 10353 9 9370 9929 11 8993 7954 13 10457 8985 12 5971 7674 6
10235 10635 10 8611 11339 13 8782 5819 4 9548 9663 10 8553 9007 11
9020 11599 11 8247 8490 6 6764 5924 7 10109 10356 11 10024 9302 7
5947 6303 5 9396 6700 5 10192 10679 13 11118 12104 15 9151 9402 9
7786 6350 11 11375 12256 12 9090 10188 12 7497 8046 10 8437 7398 11
10160 10432 21 10469 10321 15 7708 7527 9 10631 9269 7 8177 9391 11
7131 7353 7 7638 7633 10 9000 10309 11 10575 10373 12 10377 10460 15
7908 8881 8 7573 9130 9 7525 8001 12 10778 10188 13 10908 9005 18
9951 10009 15 7622 7356 4 8580 8372 5 8272 8573 10 9603 10120 17
7990 8701 5 8932 7208 10 8842 11446 15 10859 11346 14 8421 8550 15
9541 9694 6 9875 7459 6 10152 10540 8 8110 11050 6 8781 9368 8
8443 9464 10 7574 8036 8 8337 8769 10 9497 8844 18 8316 8456 9
10436 10850 17 8374 7070 9 9056 8212 16 8731 10342 13 8249 9141 10
9392 7133 9 8798 10390 10 7946 9098 8 8560 9340 10 7602 7264 9
7501 7597 5 9393 8655 9 9630 8006 11 8691 8669 9 8560 10314 14
8326 7078 9 9107 9945 8 9520 7266 11 7637 9182 12 8286 9775 14
5783 5800 3 10214 11928 9 8769 7802 10 10466 9309 13 10778 10653 16
8669 8742 14 8527 9605 14 9334 7016 11 8814 8503 8 7183 9762 19
8095 7976 6 8966 8933 10 9941 9275 10 9763 10216 12 8739 9640 11
10101 8734 10 11652 11924 17 7763 7308 12 7464 8546 9 10222 9954 14
8990 9156 11 9360 9106 13 11173 11934 19 8177 6944 8 6175 7592 6
10076 10379 13 8154 6389 4 10177 9054 13 8200 9833 8 7667 8681 7
6068 6103 5 8160 9106 10 9673 10803 9 7227 8530 9 11179 8292 13
9514 6973 13 6796 7711 7 8111 7441 7 9293 9300 10 9265 12178 17
8962 9794 12 7026 6596 6 8456 9432 8 8500 9113 6 10122 10335 16
9263 8105 11 7282 6727 5 6476 7847 9 8727 8621 9 11896 13348 20
11020 7653 11 7546 8642 6 7602 7569 10 7608 8379 10 8748 10399 16
8444 7551 12 8033 9427 7 9292 10794 10 9618 9051 8 10616 8924 17
8823 9743 15 9919 7919 14 9797 9854 13 8701 9117 7 7331 7542 11
7295 7858 12 8170 7104 10 10289 10409 13 8131 8813 6 10060 9258 16
8190 8264 9 10462 8756 13 7903 9068 12 8028 9341 10 9339 8811 9
8310 7254 8 11008 8105 11 8693 10435 11 9150 10642 10 8094 8378 8
12658 11122 13 7110 7117 7 5789 9155 6 8412 8784 7 9127 8043 9
7218 8747 8 7823 9216 5 8671 10161 13 10207 8952 8 8552 8503 12
7817 9620 14 9294 10792 14 10311 8517 18 7790 9192 8 10440 7601 11
12439 10266 15 10399 12326 14 7620 7538 10 8940 9563 15 8254 7650 10
7381 7429 6 8757 7835 7 10043 10117 11 7672 8497 6 8319 8746 9
8848 8199 5 11104 9134 12 7846 8882 7 9506 8590 16 8911 11623 15
7367 6151 6 6714 7394 8 10148 11244 11 9874 10212 16 9276 9216 13
10849 9824 8 8693 10759 12 8947 8952 12 8414 8223 14 7436 6481 11
10985 9897 13 10375 9863 11 9639 9987 11 9058 9320 12 7431 7166 6
9104 9662 13 9387 9692 9 10817 8929 14 6550 7685 12 9867 9107 7
6636 7222 6 9601 10149 16 9381 9973 7 9238 9902 21 9596 8039 12
10193 11095 11 10162 9910 12 7863 8138 8 8849 7095 8 8956 8751 9
8265 7884 8 9950 10889 17 7780 8682 12 8404 9742 7 10202 9335 11
8825 8341 9 7354 8645 9 10117 10005 9 8523 6507 7 7654 9064 11
8165 8644 13 8674 10515 14 8010 7957 7 8717 7763 11 11352 10977 22
9411 7811 12 7622 9420 9 8127 9910 13 8919 6980 14 8268 8015 6
8573 9293 12 9535 7532 5 9385 9450 15 8523 8646 10 7463 8210 11
6257 7521 8 11225 11146 9 9647 9117 7 8754 7435 7 8684 8980 8
10371 11735 21 9363 9203 11 7792 7084 7 12039 11805 18 7559 6457 7
7463 7788 10 11963 9930 12 7203 8893 14 9248 9434 17 7911 7576 15
9561 8220 7 9490 8870 8 8371 9032 10 7855 8427 13 9058 9591 14
8703 9533 11 8062 6926 4 9000 9258 6 7450 8399 7 7870 7663 13
9006 8156 8 8087 8859 10 10330 9444 13 9193 8446 11 7925 9334 11
9355 9738 14 9508 8704 6 8888 7610 6 7263 7397 5 9742 10582 18
8728 7115 7 9168 8900 15 9112 9290 11 9692 11162 21 7582 8098 5
8227 9588 10 7289 7295 10 8939 8086 9 8656 9252 10 8763 8618 8
6862 8262 6 9842 11237 13 8309 8903 9 9116 8735 10 9237 7065 5
10100 9559 8 11103 11306 8 10021 9211 8 7841 9012 12 7230 6143 8
10006 10023 9 7486 6685 6 7817 8684 10 9749 11507 13 10395 8264 10
8770 7722 8 8125 7356 4 10268 9412 9 8982 9315 15 7617 8317 11
9215 9714 11 9109 10215 15 9306 9142 6 10356 8987 8 7200 7095 10
9116 8608 8 9070 10261 9 9373 7133 10 8076 9093 10 7912 9834 10
10509 9291 14 9334 9588 11 9842 8685 7 6784 6821 7 7793 9998 7
9728 9668 12 8241 7413 5 7105 7726 8 10398 9931 14 8295 9821 15
10128 9481 16 10554 9155 12 7375 8077 9 9107 9077 11 8609 9794 10
9340 7191 9 7895 8283 7 10324 9548 12 8160 8528 10 9915 9989 11
9296 10019 12 9574 7729 14 8787 8926 12 8396 8381 8 8308 9124 9
9586 8918 11 8577 8215 9 7970 8370 8 7981 8647 9 8024 8659 18
7545 6669 4 7984 6726 8 7880 8717 8 7816 9572 17 10081 9519 9
8398 7662 11 8578 9490 12 8705 9487 17 8848 8852 13 7581 7119 7
7279 9035 13 9323 9195 14 10275 7489 14 9573 9201 15 8288 9996 14
9925 10323 18 8934 10087 13 9469 8634 7 7665 8983 10 8957 8390 22
8464 8518 11 7362 8298 9 10459 8643 10 8401 8945 7 8997 9589 9
9613 10219 9 9737 10035 8 7773 7766 3 9849 8695 10 10559 10138 14
9901 11788 7 9455 9477 7 9040 9477 11 11255 10276 16 9621 9812 7
8647 8799 9 7187 6316 2 8843 10156 12 10169 10791 17 10925 7807 9
7490 7867 8 6761 8796 7 10808 9104 14 9175 8570 14 10309 10381 14
9209 9673 16 8447 8102 9 7560 7790 5 8659 8200 7 8422 8431 6
10343 9744 12 7120 7638 9 7309 8643 15 8305 8430 13 8540 9175 9
9376 9454 8 6549 8229 5 9902 8623 11 7328 8579 10 10352 8881 12
7448 8239 6 9054 8864 12 9334 9307 8 8412 9512 6 9011 8605 12
10181 10999 14 7865 9436 8 10528 10440 16 8777 6800 9 8943 8264 11
11967 8728 7 10474 11874 14 9910 10253 7 8594 9444 6 8728 10061 10
9885 10799 13 9890 9506 9 8200 8130 8 10043 7808 10 7542 10079 8
11338 9545 17 9247 9972 10 7670 9285 7 9164 9075 10 9703 9014 7
9844 9483 13 8094 8551 8 7948 10195 11 10094 7137 7 8504 9719 7
8366 8117 7 10020 7982 7 8356 11611 9 10249 9209 12 9616 9088 10
9805 9439 9 9473 10158 17 8495 10095 6 10938 8239 9 8475 10004 9
9031 8657 10 8036 9230 10 7912 8707 10 8324 8818 7 11514 9187 17
8706 8678 11 10050 9944 19 9637 8726 10 7742 9584 9 8777 7673 10
8737 8664 11 6956 8859 8 8600 8305 10 8971 10809 16 10080 7429 7
7637 8330 7 8699 8118 9 8389 8373 7 9602 8357 6 9060 10504 14
9320 9575 7 9061 8732 10 7687 9192 10 8118 7752 9 8667 7494 6
11679 9611 17 7267 9097 10 7790 6884 10 9423 9291 13 8042 9918 10
8215 10594 12 8391 7715 18 10665 10124 14 8103 8460 8 8805 9370 14
9235 9293 7 9377 10332 10 11643 9631 12 9959 9133 7 9278 11177 15
7640 8774 8 7574 6901 8 8224 8490 11 10380 10022 18 7633 7606 10
9649 7923 16 9286 8295 7 8849 8455 8 9450 10845 6 6045 8286 9
9076 11219 17 8896 8020 6 9486 7445 14 8267 9038 8 9400 10522 19
8748 10441 17 11000 8818 11 8826 8529 6 7626 8918 10 7716 8386 12
5648 6313 4 8509 7775 9 8069 9356 10 9201 7590 14 8552 9198 7
9253 9432 10 10039 9036 17 7761 7240 7 7883 8453 12 8385 9233 11
4731 5718 8 10365 9197 11 8294 8160 7 7744 9622 16 9372 8541 16
9051 9256 11 9051 7552 15 10576 10106 11 9121 10731 8 9517 10412 8
7818 7842 7 11596 9759 12 9968 9886 9 8581 9387 12 8383 9136 6
8670 8784 7 7074 7307 4 9781 10768 12 8967 9192 10 9962 8891 12
6410 6933 4 8671 9157 16 9576 10614 16 11315 9702 13 8645 6922 5
9153 8828 10 10553 10049 11 8227 9290 18 10250 9147 11 8089 9040 13
7365 9713 7 10243 8842 15 7487 7590 11 8382 7847 11 7873 8201 12
8305 8473 8 10029 9508 8 9478 8890 14 8559 7945 7 7832 9886 12
9529 9530 10 10164 8725 15 7416 7408 7 9380 9940 14 9040 10176 14
10904 10538 10 9459 10009 9 9069 8284 13 9054 9533 7 8387 9845 9
9457 9174 16 7914 9370 11 8130 7101 8 9106 8983 11 6954 7941 9
7647 8405 11 8094 8586 9 6845 6644 6 10538 10452 14 10415 9767 10
9502 8455 10 8309 9049 10 10116 9270 6 9299 9430 9 6762 8798 6
9444 10014 6 10044 11097 4 9039 9911 9 8432 8389 8 10064 8717 15
8514 10662 16 9028 8140 7 8335 7232 7 8071 8586 9 8035 8704 18
7747 8376 7 7362 7475 8 10431 9012 16 8059 8360 9 9791 10772 19
8443 7744 12 8546 7918 7 8444 9616 8 8099 9357 9 9790 9172 14
9332 8763 14 9166 8029 9 9302 10792 9 9531 9755 15 8908 9602 11
11052 10673 20 6252 6826 5 7642 7492 5 9951 9522 6 9343 9161 7
9882 9274 10 8264 9511 14 9522 10193 7 9115 8843 7 11051 9311 13
7902 7774 13 8462 8054 5 9641 9140 13 8895 9113 8 8903 8807 12
7094 8095 4 8090 7961 13 6430 6627 6 10210 9340 13 10270 9358 14
8530 10130 7 9585 9142 15 9908 9282 13 10701 9794 18 7704 7781 10
9481 8368 7 9122 11386 14 10479 10093 11 8405 7053 16 8472 9232 14
7379 10036 12 9376 8684 10 10038 8208 9 11063 8940 13 7932 9664 11
6585 7985 7 7611 7600 11 10255 10957 19 8092 7385 11 7562 7439 4
9359 9546 12 9309 9451 10 8371 8536 7 10892 10997 17 9069 9032 11
8445 8010 11 10144 9187 15 8243 10833 7 10678 8039 11 8722 8526 8
9829 10166 13 8935 9699 12 7433 8786 5 9414 9197 8 10214 7720 11
8039 8041 6 11356 9756 11 9430 9620 10 8338 9111 9 8456 8822 12
9139 9122 9 7659 8210 7 9667 11374 10 8699 9179 10 9423 8225 11
8016 7392 5 8208 8701 8 8149 7909 7 8945 8066 8 7808 8397 13
9312 8929 9 10091 8821 22 7067 7944 13 8838 8310 10 10093 11387 11
8513 8358 13 8517 10763 8 8442 9192 7 8300 7179 7 9230 8098 12
10904 9883 14 7733 8857 7 8816 9269 12 8662 9291 10 9534 9867 7
8214 10151 11 9898 9171 12 8644 9085 11 8568 8470 12 9415 9011 13
6879 7471 6 9831 9279 13 7670 6491 12 7266 8381 10 10423 9393 9
11356 11099 13 8246 9647 3 7569 6041 6 9734 9616 13 7734 8949 16
7087 8844 11 6664 6437 6 9695 8711 13 8378 7973 13 10682 12224 12
10299 8302 11 9832 9443 9 7905 10040 14 9177 9870 15 6994 6359 8
10950 9129 13 7900 9692 10 8043 7069 12 8122 8022 7 9485 9302 13
7345 6484 11 7730 7225 11 9375 11007 12 8060 8083 8 9748 9757 22
8374 8147 12 7701 7482 9 8113 8145 13 8730 9163 11 7666 7450 12
8658 8535 7 9510 11311 16 7798 7021 7 10483 9701 9 9939 8964 14
9274 9752 11 10338 8182 13 9384 10713 14 8414 9440 5 7602 7330 5
8960 9506 13 11977 11397 18 9261 10886 12 8548 8482 9 9268 8020 13
8283 8161 10 9261 8575 9 9581 10488 15 7083 7946 10 8689 7965 9
10273 9781 8 8490 9713 6 7532 7830 6 10466 9374 14 10550 10414 10
11066 8926 12 8484 9068 10 6953 7867 5 10993 9835 17 6082 8085 10
7706 7799 6 10019 10132 18 9418 9171 13 8479 8490 10 7531 8069 9
10403 9989 11 9049 9579 11 8402 9591 11 8015 7107 13 9785 9147 15
10460 10205 14 8763 9349 7 8295 9954 15 10432 10151 14 9687 8880 9
5965 9078 5 10450 7635 9 9482 7418 9 9867 11083 14 8013 8542 13
8477 7769 10 9442 9993 20 6823 6727 4 10004 10910 19 9777 9376 12
10377 9298 10 7958 9253 16 8869 9804 16 8295 8192 10 7704 7701 9
8201 8728 8 10435 9073 14 10031 9052 12 8653 7920 8 8014 10373 10
9048 8901 4 9703 9816 10 7180 7920 8 9106 8524 6 8528 9961 10
6507 6575 4 10296 10298 13 8983 10065 9 8864 8730 7 10484 10736 13
8234 9701 11 7490 7595 4 8325 9490 9 10481 7395 13 9455 9822 11
8951 9363 10 8524 8681 10 9985 10243 15 8137 8330 13 8353 7505 7
7826 9456 4 8640 8225 13 6840 8735 5 10994 9542 11 9239 7536 11
9349 12719 15 9531 9463 12 8628 8942 7 9955 10205 13 9271 7760 13
7997 7711 6 9085 9624 13 9500 7268 8 8984 10133 11 7308 8460 10
10910 10104 18 7931 8649 7 9613 9613 6 10731 10938 10 9989 11182 11
11012 10019 9 9178 10090 6 7109 10191 15 7670 8131 11 10189 7373 10
10475 9920 4 10325 9543 11 9278 10340 9 7777 9226 6 7458 7889 12
7072 7506 8 9323 7837 6 9689 10978 18 9435 8770 17 8703 9455 10
7994 6563 5 10489 9876 17 6507 6794 7 8371 9482 11 9699 9541 13
8542 7667 9 6512 8121 4 8760 8437 9 8153 8005 8 9482 9593 13
9446 9662 9 9479 8709 12 8733 9238 8 6142 7103 8 11934 11395 15
6144 6694 4 10619 9578 13 7922 8160 9 8951 8515 15 8793 9402 19
8601 8890 9 9356 9166 7 10022 10093 15 7403 9702 13 9356 9175 12
10451 9644 14 7939 8487 12 9619 9501 13 9762 11976 14 10734 10009 17
8803 8500 8 8178 8883 11 8816 11338 9 10872 9431 9 7876 7656 12
7482 9049 7 7817 7219 10 9656 9196 7 8870 7973 14 9664 10795 15
9941 8286 12 11300 11819 20 6653 6670 8 7537 9867 16 8619 7550 9
8573 9425 11 9104 8521 12 8207 8490 11 6552 8395 5 8864 7567 17
10688 10578 15 6211 9221 8 10082 8554 10 7793 7186 11 7738 7074 11
9549 10963 20 8754 8805 17 9191 8618 12 6456 7440 7 9931 8903 13
9148 10621 23 7530 7748 8 8284 9291 9 8611 9291 11 8822 6737 12
9635 10886 12 9839 8640 17 8121 9194 6 9628 9955 13 8520 7689 12
7103 6780 1 8735 7759 13 9204 8869 14 9739 10718 9 8698 9244 11
8676 9443 16 7878 8089 10 6655 8361 7 10419 10294 15 8140 5795 9
7563 10646 13 7765 7841 4 11214 8837 15 7848 8732 9 8098 7975 10
9072 9054 7 10491 10781 8 7793 8833 10 10309 10999 13 8140 6757 9
10276 9802 13 7803 7458 9 10020 9302 12 8447 8443 9 7798 8995 6
9819 8005 6 8681 10406 8 10991 10511 18 9076 10761 17 6891 8042 10
11248 9354 10 8533 10237 8 8680 9497 12 7822 7472 7 10247 9360 14
10096 7003 12 8885 10812 11 10867 10727 11 9360 8402 14 7892 9156 17
10257 10564 13 9726 10634 13 8891 9829 13 8347 7689 10 7789 6983 4
8063 6819 10 8268 8555 7 9287 9645 6 8466 8937 13 9730 9361 11
8410 10498 9 9644 9384 7 6324 6274 4 10174 10179 11 9191 8738 15
10211 9471 9 7535 9233 6 9709 9954 12 10126 10316 11 8548 7887 7
11528 10274 12 8542 8289 6 7465 8517 8 8001 9091 4 9463 8749 7
8410 8888 13 8838 9699 14 9447 7870 8 8481 10644 13 8057 6943 12
10710 11410 13 8022 6610 7 9944 10929 10 9481 8931 15 8790 10290 14
9805 10186 11 8280 9025 7 9357 9091 12 7952 8127 10 8592 8497 7
9296 9762 11 9270 11797 10 8148 8403 12 10950 9524 10 8368 5895 7
8455 7693 8 8264 8825 7 8346 9142 13 8325 8264 8 9035 8156 14
10425 9630 9 8334 8925 9 9535 8012 9 7402 8224 9 8972 9873 12
7642 7722 9 8580 9296 14 5574 6210 6 8667 7469 15 9456 9931 13
9612 8834 9 10598 11215 8 7199 11295 14 10054 7278 8 8489 6692 6
9573 10213 11 9042 8937 7 9466 9130 11 6313 6352 5 10340 8509 8
10047 10113 13 7666 6854 10 5283 8421 10 10102 8963 19 7118 6753 15
9174 8087 10 7255 9096 9 12479 10962 15 9068 9514 12 7548 8791 9
6585 8774 7 10204 8394 9 10386 11132 13 8571 8115 8 9648 9331 12
7800 8455 6 10259 8488 7 10870 10159 11 9519 8873 16 7479 9500 14
10008 7369 9 8150 10170 9 8068 7978 9 7754 7642 11 8662 8351 8
7224 9052 12 11425 11840 15 9156 8195 12 10752 10074 15 6121 5435 5
9357 10598 12 9457 8285 5 10842 9558 12 8411 9495 11 8016 8926 7
9751 8938 7 7906 8312 9 9221 10179 8 9355 8164 13 9461 9861 11
10037 10746 10 8974 9091 12 8922 9503 6 8348 7912 8 8830 8463 6
12523 10555 19 9153 9534 6 7033 9028 5 8121 9537 6 9773 8096 11
10050 11613 8 9925 8644 8 11488 10156 12 8359 8754 7 8057 9660 14
9911 9440 3 7026 7804 9 7635 8329 6 11580 11317 14 8632 8878 11
8783 9208 15 6575 8151 5 10836 11105 20 8944 7580 9 10244 9534 17
6626 8444 12 6135 7376 7 9728 9233 17 9942 9341 15 8341 7517 7
8840 8966 8 11798 9964 9 6509 5508 2 10042 11870 11 8083 8731 14
10610 10820 16 11228 8646 14 6884 8713 5 7168 8688 7 6772 7395 9
11016 11211 17 9712 9441 11 9064 9428 15 9564 9771 15 9097 7729 11
10197 8539 9 9833 10519 12 7617 8371 6 7860 9233 7 10205 9608 11
10286 10729 15 9525 9257 14 9437 9333 10 9886 9992 12 8455 8088 4
7803 8223 5 7657 7503 9 10452 11822 14 9354 8702 6 11583 10417 12
10421 10816 15 7474 7968 7 9781 9502 10 7594 7899 12 8002 8682 12
10140 9271 8 7892 6420 6 8566 11064 8 9008 10118 8 10014 10290 10
7707 8610 8 7590 8945 15 10009 7580 6 10045 9869 15 8510 9189 14
10175 8633 9 11845 12035 21 7407 6357 4 9093 9296 6 8450 9821 5
6022 8154 10 9434 9257 10 7257 6681 9 10229 9777 11 8221 7251 9
7902 8615 8 9406 9857 12 7990 7220 9 11249 10629 23 7371 7328 7
9584 9252 8 8411 9927 12 10146 9032 9 9713 8053 5 7538 9462 14
10789 11405 13 11974 12815 21 8913 7847 8 8427 8293 5 9610 9254 12
9604 10278 10 9675 8715 13 8629 10528 12 9524 8263 14 8549 8368 10
10592 10716 18 9001 9712 10 8535 7579 11 7149 7047 6 7369 7736 14
10182 9553 11 7726 7957 10 7642 8344 10 8775 8363 8 8967 9338 13
9643 9697 11 9797 8892 7 9507 9081 10 8828 7517 4 7459 9879 15
7524 7007 8 7933 6901 5 8945 8459 18 8201 7966 14 6963 8974 11
10314 10396 16 8900 9837 10 10041 8120 14 9593 9568 7 9502 9037 8
6801 6821 7 7197 7070 5 8469 11079 10 7469 6820 6 10688 9658 15
9626 8489 12 10733 10625 17 10693 10912 8 9052 9879 8 6300 6245 4
10904 10475 13 9758 9289 13 10206 11961 12 8028 7595 7 7394 7756 8
11254 11295 13 10514 10326 18 8835 9701 7 8105 7652 5 8788 9058 7
9976 9443 14 10398 9269 15 9159 11554 22 6949 6886 9 8035 8125 8
9584 9184 8 7542 6741 7 10803 11274 13 8254 8837 4 9049 8751 4
8752 9199 13 11532 11620 23 8896 7942 9 9640 9266 16 8184 8615 11
7961 8213 8 8432 8457 7 9076 7939 11 11476 10203 22 8756 9308 9
10274 8307 9 9043 9725 6 8753 10015 7 10021 10149 8 9545 8847 12
8254 6945 5 8518 9372 11 8226 9303 9 7800 7283 10 8449 9331 17
10290 12479 9 8811 10238 14 6889 7187 6 11950 10512 13 9196 7815 7
6999 7990 8 10081 8733 10 10337 11698 15 9620 8751 16 6761 6387 9
8200 8305 6 10397 11104 16 7488 6957 12 8505 9637 14 9214 8684 10
9203 11681 15 9772 10380 16 9113 9942 15 8747 7279 9 9824 8460 9
8140 9462 12 6920 8125 5 10550 9951 11 9808 9722 17 9700 7984 11
8458 9539 13 8452 7580 15 10500 7475 15 5992 7253 5 8798 9938 17
8402 8744 11 9248 8974 12 7412 9207 13 10504 11081 13 9429 8200 9
8269 8084 9 8448 8994 11 7772 8289 10 8000 9411 8 10638 8909 12
8939 7756 8 8279 8794 11 8539 7454 13 9783 10591 9 9126 10084 12
6323 7045 6 9349 10476 16 9001 8070 17 8358 7837 13 8894 7884 13
9601 8234 9 7038 8175 7 10954 12438 13 11230 10570 8 8620 7946 10
6422 6897 3 9613 10597 13 8466 8235 8 7099 6998 7 9702 8480 7
9192 9474 13 10783 9071 9 10672 10814 13 8105 8558 7 9425 10423 12
6279 8922 6 11970 11512 18 8746 8704 9 11299 9571 11 10018 9574 20
9599 6805 8 8422 6206 6 9999 10643 10 8717 10190 9 8619 10760 8
7656 7476 8 9585 10166 13 9113 8504 10 6916 9176 19 9209 8573 8
7805 9343 8 10758 9436 8 10653 11113 15 8420 9740 4 8795 8442 7
7810 9616 7 11646 10894 11 10733 9062 14 6610 8124 6 10053 9570 8
9882 8240 7 8663 10766 5 8958 9495 6 9382 10307 12 9460 9315 7
8303 9266 10 9062 9173 11 9242 9831 10 11200 9307 9 9390 10092 8
8204 9643 13 6103 4655 1 7425 7554 7 8517 9119 9 8661 8011 12
10191 10520 19 8793 7092 8 8910 9217 13 7724 7117 11 8038 9456 14
9395 8755 9 10003 10495 11 9885 10123 11 8567 9157 9 9164 9410 7
9125 6753 12 9015 10443 12 7439 8987 13 10640 9989 13 9272 8112 13
11626 11774 13 10620 9424 14 8052 7991 8 7582 7706 6 9076 9661 16
7523 6437 9 8676 9335 9 10059 9270 13 7795 8487 17 8597 10267 11
10541 8363 16 8206 8801 11 9732 11608 17 6653 7099 13 9108 8514 10
8012 9124 9 8429 8527 13 10341 8255 6 8026 8618 12 8616 8915 17
7677 6489 5 9248 8718 11 7735 7290 5 7096 7941 12 6627 9642 11
8999 7754 11 6718 9275 13 7661 7338 8 6927 8371 10 10598 7138 19
11928 11866 8 9019 10934 8 8556 7333 7 9888 9714 16 9735 9394 9
9323 8448 10 9081 8756 7 7608 10372 11 11059 9527 10 7224 6970 7
10646 12642 14 7928 8705 9 7782 7758 6 9287 8111 9 8914 8367 10
7896 8398 8 10741 10651 19 9667 9191 14 9217 9714 15 7301 7281 11
9444 9480 6 8998 9379 4 8296 8463 4 11253 10026 12 8412 7475 5
9790 9067 10 8937 8689 9 8317 10093 9 10291 9675 17 9170 10014 15
11325 9729 17 6103 7169 10 8994 8383 10 8840 10430 13 7198 6744 14
8196 8357 12 8491 9350 8 8626 9015 10 9096 7569 12 7661 8787 10
7413 7965 4 7302 9192 11 8477 7723 7 11246 11717 10 9576 10155 9
7808 7990 8 8571 9669 10 7035 9141 6 8921 8581 12 9668 8944 14
7962 7213 6 10904 9619 15 9439 10143 12 7165 8656 9 9102 9248 11
8567 8140 9 8335 8906 13 8813 8601 9 7523 9349 9 8797 7298 11
8668 7126 11 9202 8725 19 5751 5743 6 8210 8506 13 7714 9478 11
8390 7171 9 8924 10090 14 8810 9120 14 8743 7744 13 7675 9276 6
8068 7786 8 8062 8541 8 10561 10841 11 10299 9142 12 8907 8861 9
10140 8996 13 8545 10347 9 9014 9179 7 8904 8504 8 9477 9517 12
10221 9966 16 9345 9169 15 9154 8556 11 9102 9299 12 9514 8643 9
7573 6613 12 7597 8351 15 7705 9821 19 11391 11230 12 9102 6362 11
7909 7084 11 10204 9525 13 8356 11058 14 9691 10714 16 7271 6553 7
11074 8148 18 9838 11932 16 8303 8576 13 7674 7235 15 6618 7377 5
9400 7812 14 7558 7424 10 8560 8902 9 9153 9600 14 8113 9254 8
7467 8233 10 10314 10350 13 12411 11672 23 8009 7189 3 7752 8298 12
10500 10593 23 7850 7181 9 9135 7545 10 8411 11220 20 8821 7677 17
8975 9220 11 9158 10474 17 8488 7276 4 8214 7773 12 11441 10612 20
7156 8283 6 9781 7902 6 8603 9617 13 10867 10019 14 9598 10426 11
7515 9546 12 10297 8670 11 8342 8402 14 10079 10387 18 8172 7673 11
9451 10177 11 8006 6852 5 6868 8965 5 9003 7411 9 9030 10365 17
7763 7769 10 6184 6503 3 8531 7865 9 9233 9392 13 8547 9079 7
11280 10079 15 8863 8462 11 10275 9658 17 7083 8239 5 6808 7797 13
8351 8612 6 7015 8894 12 10292 8877 16 11176 10385 11 8000 7876 9
7805 9837 6 10702 10851 11 9894 8801 11 7337 9130 10 10152 9024 13
7639 8184 4 10123 9050 16 8462 9205 9 9661 10158 17 9655 9820 16
7822 6768 8 10756 10235 14 9675 10087 12 7446 7338 8 8465 9102 12
9610 9256 14 7854 9221 12 8705 9546 6 10006 7945 19 8415 9568 6
10536 12843 13 11104 10634 16 10585 10378 5 9771 7439 9 7932 9106 12
8625 9477 7 9680 10629 10 9845 8109 11 8546 9783 17 7279 6343 9
8991 9798 12 10344 9953 12 10696 9375 20 6930 8696 7 7109 6932 7
9279 9948 15 8233 7499 12 9516 9757 9 8834 9153 11 6862 7101 5
10026 9197 14 6652 8465 7 12075 9256 12 8163 8538 12 7980 8580 13
8815 8703 13 8541 8434 13 8865 9576 20 8698 8458 12 7789 8826 12
9328 9980 13 9719 11420 9 8392 8726 9 10300 9243 9 11709 10573 15
9771 9579 6 9564 9590 11 9473 9014 11 10139 9693 14 7974 8225 15
9024 8344 13 8909 8032 10 9649 9005 13 8288 8616 11 8103 8893 9
7694 8208 14 8235 9008 6 8849 8976 4 10858 9225 11 10284 9164 11
7002 6899 5 8041 8237 8 8985 10158 10 11241 7953 15 8481 10081 14
6639 8353 7 11275 10331 13 9787 10083 8 8498 9903 10 11734 9535 14
11542 9529 12 8978 8403 6 7211 8312 11 9626 11117 15 7114 7853 8
9938 10108 11 7732 7720 8 9733 10386 15 6116 8029 5 10565 8739 11
8527 7704 14 9402 9378 6 9686 10500 14 8736 10360 10 8480 7957 10
10878 9608 10 7153 10281 10 9729 9035 7 10422 10523 8 7470 7402 9
7898 8413 7 11137 8863 15 8703 9950 8 8819 9897 4 8324 9147 11
10021 10028 10 9725 10368 13 9285 8472 9 7576 7965 5 11462 11197 9
7352 8748 9 12016 10212 15 9030 9238 9 7680 8168 9 9387 9265 11
9054 8218 13 8136 7329 10 9056 8120 4 8931 10833 16 9114 9637 11
10755 10678 4 8115 7519 5 7187 8047 5 10862 8529 14 9220 11994 8
6824 9769 14 10843 8634 11 7018 7514 10 8313 8349 11 10530 9068 11
7190 8083 7 10853 9061 12 8609 9029 11 9784 8815 10 8540 10603 7
10591 11489 15 8851 6773 7 8157 8452 5 8869 8964 10 7786 7984 11
9986 9979 14 10361 10288 7 11789 10239 16 6066 8314 5 9626 9739 12
7113 8648 4 7525 7677 4 9120 9505 5 11285 10905 19 10915 9064 9
7949 7310 3 7592 7596 5 7837 8390 15 10577 8955 14 9296 10647 16
9958 8091 12 9167 9298 6 8965 12398 13 10014 9323 16 7803 6309 9
8560 10821 9 8189 8439 11 11633 10541 10 7032 8238 3 9269 9256 19
8707 8633 11 8471 9413 9 9220 9980 8 8546 7247 4 8878 9975 8
9101 9384 14 10068 10245 8 9201 8329 11 9522 9383 8 8350 8273 9
6654 7073 6 10481 8832 9 8367 8691 7 8742 9215 12 8887 9665 14
9817 10804 10 9008 9160 13 9960 9345 11 9450 9738 10 8399 8486 15
7656 9389 10 9126 8834 13 8014 8882 7 10562 8531 17 7588 8611 8
7597 8395 6 11513 10946 11 8605 9110 10 9175 8715 11 8939 9241 10
7191 7300 4 9896 9220 9 9479 10272 8 11600 10204 18 7591 8868 6
9147 9736 6 10470 9307 12 11516 11107 15 8347 9946 10 8679 9192 9
8101 7746 11 10263 9657 13 7976 9940 12 8672 8351 12 10345 9650 14
10803 9226 13 9198 7984 4 5926 8418 10 7028 8711 4 9805 8881 13
10327 10686 19 6694 9479 2 11791 10776 22 9371 8169 17 9532 8774 14
8523 8468 12 9032 7924 9 10612 11346 19 11801 10926 9 8741 9362 9
6060 6207 9 8642 8541 9 7088 7771 10 10461 10702 12 9508 8320 12
8589 11010 16 10246 9858 7 6954 7727 4 9218 8031 4 10008 9693 9
9125 8054 10 6738 8678 7 9349 9163 10 11394 10548 17 8377 9215 8
7959 10776 14 8249 6387 11 9290 10273 11 8136 9669 10 10836 9024 11
7326 8045 12 10067 10552 20 9347 9746 9 8771 10470 8 10200 8321 11
7764 8074 7 9471 9905 8 11470 12426 14 7612 6923 4 9028 9279 9
7451 7019 7 8800 7759 9 8111 7991 10 8019 10103 13 9819 8436 15
7969 8102 10 8309 8161 9 10813 11945 14 10478 8738 14 9231 10104 11
11303 10418 17 8974 8646 11 10363 10482 15 8228 10104 6 10114 9299 11
6509 8425 5 8372 9259 13 9183 8619 10 9567 8235 18 7487 7309 8
8547 8367 17 7393 7187 7 10362 10303 12 9287 11618 14 7958 6377 7
8033 7660 15 8202 8500 7 10784 11807 16 10858 11066 17 7180 7127 4
8012 8145 5 8489 8627 11 7306 9120 8 9103 10386 11 10780 8321 8
8698 9681 9 9176 11180 10 8414 7936 10 9787 8468 6 8613 6818 7
12639 10814 16 10888 9673 13 6385 8048 10 9285 11277 11 9043 7869 11
8581 10873 10 8851 8830 9 10814 8823 19 7469 7171 8 8617 9142 6
8966 9148 8 9394 11749 20 6160 5242 5 10546 9045 8 7479 8327 5
8743 5560 8 10872 9478 10 8829 10207 14 7651 9971 7 10378 10835 13
8437 7234 7 9768 8503 13 7860 9700 9 7789 8110 14 7020 7967 11
10942 11262 19 8541 9891 14 9717 8573 11 8243 9780 9 9449 7632 8
10499 10812 9 8286 8422 10 10874 9649 14 7045 7576 4 6793 6891 7
7107 8768 12 9569 9241 13 9216 8151 5 8315 8428 9 9687 8329 10
9020 8128 13 6837 8964 6 9061 9477 10 9807 9881 14 10598 9077 11
8647 9405 11 8609 8707 11 8994 10750 16 10290 9906 10 8127 7275 11
6283 6610 3 10598 11532 14 9293 9358 11 9829 9111 11 11098 10251 13
9467 8444 9 6252 7932 9 8033 8290 10 10500 9227 15 7506 8774 15
8855 9460 8 8012 7847 7 7516 7101 5 9718 10468 13 8516 7900 8
9352 10213 12 10929 10949 16 9818 10990 12 10590 8383 6 7765 9261 7
7934 7325 10 7461 7469 12 9276 10126 14 10459 8132 14 6552 8257 7
8944 7498 18 7784 8812 13 5368 6509 2 8934 8890 9 9418 9357 15
7305 8751 5 8707 6140 11 8200 9616 9 10681 10491 17 8351 8808 13
9412 8956 9 8770 9455 14 9843 7905 17 8984 9036 16 7548 8400 10
8858 8561 13 12027 10484 13 7520 8360 11 9534 10511 7 9568 8746 11
8282 8963 9 9451 9403 9 10563 10235 14 7870 7626 8 9648 9043 18
10817 10290 10 8487 7839 2 7825 9419 12 9164 8803 8 7968 8978 11
6161 7812 6 9899 8314 15 7968 9833 9 7898 8594 15 10636 9706 18
8644 8965 11 9067 10920 15 8089 8075 12 10296 9050 15 8754 8064 16
8403 8564 10 8748 7194 9 9019 11190 8 8799 7713 9 8238 9937 5
9322 9671 9 7587 7769 8 7448 7415 14 9002 8797 14 9744 8694 17
9147 9178 12 8335 8644 6 8697 9466 7 10596 10186 20 8813 8365 8
7675 10025 11 9961 9015 13 9720 8867 12 9601 8276 10 8190 8400 7
9821 10074 10 7709 8604 14 10168 9614 10 10872 11722 16 6806 6764 4
6479 9926 10 8975 6364 4 10135 9220 11 7052 9112 10 11213 9139 8
6984 8071 6 11146 8213 17 9774 9969 9 8322 10370 8 10893 11232 17
8117 11618 17 9324 7154 12 7868 9275 7 7034 5426 9 8920 9065 12
9121 8581 5 7546 9259 13 7959 7143 8 8837 9483 7 6720 7723 8
7691 8587 8 8998 10002 14 11381 9943 10 6547 7004 5 7088 7338 16
12363 11022 18 8835 9917 8 9563 10818 11 7993 7440 7 7470 6378 6
8800 12569 11 9386 8326 10 9497 9023 7 9888 8694 16 9032 7152 10
7604 7825 8 10965 10751 12 10763 10506 13 8231 7907 8 7744 8301 6
10365 8840 6 8341 8769 13 7986 10498 7 9222 8683 13 8698 8742 15
9395 6273 12 8539 9356 11 8704 10776 12 7636 8625 17 10886 9893 12
9269 9286 10 7354 10446 13 9470 8122 8 8210 7902 6 8675 9371 12
10032 10187 13 9307 9956 13 8496 9435 9 8260 9291 13 11064 9502 15
9445 9947 19 8305 8711 9 9440 10334 9 10382 8537 9 8393 8287 12
9033 7707 6 10015 9853 19 7396 7875 10 8124 7733 5 6989 7951 12
8231 10017 11 7803 9004 8 8684 9112 7 10410 9497 21 8279 6666 10
9172 10869 13 8324 7305 10 9561 10489 10 8435 7929 11 10073 8259 17
10004 9371 12 7888 7444 4 9075 11518 15 10491 8659 12 10235 10848 11
7461 7167 4 11345 9152 8 8918 9767 13 8195 8322 7 8851 9420 7
9435 9367 13 8291 8868 15 9649 9265 11 6340 8101 1 9757 8486 12
8199 9658 10 8885 10149 19 8645 7815 14 9794 8476 11 6479 7486 9
9557 8966 9 10266 11929 9 9089 8455 11 8823 8062 9 9050 9253 10
7358 8968 6 9121 8337 8 8908 11512 12 11306 8564 14 8427 7850 10
9101 8455 13 10652 9820 20 8947 8595 8 9255 8501 18 5984 8302 8
7965 9501 15 9050 9558 13 9510 7810 15 7891 7090 5 7679 8110 7
9233 10104 11 9839 9158 10 9317 10017 14 9692 8301 7 7745 8669 12
9484 9319 10 6878 8376 8 9335 10058 10 8827 9210 11 8087 7396 9
9090 8179 6 8534 8761 7 9047 7973 12 7985 8581 10 9960 10740 11
8634 8640 7 8452 8698 9 6854 9244 5 8155 7170 12 9714 8950 8
7534 10650 13 9117 7855 9 7697 6807 10 10343 9879 12 7940 8244 14
8172 9191 11 8674 8460 9 11440 9013 12 7775 10363 8 8824 8990 12
7806 8329 9 8040 7741 14 8683 8103 8 8020 9190 10 9360 8475 9
9026 7373 9 9331 9480 17 6241 8580 7 10272 9561 12 8327 8857 11
7814 7865 11 8804 7883 15 7470 7542 9 6599 6944 8 8147 9220 11
7823 8699 14 9101 7749 6 8851 9842 13 9722 9646 12 5903 6223 6
8576 11374 16 8607 7401 10 9257 9496 10 9153 7814 7 8295 8253 10
9705 9273 13 9166 8929 10 9083 9298 14 9726 9194 20 7938 8123 8
6880 8132 7 9432 8915 9 7921 7720 9 10928 9892 11 10058 10099 16
8839 9351 12 8614 7878 10 11323 9102 9 8640 10449 11 7388 9543 5
9592 8074 13 10611 10304 13 7437 10191 6 10868 9802 11 8222 9466 3
7925 8999 18 9217 8979 16 10131 9717 15 7337 6458 12 9457 10481 16
10421 10429 8 8409 7090 12 6926 7064 4 8239 8553 3 9448 10958 13
7065 9591 6 9685 8734 8 8738 8020 7 8206 8045 10 9736 9606 14
10331 9651 16 9061 7637 9 6283 7001 2 9359 10882 10 8184 7934 7
10528 9309 8 9712 10639 10 10195 10388 11 8697 8138 11 6962 7695 7
7573 7642 9 8935 9264 9 10285 10030 10 8145 8501 7 11467 10717 10
9606 7849 13 9442 9154 8 9780 9385 11 8416 9689 17 7864 8498 8
7008 8276 4 8444 10128 14 8149 7905 11 10586 8734 8 9417 7982 10
11688 11061 15 8211 10875 10 10459 9169 11 8229 8324 7 11292 9560 10
7708 8748 9 10450 10462 11 6666 7318 7 11664 10036 15 7980 8885 11
8092 6736 8 8280 9119 4 8609 7759 9 8716 10488 13 8556 8724 9
8347 8756 9 7582 8987 13 8322 8205 10 9242 9376 13 8559 7479 16
7011 7880 10 8601 9222 10 8919 8781 16 8463 7534 8 8972 9189 17
8081 8730 17 8197 7713 13 8559 9470 8 9434 8074 12 8459 8624 10
7767 7493 9 8519 9709 18 7968 6731 7 8338 6636 13 10288 11050 19
9150 8973 10 7315 7026 5 8201 9967 6 8769 8495 4 10303 11054 10
10126 9923 13 9068 10980 14 7817 8590 7 10573 9671 13 7747 7619 7
8962 10780 19 8786 8999 10 8377 8755 7 7996 8393 8 7352 6156 6
10471 10678 16 7905 8727 10 8911 9484 14 9407 8852 10 9223 7731 9
9158 8078 16 7558 8053 10 7009 8357 8 7723 8902 16 8094 6877 6
6452 5662 4 9951 8177 10 8369 9170 13 8364 10874 20 9465 8858 10
7634 7378 8 9927 8851 13 7269 8201 6 7957 8029 13 7244 7763 10
7763 7441 9 8091 9650 12 9522 10173 12 9395 8270 11 9087 8857 13
7526 8132 13 9527 11460 24 7926 7029 13 9818 8371 19 6604 7123 8
9250 8619 12 7404 6847 8 9975 11307 12 8357 8771 13 9308 9326 12
10047 9259 9 8104 9257 10 8001 7433 11 8818 9070 16 7787 7521 4
9883 9775 10 9428 10168 15 6881 10012 9 10823 9945 11 9824 7035 10
8150 8437 13 7394 8340 5 6342 6439 5 8303 7393 5 10189 10001 13
7027 6276 3 7328 9325 10 10023 9663 10 11423 9182 8 7663 8058 6
7591 6453 5 11852 9859 13 9296 11680 15 10071 10279 15 6886 7030 7
10309 12077 12 9560 9363 4 9503 7850 13 7463 7692 9 9231 8940 16
9208 9508 9 11023 10116 15 9401 9338 14 9251 7888 13 6305 9136 7
10851 11012 17 9639 10069 10 7864 7671 9 7799 8948 7 8300 7828 12
9920 8454 11 8998 9299 9 8400 9763 12 7585 9413 9 9061 8421 11
8853 10148 12 7747 8543 7 9889 9501 18 9335 8353 9 7931 8461 8
7429 7803 5 9556 9115 5 10400 8953 8 9500 9448 11 8683 11169 19
8822 7051 6 9115 9211 7 7873 8768 16 9066 10423 7 9945 9873 15
9441 9257 12 7181 8285 9 8948 11705 13 9159 8746 13 9464 8203 7
9619 9847 11 8821 9278 11 8602 9881 11 9455 8859 12 8918 7770 10
11399 10564 14 7897 6915 5 10237 11321 14 9339 10136 7 7306 8099 11
6104 8079 9 7987 7695 11 11528 9805 11 9950 9960 15 9275 9132 15
7426 8180 7 7615 7941 14 10468 9030 9 10191 10680 13 9274 8976 8
9442 10880 16 8953 9952 6 9029 6455 9 8392 9787 14 7606 7319 12
10698 11016 15 9724 8963 12 8195 8796 8 8028 7898 12 6986 7987 8
7769 8531 7 8010 7685 9 10242 8144 14 10099 10372 11 8460 8861 12
7700 7607 9 8339 8120 11 9431 8985 21 7599 8009 15 8311 9154 16
9847 11037 15 7593 9220 9 8822 8437 7 9119 8080 11 8365 8409 8
8798 8971 9 8782 9713 11 9079 8874 11 9961 8419 8 8313 8971 9
8011 9404 9 11118 8416 13 7973 8031 7 7485 8105 12 7293 7788 9
9194 6351 7 7615 8931 6 8506 10632 13 8195 8581 10 9145 8532 8
10004 10107 15 9587 8142 13 10141 10525 18 6165 6526 3 7544 8335 13
7614 10062 12 10169 10809 13 9643 10368 14 8050 6830 14 9327 6765 17
11248 8784 13 7732 8965 9 8772 9548 9 8063 8482 10 8553 8775 11
8671 8939 6 9215 9462 9 9732 8850 7 7885 7597 8 8971 9614 16
7719 9367 5 8813 10970 6 11449 8928 10 10306 9542 6 8805 9060 9
8752 9597 17 7274 7585 5 8054 7062 9 9376 9431 13 8456 7353 10
9161 8869 10 9035 9786 10 8200 8778 4 8643 8769 13 8310 7510 11
6659 8047 4 8121 9093 13 7674 7926 8 10392 8544 10 11067 10761 16
10591 9879 13 8950 8700 7 7933 7555 10 5881 7437 4 9049 9441 10
8962 7885 7 9176 9264 15 10006 9856 18 6806 9149 6 9629 8554 14
8388 8833 8 9239 10620 16 8407 8010 11 8575 9518 8 9114 9517 10
7469 8638 13 9625 8250 12 9603 9140 12 7293 7206 14 8949 9590 11
11114 9135 7 7371 9170 9 10592 10133 14 9480 9865 10 7986 8559 11
10140 9593 15 7310 8235 7 11537 10835 16 8533 10138 9 8309 7828 9
7488 8797 5 6691 6407 6 8005 8178 8 9699 9654 15 8590 7891 8
9955 10320 16 10482 9592 11 9392 8840 7 8504 9714 20 7203 6649 8
8193 8047 16 8805 9456 7 8955 9159 11 7409 7791 6 9005 9000 6
6959 5691 4 11009 10060 10 10022 10092 8 6719 7059 6 8214 11142 16
8792 8050 5 10629 10157 11 8323 8581 11 9724 9431 5 6937 9250 9
8372 7882 6 8644 7255 8 8456 8898 9 9376 10003 12 8615 10140 17
7252 8006 6 10326 9168 13 8367 8228 6 8856 10731 21 7649 6990 8
7830 8604 14 10679 9626 18 9046 9537 8 7612 9157 15 8865 8081 10
11403 9904 16 7349 6196 5 10495 12668 10 6751 8145 4 8355 7643 14
8677 7972 7 8559 9156 18 10123 7863 6 8683 9357 13 7725 9175 7
7577 8289 6 8087 7950 13 8847 9788 17 9777 9524 10 9310 8590 15
10880 9991 20 9207 8415 12 8631 8282 8 7778 10684 6 7878 7642 6
8065 9500 6 9985 9207 14 9732 9136 5 8718 8475 5 8144 8655 13
9095 8143 15 8382 8915 11 8704 9033 11 8703 8103 9 8583 9127 16
8476 8711 13 8163 8430 12 7975 9990 17 9807 8433 10 9268 9076 7
7062 7987 6 7549 8102 9 10345 9005 13 9201 9273 13 7605 7816 7
9815 11237 11 10242 8815 14 7855 8336 6 8997 9516 15 9038 8425 10
10498 10991 23 9287 8618 11 8582 9836 12 8042 9392 7 9905 7933 16
8859 10113 14 8950 9067 14 10044 7945 13 6933 6943 6 8652 9799 16
9642 9925 13 8755 7473 7 9211 10895 15 9965 9929 18 9913 8924 16
7702 8375 5 8284 6452 8 8811 9683 9 9496 9244 8 10899 10839 10
10326 8725 10 10113 8652 14 9195 9710 12 9335 11006 18 8315 9565 16
9881 11333 12 7746 6885 5 10226 11451 19 9344 8662 6 8785 7573 8
11363 10459 19 9581 7575 17 10888 9633 16 7231 9672 11 8392 8752 12
9906 11580 16 6511 7398 4 9140 9088 14 10473 9120 8 8887 7538 7
9435 9922 10 8712 8291 5 9011 9109 8 8568 9413 9 7955 7340 8
9718 11134 11 7808 8132 9 8470 9882 10 9626 9180 14 8582 7851 8
8090 7792 8 7420 7554 1 8028 8126 8 9796 9652 13 9508 9148 16
9916 9075 14 10973 9743 15 9782 10572 9 7513 6660 6 9436 10910 8
8343 7483 8 10008 9324 16 7990 8341 13 9234 10707 17 7562 7896 11
10605 9897 11 10282 10686 10 12465 10055 9 8530 8545 10 7261 9238 8
9049 9344 14 7031 9605 9 8099 8441 8 10087 8635 7 9932 9076 7
11998 9507 7 10342 10618 9 9206 10583 10 10526 12121 17 8768 8329 3
9181 9888 15 7181 8007 7 9197 8430 12 10182 8609 15 7582 8837 12
9919 8257 9 9989 10513 14 8530 8373 9 7889 9035 8 8413 8856 20
11624 10249 15 8450 8497 4 9898 10975 10 8169 8040 8 10149 9020 9
8728 8736 6 7637 7744 7 10325 11349 13 7813 7967 9 10415 9276 15
8961 10296 9 10314 8304 16 9557 7607 8 6895 7985 8 9062 9602 14
8680 7084 10 8452 7956 8 8810 8942 10 8404 10911 11 9283 9140 10
8645 9626 8 10008 8492 7 8946 9870 17 8290 7376 7 8721 9650 12
8855 9504 8 10752 9532 16 9639 8545 6 6279 8693 10 7622 7403 13
6648 7352 3 9252 9161 9 7996 8956 7 11603 11168 16 10672 10766 9
9718 10273 13 8557 8442 10 10025 10085 14 8846 8819 7 8682 10143 9
10960 10582 12 9790 8125 9 9044 9979 7 7273 7610 6 8771 9989 13
7911 8353 11 8795 9253 8 9625 8510 12 8197 8617 8 10069 10618 10
8039 7671 12 7583 8129 10 8092 7782 14 6053 8554 11 10497 9486 23
8635 8288 9 9837 11167 9 9836 8816 8 8618 7006 4 9352 10546 10
7834 9255 14 9251 8407 9 10502 9103 12 9797 9566 13 7821 9183 11
11070 8982 13 8135 9685 14 8350 8921 10 9050 9214 10 9262 9412 16
9053 8958 11 7245 8115 9 9550 10058 9 8847 10374 9 9257 7883 15
9797 9919 16 6921 7258 8 7017 8399 6 10753 8772 20 9170 9789 15
5959 5948 7 8365 9225 12 9051 9966 12 9654 8631 13 8289 9294 14
10470 10582 16 8350 9128 10 10633 10800 6 10322 9674 15 7890 7049 9
6033 8107 6 7485 9232 5 11082 10228 7 10551 9308 12 9639 8748 14
8124 9852 13 10423 10722 19 10948 8629 15 8818 8992 11 7462 7936 6
8722 9923 12 10057 9456 5 9979 9759 14 7522 7311 5 10794 10278 14
8424 9160 7 11003 9925 16 10102 10208 14 8132 8642 6 11349 10258 16
6379 8893 12 10797 8980 13 11352 10825 18 8463 6740 6 6821 8622 7
9674 10509 7 10335 9512 11 9371 8790 8 10769 10903 16 7129 7632 5
9696 8394 18 9236 10530 16 8678 9061 15 8057 8404 9 7602 7619 8
9323 8442 10 8869 9483 19 8261 9112 13 7760 8334 15 8601 8194 20
8870 9618 10 8596 8530 7 8327 9575 8 7445 7192 5 9433 8753 14
9115 9864 10 8710 8154 7 8511 8745 10 10290 11356 13 8973 8336 14
9201 8143 9 10404 9991 13 9259 9956 10 9233 9799 14 9089 9885 17
8839 9644 8 8801 10111 11 9366 9803 10 8377 7867 8 10857 9293 15
8987 8116 12 8137 7795 10 6810 7732 4 10510 11435 10 8467 9690 12
8324 9118 12 9503 9651 12 8797 9412 11 9887 9378 14 7327 7321 7
10599 10345 18 9013 8042 11 9433 12956 13 9123 6372 8 8350 8214 11
6469 7655 9 7987 7069 8 7679 8394 8 7321 7343 7 11102 10685 12
8766 9350 11 8753 7616 11 8474 8266 9 7287 8220 9 8567 9015 11
11523 9555 10 11093 9835 16 7468 7231 8 8105 8945 4 8453 10925 13
7443 7848 10 8700 9564 9 8731 6772 6 10091 11081 14 8403 9295 11
8833 8910 14 7264 9515 10 10207 9484 15 9627 9452 8 9790 8683 4
9333 9637 5 7527 7533 6 8220 10222 6 10723 10006 14 9094 7611 7
9494 9794 10 8916 9683 10 7496 7615 4 8603 8739 9 10510 9495 13
7930 8056 10 10634 9750 25 9161 10056 13 9436 9353 12 6521 6224 7
9912 9797 12 7798 8534 8 12521 10140 13 6925 7813 2 8957 10831 11
7961 8617 12 9249 7711 14 7702 8745 9 8029 7967 2 9508 10133 18
8350 8608 6 8714 8989 11 9900 8039 7 9587 10434 10 10038 11736 19
9799 12513 13 8449 6978 5 9527 7794 10 7718 10386 5 10526 10224 17
7907 8358 5 9654 8635 12 7870 8893 8 8412 8150 9 10064 10447 13
8058 5906 6 9391 10611 17 10029 9423 6 6627 7916 6 8119 8644 12
8303 9695 13 9133 7698 7 9275 9036 10 9390 8287 11 8011 9814 12
8431 8041 12 9454 9751 13 8364 9420 8 10209 11160 14 8457 7971 4
9337 9736 9 7668 9070 8 8692 9404 5 9284 8713 8 9961 8489 15
8111 6770 6 9065 7910 11 7855 10162 10 9697 10019 14 9320 8363 6
8539 8722 6 9853 9774 15 7985 8710 9 8658 9342 12 8503 6729 12
9763 9730 7 8889 10588 10 7908 8853 10 7983 8014 7 9562 9292 9
9915 10149 14 11438 10880 16 9128 9367 16 7703 7578 15 8131 8207 10
8572 8486 8 7275 8286 9 9517 7423 12 7974 7913 5 9902 11088 15
10858 9994 14 8417 9282 7 10052 9276 8 8874 9359 10 7762 8115 5
10620 11509 9 10399 10567 16 8941 9201 12 9653 8356 10 7438 7674 4
7417 9296 8 8362 8438 6 9455 8714 16 8991 9180 8 7908 7695 7
9884 9228 8 8669 7971 13 9397 9288 14 7823 8601 9 9266 10224 12
