2378 3814 2 3259 3212 2 4923 4221 4 3626 4633 7 2104 3326 2
2919 3730 1 3351 4251 4 4447 5213 3 5084 4768 2 4270 4685 4
3346 3852 6 2995 3260 3 3009 4187 3 4270 3850 2 3133 3088 1
3419 3398 4 2992 5069 3 3942 3737 2 3799 4794 3 2587 2472 1
3335 4525 3 3363 3645 3 3583 3685 3 2741 4334 5 2789 2069 1
3155 3054 2 2933 3334 2 3930 4257 3 2042 3798 3 3712 3506 5
2775 3228 3 4202 3264 1 4506 4901 5 4665 5889 5 3154 3984 1
3243 4098 2 3547 4671 2 4276 4041 2 3414 5149 5 2943 1715 3
2820 4258 4 3510 4125 4 1921 2955 1 4613 3953 3 3254 2399 2
3157 4170 3 2309 2936 2 3526 4060 3 4076 4083 5 3531 3308 3
2603 4422 7 2374 2461 2 3395 3100 3 3188 3062 2 3275 2637 1
3692 4473 5 3389 3183 3 2143 3073 2 2511 3041 3 2798 3418 3
3089 4264 3 4551 3521 3 4965 4049 2 3336 3612 3 3578 5472 3
4729 4227 2 3329 4795 3 4190 3423 2 4384 5223 4 3947 4528 2
1965 3572 2 4480 3948 3 3830 4032 4 3708 4324 1 4121 4416 5
2350 2007 3 2845 2587 3 2489 3106 4 3125 3236 3 2008 3219 5
2658 4827 7 4205 4705 4 3481 3293 3 4368 4056 1 3747 2814 1
3068 4831 5 4213 4734 5 4797 4003 2 4006 4460 1 4212 4790 2
3850 3952 3 2690 4067 3 3664 3994 2 3303 4518 3 3866 3147 4
4085 3308 4 3638 6058 6 3703 3776 2 3107 4418 1 4846 3600 2
3796 4010 5 3693 3167 1 3194 3802 3 3023 3465 2 2266 2846 4
5037 4334 2 4235 3393 2 3029 4386 4 3275 4247 4 4393 5119 2
4502 5596 5 3908 3452 4 4307 5897 1 4477 3971 2 2517 3016 2
4289 4403 5 4098 3787 3 2285 3885 4 2666 3373 1 3609 4004 2
4533 4636 4 1819 3939 7 3108 3427 1 3958 3302 4 1621 1835 1
2126 3315 2 2392 2716 2 3181 2597 3 2312 3621 5 4223 4431 4
3675 4308 3 2059 1474 1 3474 4032 4 3899 5277 3 2425 3508 3
3483 4161 4 2613 3155 3 3554 4003 5 3982 2785 2 2785 3205 2
1865 1809 1 3367 3843 2 2962 4321 5 3658 4222 6 2404 2456 2
3267 3805 3 3894 3464 4 4605 5138 2 1789 2953 2 4362 3202 3
3794 3521 3 4492 3795 2 3614 5310 3 3081 3238 3 3581 4025 3
2298 3687 2 3559 3669 3 3722 4222 4 3652 4345 5 3695 4234 3
3534 4063 7 3080 2606 3 2998 3279 3 3495 3819 2 4658 4599 1
3315 4092 3 2604 3650 3 2460 3134 2 4558 4360 4 3273 3602 1
4614 2970 2 2583 2254 1 3971 5441 3 3957 5003 4 3815 4079 4
3665 3813 6 3274 3508 1 2706 4548 3 3731 3676 2 3666 3670 6
3863 4023 5 4800 4463 4 3496 4920 4 2911 4598 1 4111 3260 1
2685 2687 2 2538 3511 3 2956 2769 2 2007 3147 4 2652 3407 6
4990 3942 2 3997 3613 2 3452 4779 1 2709 5920 3 3182 3071 5
3076 4775 5 2639 2595 2 3321 4105 2 3083 2900 4 3748 3631 3
3352 5920 4 3927 4862 6 4950 5013 2 4197 4796 3 3737 2177 1
3069 4123 3 2771 3195 3 4139 3314 1 1914 2293 6 3098 3390 1
3226 3928 5 2194 3486 4 4586 4149 2 3576 3757 2 3935 3492 2
2925 3973 4 1931 2724 3 4701 3954 2 4287 4349 1 3405 4914 4
4622 4404 2 4300 5106 2 4677 4901 2 4500 3278 1 3088 5129 7
1837 3735 3 3623 4468 2 3644 4103 4 3745 3487 4 3989 3497 3
3651 4564 1 3993 3645 2 3442 3566 5 3665 3970 3 2976 3872 3
4039 4742 2 3108 3766 4 3888 4738 3 3003 3949 4 3282 4092 2
3404 3993 4 2139 4132 3 3006 3511 4 4172 2909 3 3761 3303 1
3862 4849 5 4306 4397 2 2930 3257 4 2046 3278 2 3385 3724 2
2961 3354 4 5626 4592 1 3600 4979 3 3522 4462 3 4476 5339 3
4472 4487 1 4977 4864 1 4312 4938 3 1481 2945 2 4406 5671 7
3909 5362 2 2839 2890 2 4592 5156 3 3321 4225 4 3297 3081 3
4097 4920 4 4944 4340 1 3880 4301 2 3214 3806 6 3297 4412 2
2749 2932 1 5343 4184 5 4400 3996 3 3463 3664 2 3063 4572 4
2264 3109 2 2797 3835 5 3681 3503 3 3071 2760 3 2558 3538 4
3101 3736 5 2641 3171 5 2467 2466 3 3407 3021 1 1511 2586 2
3592 4990 5 3364 3121 1 4087 3727 1 3562 4523 3 4422 4782 2
3646 4165 3 3689 4245 5 3467 3806 2 3387 3841 4 2266 2648 1
2866 4153 3 3550 3442 5 5234 3708 1 4083 4203 3 3317 4471 3
4207 4118 1 4361 3882 4 3396 3976 2 3720 5822 4 3585 4035 2
3195 3143 2 2818 3791 1 2593 2519 1 3877 4076 4 3145 4452 7
4075 4079 3 3793 4456 5 4672 4169 2 2429 4314 3 2853 2470 2
3234 4281 2 4141 3203 3 2186 2354 2 2160 3568 5 3074 3865 4
3217 2966 3 4546 3753 4 4128 5392 2 2811 4154 3 4452 4641 3
3442 4493 4 2995 2570 4 2795 4039 1 4165 4675 2 3225 4236 4
3131 3276 4 2761 3825 6 3392 2769 1 2201 3227 3 3049 2577 1
3456 3021 3 3231 3149 1 3968 3997 2 4377 5005 4 3435 4614 3
5094 5803 2 3417 3110 5 2463 2604 3 2570 3407 4 3548 3604 1
3441 3265 3 3723 4574 2 2372 3546 2 3918 5038 5 3392 2673 2
3318 3203 2 3548 3946 4 4708 4243 3 4452 6196 3 4465 5158 2
4084 3733 7 2090 3188 3 2572 2663 2 2460 2687 2 2301 3515 3
2471 3127 1 3697 3636 4 2791 4007 4 3958 3158 6 2840 2914 2
4227 3629 4 1706 3339 4 4945 4102 3 3324 3862 1 2648 3544 3
3184 3633 2 3821 3614 2 3058 3441 5 3992 5127 5 3214 3740 2
3509 2362 4 2432 3032 1 3709 3346 2 3728 5622 5 3023 3732 3
5369 4762 3 3870 4130 1 3719 4430 2 5265 5276 6 4378 6116 2
2981 2206 4 1824 2816 2 2436 2680 4 2325 4173 5 1886 1878 2
2953 3399 3 3225 4566 5 3581 4760 4 3786 3867 3 3860 2556 1
3599 3828 5 2957 3308 4 3130 3880 4 2385 2795 1 3552 3178 2
3156 3595 6 3238 3597 3 3160 3209 2 3480 3461 2 3408 4616 2
3697 3803 2 3158 4573 6 2088 2532 2 2973 3066 3 2944 3003 4
2237 2911 1 4899 5025 5 3941 4143 2 4101 4140 4 4366 4306 3
2843 4074 3 4052 5088 3 3161 3391 2 3598 3760 4 4853 4536 3
3816 3899 2 5529 5673 5 4666 5606 1 3131 3737 2 3211 4332 4
3267 4222 1 4897 4293 3 3743 4040 2 3315 4091 5 2073 3089 4
2490 2712 6 2180 2362 1 2130 2642 2 2924 2957 3 2490 3111 4
2374 3408 4 3512 3523 1 3203 4859 3 3847 3419 4 2776 2739 3
3681 4685 2 3200 2793 2 2772 3195 1 3802 4399 6 2927 3505 4
5163 5083 3 2518 2381 3 3085 4484 3 3954 4053 2 4133 4506 3
2687 2646 1 4115 4361 3 2123 3642 3 3762 3197 3 3617 4779 6
3059 3769 2 2517 2847 4 4794 4677 3 3574 3805 2 3502 3720 4
2911 3545 3 3463 3873 3 3707 3073 2 4814 4527 2 3666 4609 4
2866 3465 2 4268 4789 5 4398 4312 2 3293 3355 4 3289 3863 3
3275 3422 3 3885 4463 4 3916 3174 4 2513 4303 3 2748 1718 3
3207 3696 2 2879 3397 1 4317 4092 6 4137 4109 2 3997 3930 3
3541 3402 5 2624 3257 2 3712 4092 4 3070 5046 3 3036 2836 2
2427 3415 5 2868 3637 3 3698 3999 3 3455 4036 2 4259 2984 2
2734 3450 4 3685 3319 3 2798 3332 3 3548 4619 3 3808 3133 2
2892 3573 4 3102 3343 5 5772 6068 1 3781 4605 2 3354 2868 1
4799 4337 3 3592 4254 5 4032 4279 2 4661 4076 1 2457 2900 3
1825 3050 7 3523 2934 3 2515 3169 1 3244 2975 3 1559 2579 3
4012 4924 4 3710 4904 4 4243 4918 2 3452 3368 1 5036 4112 3
4428 4102 2 3225 2904 2 2172 3961 2 4779 5673 7 1714 2260 3
3479 2982 3 3388 3913 2 3548 3569 2 2610 4035 5 3675 3030 5
3032 3313 1 1849 1796 4 2204 2964 4 1960 2587 6 2639 3740 2
4250 5360 5 3884 3041 1 3056 4197 3 4381 4086 1 2796 3841 4
3620 4171 4 2935 4321 2 3916 4322 3 4141 4730 5 3830 3641 2
3416 3397 2 3341 3293 2 3293 4658 4 2510 3380 3 3527 4336 4
3534 4762 3 3810 3700 3 3908 4860 5 1699 2106 1 3380 4654 4
4078 3588 2 4686 4002 3 3839 4646 5 4442 5325 3 2633 3911 2
3656 3339 4 4349 4253 3 3016 2836 6 2905 2957 2 3727 4526 3
3578 4073 4 2301 2392 4 3431 3110 4 2094 3111 3 2177 3093 2
4080 4097 3 1804 1993 2 2392 3374 3 2218 2458 3 2647 2769 5
3759 4439 2 5405 4502 5 3045 3109 3 2589 4115 1 5489 5748 3
3795 3444 2 4457 4611 3 3532 4540 5 2506 4004 1 4311 3677 3
1309 2203 1 3011 2635 4 3143 5124 6 3659 1847 2 3076 4109 2
3838 3516 2 4525 4940 4 3526 2363 2 3137 3956 2 2853 4845 5
4359 4708 3 3018 3418 2 3020 4043 4 3379 4134 4 3915 3923 3
4355 2810 3 3084 5304 3 4386 4317 2 4330 5065 3 3408 2827 4
4823 5367 3 3394 4073 3 4369 4353 3 3733 3719 3 3167 4397 2
2903 3308 4 3106 3453 2 3876 4984 1 3466 4592 1 3501 4252 6
3853 5536 5 5117 4402 2 2906 3313 3 3072 5004 4 3376 3567 2
2742 3417 1 3646 4398 4 4457 4978 2 4333 4324 4 4265 3423 3
3357 3511 6 3416 2491 2 3996 2739 2 3389 4567 2 4427 4982 3
2567 2579 3 2970 3848 2 3648 3658 3 3442 3732 2 2416 4015 7
4040 4772 3 3194 4112 4 3398 5238 4 2968 2429 3 4514 4865 2
4631 3226 2 3899 4660 4 1628 2818 2 3909 4617 5 2572 3840 2
3969 4073 4 3962 4874 3 3793 3043 2 3432 4454 4 3800 3503 3
4593 4648 3 3156 3146 2 3041 5328 5 3197 4408 3 3063 3808 3
2876 3821 5 2183 2915 1 4630 4343 6 3420 3493 2 3778 3641 1
5032 4892 4 4083 4173 2 5593 6066 2 3583 6110 3 4949 3976 2
4866 4937 3 3162 2265 3 2280 3167 2 2320 3421 2 4043 4514 5
3933 4925 1 3530 4899 3 4757 5395 5 3206 4191 3 4700 4588 2
2984 3896 3 3600 4024 4 3595 4537 2 3363 3527 2 3150 2466 4
3106 4502 3 3622 3190 2 2725 3400 3 2745 3380 5 3460 3874 2
2789 4455 4 3142 4046 2 2335 4336 3 3509 3747 3 4450 2794 3
2977 4911 5 1853 2394 2 3256 2801 1 3639 4300 2 3770 3956 3
3933 4404 4 3876 5448 1 3125 4822 6 4152 4024 2 3739 3507 2
2873 4560 5 2792 3611 2 4311 3287 1 3859 3792 3 4769 5128 4
3626 4518 2 2302 2863 2 3588 4503 3 4241 4774 5 3155 3250 3
2715 3624 4 2488 2599 2 2882 2759 1 1901 2080 2 3105 3842 7
3941 4542 1 3988 4418 1 3282 2941 3 3457 4011 6 3655 4086 4
4446 4661 3 4974 4206 5 3245 4391 2 2874 3211 4 3548 3398 2
4839 3409 2 3724 5011 6 3319 4079 2 4217 4109 1 3725 4881 3
4550 4988 3 4063 3918 3 3313 2888 2 4179 5240 4 2828 4253 3
3307 3155 5 2219 3387 2 3700 3909 6 4173 3633 1 2706 3630 2
2483 3864 5 4241 2410 2 3194 5168 2 4547 2942 2 3192 4165 4
3980 3565 3 3528 4013 2 3969 4975 5 3773 3965 3 4586 4376 3
3691 4150 3 4214 4150 2 2759 3252 3 2698 3867 3 2839 3658 4
2481 3128 4 3038 3839 4 3246 2672 1 2668 2750 4 2697 2951 2
2760 3453 7 2029 3172 4 2921 2748 3 2207 2517 1 2196 2863 2
2773 3212 2 3783 4389 2 3345 3671 5 2942 4070 3 3281 2832 3
3468 2722 1 2769 3754 4 3115 3458 3 3723 3913 3 4043 4441 5
2794 4090 4 3449 3565 2 2474 2654 1 2404 3739 5 3116 2712 4
4832 4844 2 5002 5024 3 4060 4524 4 2681 4993 2 4746 4438 3
4864 3914 3 4466 4913 3 2389 4348 4 3777 4291 4 4440 4089 2
4715 5859 4 3791 5066 2 4029 5037 5 4756 3586 2 3084 2052 2
3499 4541 1 3708 3894 2 3724 3685 3 4492 5098 4 3868 3895 3
3711 5460 4 4871 4629 4 4280 4062 1 2776 3268 2 3005 3883 3
2472 3393 3 2180 3216 3 3176 3623 6 1986 2234 3 2417 1772 1
3841 4745 6 3422 5095 2 4729 5217 3 3843 3343 4 4869 5083 1
3884 3421 2 2823 3039 3 2931 3196 1 2929 3833 3 4309 5618 6
3484 3836 6 2890 3864 3 3029 4434 2 2440 2454 1 4759 3488 3
3269 2588 1 3443 3018 2 3748 4531 5 4150 5651 4 3987 4272 3
3990 5531 4 2210 3011 5 4491 3995 3 2856 2960 2 2217 3282 2
3888 3942 4 3787 3624 3 3776 5101 6 2718 3305 1 2801 2971 2
2932 2383 4 3861 4481 4 2755 3149 3 3885 2990 1 2629 4427 4
2313 2691 5 2266 3285 4 2607 3109 3 2106 2301 1 2992 3007 2
4025 2798 2 2529 4047 1 2590 3333 5 3180 3561 5 2648 2881 3
1931 2656 1 2602 2505 2 4400 5247 3 2544 4076 8 2472 2003 3
2616 3164 3 4554 5155 6 2601 3360 1 3438 3938 5 3850 2967 1
3907 3954 4 3044 4710 4 4386 4128 2 3106 3986 2 4147 4214 2
3111 4400 5 3912 5198 2 3630 4755 3 4462 3771 4 2691 2470 2
4497 4629 2 2432 3487 2 3567 3771 3 3275 3984 3 4136 4411 4
3517 5210 3 4258 3243 1 2934 3986 2 3438 4416 6 4231 4006 3
3499 4392 2 4035 4585 5 4436 4863 2 2877 3523 2 4089 4979 5
4352 3354 4 3542 3337 3 2997 3435 2 2547 3410 4 2674 3363 3
5272 4094 3 4239 5465 1 4292 5529 4 4654 5107 4 4086 4168 1
3797 3940 2 3667 3423 2 3572 3521 5 3390 4693 5 2532 2606 3
3994 3524 5 2043 3062 1 2885 3567 6 2175 2646 1 4219 3785 2
4278 3758 3 2415 2829 2 3014 3437 3 1784 4193 3 3492 3534 4
2977 3149 4 3705 4028 2 4376 4443 1 3064 3462 1 4154 5607 6
2863 2936 4 2532 2320 2 2983 3076 4 2534 4015 5 2462 3122 1
4271 3925 4 3307 3784 3 2831 2878 2 2844 5544 5 4030 3976 3
2470 2593 2 3406 3727 4 3445 3431 4 2644 4894 4 3870 3442 2
3679 4274 4 3855 4574 2 3670 3765 1 3568 4175 6 2495 3432 2
5187 4946 4 2748 3560 1 4101 4018 4 3247 4541 3 3231 3669 3
2519 3604 3 4401 4596 4 3474 4377 4 3842 4138 2 3012 2433 3
3387 3325 3 2863 4311 1 3392 4194 5 4476 3833 2 3351 3990 3
3266 3254 5 3119 3366 2 2547 3678 5 2419 3278 1 2538 3196 3
2609 3372 5 2545 3550 3 3213 4182 5 3664 3679 2 1513 2092 1
3038 3900 2 2830 2681 3 2753 3149 5 3683 4428 2 4157 4272 3
2850 2896 2 2617 3443 4 2586 2892 3 3481 5079 6 3984 2968 1
3415 2627 4 2322 2540 2 4542 4130 2 1339 3290 6 3457 3766 2
4415 3826 3 3942 5195 4 4023 4448 4 3518 3881 2 3321 4094 2
1722 1954 3 2248 3128 2 2665 3470 4 3421 3388 5 2363 2446 4
3053 2817 2 3710 3314 6 2355 3479 2 3824 4414 1 2854 3048 4
4105 3754 5 3767 3688 2 3208 3570 2 4114 4852 2 3169 4326 4
3754 4377 5 3843 4010 3 4563 5003 3 4068 4701 2 3368 3426 2
2860 3623 2 2802 3747 2 2628 2380 1 4257 4742 5 3704 3305 5
1940 2991 4 3214 3374 4 3058 3072 2 3013 3587 2 3280 3742 2
4072 3799 5 2564 3397 4 2678 3756 2 3350 3487 2 4088 4257 2
3171 2678 3 1431 3118 2 4014 3384 4 2123 3077 2 2052 3189 5
3733 3584 3 3030 4851 2 2291 3891 6 4080 3773 3 3732 1988 3
2758 3129 3 2745 2574 3 3665 5795 7 2616 2509 2 3999 3951 2
3249 5089 4 3790 3402 3 4174 4213 3 2928 3602 4 3233 3123 1
2400 3780 3 2385 2158 1 3969 4114 5 2770 2764 3 3686 4138 4
4605 4208 4 4699 4995 4 3308 4284 1 3456 3673 3 3499 4167 2
2804 4464 5 3618 2797 3 3662 3553 4 3253 4495 3 2990 2895 2
2532 4349 3 3943 3354 2 2621 3215 1 3430 3825 4 3457 4158 4
3867 4467 5 3636 3663 2 3500 4992 1 3685 4067 4 4249 3928 2
2518 3021 2 5013 4673 1 3938 4773 4 3421 4346 3 4094 4010 2
4157 4167 1 5109 4377 2 4284 5602 2 5037 5170 5 4601 5475 2
2822 2638 2 2704 3212 5 4644 4747 2 2905 4236 4 3161 3412 4
3486 3437 4 2471 3177 2 2581 4528 7 3098 3832 2 3660 3623 1
3868 5252 3 3034 2693 3 2388 3646 3 2355 3028 3 4645 4565 3
2946 3394 5 3814 4279 2 2456 2736 1 3308 2948 4 3205 4754 4
4400 4779 6 3257 5134 1 2714 2978 3 3131 3820 1 3312 4026 4
3848 3860 3 3941 4327 3 3142 4039 1 2709 4198 5 3934 3225 3
3897 4945 4 3658 3880 2 2784 3350 3 2994 2638 1 4300 3881 4
3568 3622 1 4819 5691 5 3047 4256 3 3564 2644 3 3024 4145 3
2300 2049 1 3247 3917 5 2434 2905 4 2626 4148 3 1961 2431 2
4077 5682 5 3772 4542 3 4589 5096 4 3635 3534 3 4421 3913 2
2464 2175 4 2529 3375 4 2645 4324 3 3971 3280 2 3086 3053 4
5669 3996 2 3577 4532 2 4370 4213 2 3149 4868 3 3705 4933 5
2830 4003 3 2044 3487 1 3268 3093 4 3709 3420 1 4588 5076 5
1769 2180 3 2202 2136 2 2857 2859 3 2836 4130 3 2883 3409 7
3789 4261 3 4066 5066 5 3657 4044 2 2613 3383 4 2166 2823 3
3300 5567 6 4620 4071 2 3449 5597 3 4177 4040 3 4278 3236 3
3047 3549 3 1672 3104 1 2883 2496 2 3594 4348 7 3448 3581 2
2965 4345 7 3055 3146 1 3091 3693 1 4050 4289 2 3823 3207 2
4522 3273 4 2439 3760 2 4207 5515 3 3525 3140 2 4246 3199 4
3231 3834 3 3737 2714 1 3408 3963 3 2918 3659 2 2215 3201 5
4671 2892 3 3160 4936 3 3768 4844 3 3518 2862 3 3952 4940 2
2920 3727 4 3255 4118 3 3315 4107 1 2967 4335 5 3458 2118 2
4135 5037 5 3705 4005 2 3178 4134 1 2900 3664 5 3958 4439 3
4219 4955 2 3556 3045 2 3966 4542 4 4027 4678 3 2791 4146 3
3518 3866 4 2761 3825 2 4539 3121 5 2490 3377 3 2783 3466 1
3396 4903 4 3092 4514 2 3478 2896 2 3280 3733 3 3743 3040 2
2531 4328 4 2024 2634 2 2982 3740 2 3393 3036 3 3698 3055 4
3271 5222 2 5303 4781 2 4396 4646 1 4202 4693 4 3400 3355 4
3675 3987 2 3634 4903 2 4640 3766 4 5339 5928 3 4119 4590 2
3061 3280 6 3387 2739 3 2792 4096 2 1934 2329 2 3435 4631 3
3585 4175 2 5842 5335 3 3254 3804 5 3238 3560 2 4424 4354 2
2391 3717 3 2786 4600 4 4312 4216 3 2984 2315 2 2270 2501 4
4709 4385 2 4271 5088 3 3780 3238 2 2513 2979 1 4476 4776 7
4209 3902 1 2677 3686 2 2813 3398 2 3231 3450 4 2896 3358 4
4417 4200 1 3561 3600 2 2934 3901 4 3534 3664 3 3678 4578 4
3533 3398 3 4097 3006 3 2866 4225 7 2556 3163 1 2230 3273 2
3143 2549 2 4546 3953 2 3742 4538 4 3624 4686 3 3040 4135 3
5595 5132 5 5150 4902 2 3377 4671 4 4248 4475 3 2268 2989 2
2858 2773 1 2721 2609 4 3758 4299 4 2142 3907 5 4202 4149 3
3166 3573 5 2898 3253 3 3348 3774 1 3885 3253 4 2813 3309 2
3216 2728 2 3310 3630 3 3858 4010 3 3466 4123 4 3803 4045 4
3102 3530 2 2632 2246 4 2735 3444 1 3308 3275 4 2278 3099 4
4010 4564 7 2538 2850 1 4304 4302 2 2023 2828 5 2801 2803 1
2264 3164 2 3918 3255 2 4273 4637 3 3682 4181 6 3954 5177 5
3631 4040 6 2291 3113 2 2133 2668 1 4864 3751 4 2707 4034 2
3872 4645 3 1498 2957 3 3192 3324 2 3498 3346 3 4832 4262 2
2569 3445 1 3324 3580 4 3482 5074 5 3936 4431 1 3839 3476 4
2641 3919 2 3432 5773 4 3888 3964 3 3793 3033 2 4375 3920 2
2817 2811 5 2837 2661 2 2470 3778 2 3008 3080 2 3109 3508 4
3995 4015 2 3826 4062 2 3317 4390 3 4797 6254 4 5370 5293 1
3186 3825 2 3069 3438 2 3558 2464 1 3743 5799 6 3232 4268 4
3980 4070 4 3217 3811 2 2381 3138 2 3191 3785 3 3873 3535 3
3450 3470 5 4601 4656 3 2995 3470 4 1556 3498 3 3526 3458 2
3413 3022 2 5705 6397 1 4308 4849 5 4531 5085 2 3941 3928 3
5227 5171 4 3535 3801 2 3694 4866 4 3717 4161 1 4219 5296 3
3363 5455 3 2681 3273 3 3732 4352 2 3451 3058 6 2742 2464 1
3401 4195 3 2499 2804 2 4011 4054 1 3551 4054 3 3136 4834 4
3509 4008 5 2412 3160 2 3836 4012 3 2264 2018 3 3345 3923 4
3598 4510 5 2244 2573 2 2990 3177 4 1799 2092 1 3017 3881 4
1998 2649 1 3129 2690 4 2643 3062 1 3469 4999 7 2204 3259 2
2295 3383 4 4183 3299 1 3063 3656 3 3768 3809 3 3319 2753 4
2845 3210 2 3037 3639 4 2994 3046 1 2818 3430 4 3143 3888 4
3396 3760 1 3340 4519 4 4423 3456 3 3112 4190 4 4393 4678 3
3725 4105 3 3517 4427 4 3823 4121 3 4552 4542 2 2875 4271 4
4505 4647 3 3274 4149 4 2698 2784 2 2564 3800 2 4177 3977 6
3888 4760 5 3307 2996 2 2906 3354 5 4664 5034 2 2963 3571 1
3839 4159 1 3340 3664 3 3017 3155 2 4235 4249 4 3660 5644 4
2885 2965 2 3413 2942 3 2246 3016 3 2458 2461 4 2630 3674 6
2702 2980 3 3019 4066 4 3698 3303 2 2555 3725 4 3478 3448 3
4328 3682 3 3914 3692 5 3306 5433 3 3585 4422 2 3800 3716 2
3786 5061 5 2903 3356 2 2084 3176 3 3599 3070 3 1891 2431 4
3599 4229 5 2368 3814 2 3522 2588 1 4016 3924 6 2204 3654 2
3695 3612 3 2880 3268 4 3578 2655 2 1474 3325 3 2598 3058 3
3072 2345 3 3639 5299 4 4202 4519 1 3551 3310 3 3229 4103 4
3602 4383 6 4947 4930 4 3101 3678 3 4307 4866 2 3229 3279 1
2905 3152 4 3011 2949 4 1950 2510 4 3300 3151 3 2446 3671 2
3754 3494 2 2386 3044 2 4277 3679 3 3168 4528 3 3970 3775 4
3520 3964 4 2539 3486 2 2528 2466 2 3489 4059 4 3692 3120 2
2138 1960 2 4068 4141 3 3209 3756 3 3122 3555 5 3375 3615 2
2315 3072 6 2993 3174 1 4371 5184 2 3431 3947 5 3596 3926 2
3431 3010 2 2925 5031 2 3615 4231 3 4951 2787 1 3241 5372 6
2692 2932 2 2728 3782 5 3950 3117 3 3122 3931 2 3045 3519 4
3447 4795 7 3168 2682 2 3157 4793 2 2308 3077 2 4055 3976 2
4603 5214 5 3435 3036 2 3337 3601 3 4157 5086 4 4931 5126 2
3498 4258 2 3830 2674 3 2447 3801 3 2962 4266 2 3635 3530 4
3162 3502 4 3954 4214 2 4332 4933 1 2723 3506 2 4586 5920 7
1996 2493 4 3645 4974 4 3687 2556 2 3001 5121 2 2913 2709 3
3535 3406 3 3577 4658 2 4856 4451 5 2920 4367 4 3026 2950 2
3204 3975 5 2289 3005 1 3328 3628 3 2938 2618 4 2565 3435 4
3115 3248 2 4466 3224 2 3123 4617 3 4109 5306 5 3232 3461 2
3944 4044 5 4108 5236 5 3093 4512 1 3810 4627 1 3869 2678 3
2781 3477 4 3716 3608 6 2724 4122 2 3662 4103 2 3915 3982 2
3776 4441 5 2802 3377 1 3632 3070 2 3175 2632 2 2351 2930 5
2466 2712 2 2869 3438 2 3323 2433 1 4727 4308 5 3399 4265 5
3640 3760 2 3852 4910 3 3164 4037 5 5602 4068 3 1821 2631 2
2683 3454 3 6186 4949 5 4042 3325 4 1712 3126 2 2773 3048 1
3475 5101 4 2696 2348 2 4218 6464 4 3694 3249 2 3643 3291 2
3022 4849 3 4497 4146 5 3602 2917 2 3743 4843 5 3767 2508 1
4305 5456 5 2563 3205 2 3448 4642 3 4105 4023 2 3704 2891 3
3814 3803 3 2615 2955 2 2568 3506 5 2459 2857 4 1958 3718 3
4097 4870 3 4113 3332 2 3779 4089 5 2415 3413 2 4018 5062 2
1514 2401 3 3963 3106 3 2321 3598 3 3525 4134 2 3015 3332 3
2008 3084 4 2653 2733 1 4883 5506 2 4083 4785 6 2919 3081 3
3251 3902 6 2355 3217 3 3531 4228 3 3977 3212 3 2414 2721 1
3112 3822 4 3427 3252 4 2981 2757 1 3387 4193 3 3245 3988 4
4225 4782 3 3339 3288 3 3072 3806 2 2971 2748 2 3920 3987 5
3998 3840 2 3653 5503 5 4341 5018 2 3808 3373 2 3935 4110 3
3274 5105 3 2961 3520 1 3407 4593 6 4585 4537 5 3060 2212 1
3367 4247 2 5160 4227 5 3163 3843 1 3547 3835 4 3933 4725 2
2624 2777 5 2179 2329 2 3147 2801 1 3256 4545 5 2698 3543 2
4284 3395 1 3500 4369 2 4507 4978 2 3492 4980 7 3346 3879 2
2374 3268 1 2809 2494 4 3561 4310 6 2330 3723 2 2667 2620 3
4171 5105 5 4011 3834 4 5018 5986 1 4196 5332 3 2972 2567 1
2977 4054 6 2184 2565 1 2593 4384 2 3700 3365 2 3534 3063 4
3113 2951 2 3847 3990 3 4998 3559 4 3442 4469 2 4106 5209 2
3883 4327 3 3046 4731 5 3892 3578 2 3021 2702 2 3180 4381 3
4029 6045 5 3020 3903 2 4717 3797 4 3990 4608 3 3359 2260 1
3400 3380 5 2786 3729 2 3373 2934 6 3326 3085 1 3465 4548 2
3157 3492 4 3348 4120 2 4677 4256 3 4556 3794 3 2830 3418 1
2688 2766 3 3203 3336 2 4149 5557 6 3567 3500 3 4010 4026 1
2543 2297 7 2859 3904 2 3240 3978 2 2933 2877 2 2815 4707 4
4236 4937 5 3639 4947 3 3593 2809 2 2978 3258 3 4461 5556 1
4839 4726 1 4684 4718 5 3918 4517 3 3362 3833 1 4762 5072 3
4740 4554 2 3517 3365 1 3820 4579 4 3391 5787 5 4184 4862 2
3379 3323 4 2893 2584 2 2446 3494 2 2224 3571 5 2690 2348 2
3310 3331 2 2689 1858 3 3286 4985 4 2585 4562 6 2850 2344 2
3433 3666 1 3530 3306 3 3435 4254 3 3475 4420 6 3577 3707 2
4074 4034 3 3321 3572 1 3628 4153 4 2621 4185 3 3170 2793 5
3063 3771 4 2609 2396 4 3106 4483 3 3744 3407 3 2282 2594 2
2615 2224 3 2730 3309 3 3355 3772 4 2684 2484 2 1858 2951 5
4525 4716 3 3865 5166 5 5063 5235 3 3553 4184 3 2547 3214 2
3405 3214 2 1452 1623 2 1711 2434 2 2251 2855 4 2814 4339 5
4460 5120 5 3829 5139 3 3444 3239 2 2878 2451 2 3746 3519 2
2330 4500 1 2640 2893 6 2138 2993 3 4462 2405 2 2355 2277 3
3399 4573 5 3718 3456 5 3278 4457 5 2091 2976 2 2502 2253 1
3547 3027 3 4485 3854 2 4891 5855 3 3984 5640 4 4574 4093 1
3528 4296 2 3441 3244 4 3378 4273 5 5244 6668 4 3372 3155 2
4384 4322 4 3225 4359 2 3208 3774 1 3488 4610 4 4314 4137 3
2345 3678 4 3065 3719 2 3307 3403 2 3672 4572 3 3423 2935 2
4107 5644 5 4060 3931 2 4067 4753 2 3003 3047 2 4439 3786 6
3644 3875 5 2967 3888 4 4967 4735 1 3174 3139 2 2489 3227 3
3263 3795 5 4344 3939 2 2421 2829 2 3728 4288 4 3365 5055 3
3775 4072 5 3077 3226 2 2590 3383 2 4305 4596 4 3191 4214 4
3069 3754 4 3270 3760 4 2952 3947 2 3945 4104 3 1697 2368 3
3804 3663 3 3337 4927 3 3560 4188 2 3816 4285 3 3659 3953 4
3317 3318 3 2418 4634 1 4301 4762 5 2716 2825 3 3484 4080 4
3145 4369 5 3198 3726 2 3905 4888 2 5112 5535 1 4204 3790 2
3997 4506 4 4094 4965 3 5067 5200 3 2559 2505 3 2929 3274 3
3844 3750 2 3036 3693 4 5010 4489 3 3287 3298 1 4150 4775 5
6372 5290 3 2248 3269 5 4203 4128 1 2025 2824 2 4243 3973 3
3794 4685 3 5534 5676 2 4629 4403 3 4957 5660 4 3461 3988 1
1609 2750 2 3484 3822 2 2690 3078 3 3218 3787 7 4576 4581 2
2717 3953 6 2364 2630 4 2740 3558 2 2679 2561 3 3360 2312 1
3096 3796 5 4207 4250 3 3224 4426 3 3105 3249 4 2759 3113 1
3564 3771 3 4755 4520 2 3755 4163 2 4317 5873 3 4959 4717 4
2786 3612 2 3373 5109 6 5205 3266 3 3632 4873 4 2978 2793 1
3272 3340 2 3763 3682 5 4672 5105 4 3082 3759 3 4161 4110 1
3152 4032 3 3986 4052 4 4378 4658 4 3035 3428 4 2585 2869 1
5020 6133 3 2401 5025 4 4050 4519 1 3344 3233 4 3390 3035 2
3259 3133 2 3385 3289 5 2987 3608 3 3558 3893 4 1762 2577 2
3598 3465 4 3928 4017 3 3216 4505 4 2814 3543 2 2930 3524 1
3102 4035 4 2500 3139 4 3033 3688 2 2502 2081 4 3444 2807 1
2225 2713 5 3127 3495 1 2784 3832 3 2820 4282 5 3545 2525 2
4041 4335 2 2268 3408 3 4256 3892 1 5116 3986 5 3277 4220 3
4282 3160 3 4404 5902 3 3524 3157 1 4396 3810 2 2893 4175 4
3365 3727 3 2812 3798 3 3894 4259 1 4333 5346 6 3236 3195 3
3750 3852 3 3161 3632 3 3198 3641 3 2257 3344 4 2491 3749 4
3897 4463 4 3710 3578 4 2604 2193 1 2572 3171 3 2989 3639 3
3346 6125 2 3281 2313 2 4612 4821 3 4378 4885 7 3085 2941 2
3990 3770 4 3073 3404 2 2778 3130 4 1641 2289 1 3723 4219 4
3257 4072 4 3697 4127 3 4271 5337 3 3212 3517 1 3492 3331 4
2545 4241 7 2782 3576 2 2823 3316 2 3671 3561 4 2622 3013 2
2769 4892 2 4245 5069 4 4069 3938 2 3965 3907 4 4215 3878 3
2513 2076 1 3384 4867 4 2885 2815 5 2353 2677 4 2985 3186 3
4244 4448 2 4746 3897 2 3038 3192 1 3795 3886 2 4284 5378 6
1936 3105 3 3091 3910 3 2799 2662 1 3153 3897 5 2629 2830 4
2660 2911 4 2554 4551 3 2396 2328 1 4000 4388 4 3006 2723 4
2302 2305 3 3545 3243 1 2532 4954 8 3484 3605 2 2933 2580 2
3660 4487 2 4650 5189 4 3464 3963 2 4546 4066 1 4355 4817 4
2515 2465 2 2112 3783 3 2490 3764 4 2609 3000 4 3088 2875 3
3273 3161 1 1984 2066 2 2804 2962 4 2383 3528 6 3113 3740 2
3231 3876 2 3601 5488 3 3144 3439 4 3271 4399 5 3828 3355 1
3751 3405 2 2744 3475 3 2373 2408 2 4042 5108 2 3473 4298 5
4911 4144 3 2925 4051 2 3041 3813 3 3412 4969 3 4544 3558 4
2834 3904 7 2255 2327 2 4053 4185 3 2471 3899 3 3253 2626 2
4609 4555 3 2690 3029 2 3613 3264 3 4180 4966 2 3343 4306 4
5898 5325 4 5286 6353 3 4000 5250 3 4407 3859 1 4102 4511 3
1767 2656 4 3734 4055 4 2445 2579 2 2298 3226 2 3043 3080 4
3172 4488 3 4954 4856 2 3172 4549 3 2934 3184 3 3116 2758 4
2774 3551 4 3641 2996 3 3097 3475 3 2819 3867 2 3440 3797 5
3265 3878 2 3234 3322 4 5585 6359 6 3525 3775 1 4898 4153 2
3004 3659 3 3011 4193 3 3375 4155 3 4378 4267 3 3305 3438 3
3800 3461 3 2112 3821 2 4441 4657 6 3978 4540 2 2115 2740 3
4288 4569 5 4267 3074 1 3934 4571 2 3660 5885 4 3898 4616 2
2013 2324 2 2460 3083 5 4164 4964 7 3080 2277 2 3850 4146 1
2204 3263 3 2969 3837 5 2720 3637 2 3575 3788 4 4209 3425 1
3199 3343 6 2145 3365 2 4469 5300 2 4316 4141 3 4382 4750 1
4565 4202 2 3033 2424 4 4385 4746 5 2452 4021 3 2091 2680 2
2254 3984 4 3777 2529 2 2812 3240 4 5367 5128 2 3435 3448 2
3577 2997 3 4674 5344 4 3196 3013 2 4199 5756 4 4449 4258 2
2468 3950 1 4719 4614 3 5284 5398 2 2917 4306 4 2959 2781 5
2980 3232 5 4265 4003 4 2434 2097 1 2852 3365 2 4712 5969 2
2412 3926 4 3252 5126 2 3012 2726 3 3892 2967 3 2847 2824 4
3643 5094 2 3624 4833 1 2786 3654 2 3239 4068 5 5335 3639 3
3354 2957 2 2731 3986 3 3409 3485 3 3357 3321 3 3762 3030 6
3378 3268 6 2059 3010 2 3683 4272 4 2261 3088 4 3015 2733 1
3358 3786 3 2709 3022 2 2313 3281 4 2629 2958 3 2873 3056 4
3629 4631 5 3079 4174 3 3593 5063 3 3801 4030 3 2401 2663 1
4385 3178 5 3965 4937 2 4163 5075 2 2871 3502 4 4499 4071 1
2875 1933 3 3324 3839 3 4603 4986 3 3130 3903 2 2395 3105 4
3056 4060 4 4434 3669 4 3522 4295 2 2392 3304 5 2663 2677 1
3129 2715 3 1985 3508 2 4396 4578 3 3905 3406 2 3769 4891 4
2055 2979 2 3777 3848 3 4156 3789 2 2738 3398 4 2799 3882 4
3000 2899 3 3905 3468 2 4408 5740 2 2842 5109 3 4318 4437 4
2526 3900 1 3548 4386 2 3301 2948 4 3048 3315 3 4485 4239 4
2033 3431 4 2436 1577 4 1832 3358 3 2751 3019 2 2486 2066 5
3505 3617 2 3946 4425 1 5083 6192 4 3895 4307 2 4033 4611 5
2905 4124 5 2561 2857 4 3635 4980 2 3351 2982 2 2804 3208 3
2108 2202 2 2455 1902 2 2931 3249 4 1794 3482 1 2966 2959 8
3673 3240 3 4374 4264 3 3318 5801 5 3189 3362 3 2499 3043 1
3739 4091 1 3384 3804 2 3996 3032 4 2412 2409 3 2436 4602 5
4468 4001 3 2864 3965 2 3272 3832 5 2344 3917 2 4452 3551 2
2979 3589 3 3335 4430 4 3784 3731 3 3314 3277 3 4282 4904 3
2273 3011 2 2687 3153 3 2733 3934 2 4116 4621 1 4798 5204 6
3035 4121 1 4017 3931 5 4373 4466 3 3913 4092 4 3637 3423 3
3575 4330 5 6081 6774 2 2578 3940 1 3579 2648 2 3653 3408 4
2272 3763 4 3837 2797 2 3417 4464 4 2598 2919 3 4561 3327 3
2308 3117 3 2943 3589 3 2660 2773 4 3316 4356 4 3201 3267 1
3674 2502 3 3369 3826 4 3192 3729 4 2882 2541 2 3482 6118 3
2940 4601 4 3721 3618 3 3766 4634 5 3786 4064 1 4582 5059 2
3691 5857 3 4294 4596 3 4564 3552 3 2846 3562 1 3817 4285 3
3978 3939 3 3194 4114 3 2936 4828 4 3783 3094 3 2242 2208 3
2576 3116 4 4023 4449 3 3083 2494 3 3088 3579 3 3001 3774 4
3477 3068 3 1895 3321 3 4613 4537 2 2478 4058 3 4619 4377 3
4663 3164 1 3106 4459 5 3400 4742 4 3458 6032 3 4685 3159 1
4079 4035 4 3566 3851 3 3216 4646 1 3208 3389 4 3145 4387 2
2722 3739 4 3974 3803 1 2805 4483 2 2450 3993 5 3402 2358 3
3180 2969 3 3239 5257 3 3686 3823 1 3906 5217 4 4406 3709 3
2481 4198 2 3825 3691 3 3064 3546 2 3006 3417 3 3468 3222 5
4293 4438 3 5335 6213 3 2749 3227 1 5248 6181 3 3963 4207 3
3051 4926 2 3380 3720 1 5041 4188 4 2993 3922 4 5145 4292 3
3274 3874 3 4517 3824 6 4334 4642 2 3080 3517 3 2832 2750 2
3760 4542 5 3824 3074 2 4608 4693 2 3121 4623 3 3544 4061 1
4299 4047 4 4024 4959 1 4450 6163 3 3271 3779 3 3951 3437 3
2856 3920 3 3321 3904 2 3405 3642 4 3511 4297 3 3055 3395 4
3193 3628 2 3755 4069 2 3277 4331 2 3550 3477 5 3430 3093 4
3963 4113 3 2764 2737 2 2377 4126 5 4367 4830 3 3836 4591 2
3680 4150 3 2933 3181 4 3413 2804 3 3465 4862 3 3503 4167 2
3778 3988 3 3315 3387 2 3865 4848 6 2188 2937 4 2545 2686 1
2345 3222 3 4070 3273 4 1848 3355 1 3287 3305 2 3864 3911 5
2491 3081 3 3104 3484 2 2832 2960 3 3175 4027 5 3450 3673 3
2249 3420 1 3446 2834 3 3436 4212 5 3582 3975 1 2128 4116 5
2653 2262 3 2799 3200 5 1543 1916 2 2928 3765 4 1199 2281 3
3366 4008 5 2963 2427 1 2870 4232 3 3021 2988 3 3048 3955 3
4203 5430 2 4206 4867 3 4252 4159 3 4660 4399 4 2690 3250 2
3572 5017 8 2732 3343 2 4173 3808 3 2896 2161 1 3448 5059 2
4099 3949 2 4197 3318 5 3173 3735 2 4703 5062 3 2640 4273 3
4657 3614 1 4948 5155 2 4172 4827 4 4141 5988 5 3627 4360 3
2628 2482 2 1843 2648 2 2743 3128 2 2781 4828 8 1932 2287 3
3259 3977 4 4479 5179 2 3688 4903 3 4425 3717 2 3187 3983 3
2331 2658 2 3172 3060 4 4081 3743 2 2921 4108 5 3936 4525 4
2440 3723 3 2523 3183 1 3643 4103 5 3041 2648 2 2455 4157 6
3720 3937 3 3177 3224 2 2845 3217 2 4105 3768 3 3181 4148 4
4344 3916 3 1820 2955 2 3972 4520 4 4483 4263 5 2785 4071 2
5289 5118 3 2593 3307 2 1980 3353 3 3342 3396 5 3680 3974 3
2589 4211 3 4523 3308 2 3448 3813 1 3160 3994 5 3032 3408 3
3174 4772 5 2410 2748 2 5238 5375 3 3569 4367 2 3101 3579 2
4125 3950 1 3726 5168 3 3891 3433 2 4045 3800 5 3097 3895 4
1708 2454 1 2961 3004 3 2693 3253 3 3661 3801 3 3815 4579 4
3844 5420 4 4313 4303 4 2358 3470 3 4019 3873 3 4228 2864 1
2639 3993 3 3338 2969 3 2883 2248 2 2923 3698 3 2312 3310 5
3891 2617 4 2375 3917 3 2471 3799 3 3401 3700 2 2673 2937 3
3241 3357 2 4750 4339 3 4115 4230 3 2613 5024 3 3440 4089 4
3304 4168 5 2091 3311 3 3049 2921 2 3409 3542 4 3778 3433 2
3582 4522 4 4888 4869 2 3516 3741 1 3609 3938 2 4765 5083 4
2801 2776 4 2569 3105 2 3488 3411 3 3341 4288 3 3241 4624 4
2902 3293 3 2348 4035 5 4555 4583 1 4231 5156 3 2816 2264 3
3473 3741 3 3220 3531 4 3324 4493 3 2383 2905 4 3462 3133 2
3017 3535 2 5009 5445 2 4478 5722 3 4270 4837 3 5351 4619 4
3775 4737 4 4331 3618 4 2419 4241 4 3072 2807 1 5116 4823 2
3240 3586 3 2818 3479 3 3410 3473 3 3042 4152 3 3779 3955 2
4907 4603 3 2776 3876 3 1970 2661 1 3106 4103 4 3470 3161 4
2368 3109 1 3850 4122 3 4360 4371 2 3220 4146 1 3976 4520 7
3271 3685 4 2962 3017 1 1872 2854 2 2639 3846 5 4005 4032 3
4878 3992 5 3319 4664 5 1582 3251 3 2399 2550 2 3539 4551 2
4118 5804 1 3692 3762 2 4195 4508 6 4274 5304 1 4271 3232 2
4952 5811 6 3927 4335 4 4599 3615 2 3123 4452 2 2032 2058 2
3922 4680 4 3669 4264 3 4144 4673 3 2978 2909 1 3457 3809 2
3188 3117 1 4169 4844 1 3917 3700 4 3217 4918 4 4896 5283 5
3666 4495 2 2061 3995 3 3170 3413 2 4261 3469 4 2514 2331 5
3030 4659 3 3813 3530 2 4833 5825 4 4434 3910 1 2307 3601 3
4130 3787 3 4674 4903 4 2940 3434 2 3306 3684 2 1545 3464 5
2114 2839 4 1904 2692 4 3421 4360 2 3720 4079 5 2728 1649 1
3843 4198 5 3390 4256 3 2915 3288 2 3404 3927 3 2291 2075 2
2353 3692 1 3409 2695 2 4377 5601 7 4589 4175 2 3309 3812 2
3680 4260 6 3880 2707 2 3459 2933 1 2660 3687 3 3387 4976 2
2867 3820 6 3400 3904 3 2415 2483 2 2089 3553 3 3227 2513 2
2690 2760 4 3065 3762 4 2534 3897 3 2561 3108 2 2766 3428 4
2339 3711 6 4016 4145 1 3939 3677 3 3218 3620 2 2338 2994 4
4250 3237 2 4108 5022 4 2343 3559 1 3912 2668 2 4620 6150 6
2722 4409 4 2396 3541 4 2552 2745 2 3413 2601 2 3256 3463 3
2429 2442 2 4306 3853 2 2809 3424 5 3738 4854 3 3281 3724 2
3209 3649 1 2931 3223 2 4300 3934 2 3769 4585 4 3701 4811 6
2440 2981 4 2998 2673 4 4810 4619 3 3118 4527 4 2251 2465 1
2650 4644 2 3151 2584 2 2895 2738 3 2659 4465 7 3394 2840 3
3463 3888 3 3175 3693 2 3670 4142 2 4232 4104 3 4273 4927 5
4461 5025 6 4068 4238 4 3864 4905 2 4512 4768 1 2492 3156 2
4418 5217 5 1979 1991 4 3400 2563 2 2836 4262 2 3233 4390 2
4383 3938 3 3163 4247 2 3971 4177 2 3521 5228 5 3429 2742 2
5106 3295 2 4031 4041 4 2216 4037 2 3241 3686 2 3605 4163 5
4977 4446 5 3298 4468 2 2911 3255 1 3696 3963 2 5123 5362 2
4289 4608 4 1791 3182 1 3380 3350 5 3244 2662 2 2125 2765 4
2944 3553 2 3304 2658 1 2161 3153 4 2926 3337 6 3278 3980 2
2729 3222 1 2709 3086 5 2428 3059 4 4581 4592 2 2993 3861 3
2371 3527 3 3585 2569 4 3257 3527 2 2951 3262 5 2766 4151 2
3310 3673 2 2622 3423 2 4310 3346 4 4103 5160 2 3503 3857 4
2054 3414 4 2198 2945 5 2587 2183 3 2089 2744 4 1469 2158 3
2712 3293 2 2306 2881 3 3028 4456 5 4671 3669 2 3784 5079 3
3842 3126 1 4661 4914 3 3518 4994 4 4060 4644 4 4680 5254 2
3525 3946 3 2184 3608 3 3979 3098 3 2915 2430 4 2556 2970 2
4951 5609 4 3856 4870 2 3501 2202 2 3243 3988 3 3295 4382 4
1639 2108 1 3966 4400 1 4634 4640 5 4381 4683 5 2394 2944 3
1588 2697 1 3497 4035 1 3832 3858 3 3251 4090 3 4148 4906 6
3844 4290 4 4965 5200 6 2300 3100 1 3961 4392 3 3324 3804 2
2695 4713 4 3191 3472 3 3784 4216 4 3819 4296 2 4123 3981 3
3060 2637 4 3226 3015 1 2269 3015 1 3197 4505 4 2524 3438 6
3287 3699 2 3336 3525 1 3500 4185 2 3020 5510 6 3173 2794 3
3807 5155 2 3352 4053 3 3514 4201 2 4200 4336 5 4382 3942 4
4551 3572 3 2140 2595 1 2568 3652 5 2323 4143 7 3590 3152 2
2279 2654 2 2706 3368 3 3272 4068 4 2681 3659 5 2943 2818 2
4371 4695 3 3765 3842 3 3389 3715 4 3104 3759 4 3915 3815 1
4412 4905 2 3695 2635 3 3261 4172 4 3751 4341 4 3014 3965 3
4226 3527 3 5373 5368 3 3107 3288 2 3696 4855 3 3846 4999 4
2319 3505 3 4602 4521 2 3930 4135 5 4052 3740 2 1799 2863 4
3777 4089 4 1799 3153 2 3566 3136 2 2127 2310 1 4001 4014 6
3619 3616 3 2695 5097 2 3985 3868 3 4174 3916 3 3888 3688 3
2653 4150 4 3514 2949 3 2884 3635 4 3712 4305 2 3251 3747 4
2447 3786 3 3951 4091 3 4321 3584 3 5079 5303 3 3261 3763 2
2727 3287 6 2381 2847 4 3848 3058 1 2806 2782 2 2460 4005 2
2765 3073 2 3559 4563 3 3436 3197 1 3697 4426 6 3820 3943 2
2507 3147 6 2369 2376 1 4054 4300 1 3124 3809 3 4331 4763 4
2921 3190 4 3404 3588 3 2935 4410 3 3958 3328 1 2707 3570 3
5819 6859 3 3920 5258 1 4100 3221 3 4710 5245 4 4323 4319 2
3466 3654 4 3567 4190 4 4241 4498 2 3801 4191 2 3267 3533 3
2976 3450 2 2848 3113 4 2915 4098 3 2732 2247 2 2548 3656 5
2931 3198 2 4132 4849 4 3444 4530 5 5211 4794 2 3711 3453 1
3286 3908 4 3753 5024 3 2566 3297 6 3227 3285 2 2847 2878 1
1949 2901 3 3840 3515 4 3823 3379 3 3065 4244 4 2852 3453 3
4406 3843 4 4034 4696 2 2645 3880 3 3251 4362 4 4065 2988 2
3612 3534 2 2829 4725 6 2639 2912 3 2972 3211 2 3193 4073 3
4131 5434 3 4090 3752 2 4434 3037 3 3408 4909 6 3680 4193 1
2019 4384 1 2775 3700 5 5268 4714 4 4698 4467 4 3148 2793 1
2686 2478 2 3153 3131 2 3860 4454 1 2074 3358 4 4104 4237 5
5316 5049 2 3655 2804 2 4207 4743 2 3668 3601 4 2627 3931 5
4666 4640 3 3542 3582 1 3714 5273 4 2388 3435 1 5590 4678 5
3771 3339 3 3996 4313 7 2356 3626 1 4125 3389 1 4006 4585 3
4618 4262 3 2994 4425 2 3588 4778 5 4015 5193 4 3366 3291 1
2457 3941 3 4494 4100 4 3849 3953 2 2743 2868 5 3097 3456 2
3019 2959 4 3712 4483 4 2455 2961 1 4180 4033 1 3140 2975 5
4262 4951 6 2359 2696 2 4178 3930 3 4073 5159 2 3153 3761 1
2525 3988 6 3803 4375 2 4042 3829 3 3870 4048 1 2984 3771 3
5378 4300 2 3409 3142 2 4022 5279 3 3399 4133 3 4203 4767 5
2596 2253 2 3716 3300 3 3548 4015 4 3249 4118 1 3616 4177 3
3957 3914 2 2533 3409 5 2108 2959 2 5892 4081 2 3109 4413 4
3137 3694 2 2854 3377 2 4356 4251 4 3519 4180 4 3295 3997 3
2180 3466 3 1714 2157 5 1582 3045 2 1933 2656 6 2718 1826 2
2699 4132 4 2536 3308 3 2215 2490 3 2601 3476 5 4276 3465 1
3152 3297 3 2962 2884 2 3206 3421 6 2969 3676 1 3118 4584 3
2687 4055 6 2215 1881 3 2508 3602 3 3212 3233 3 1152 2195 2
3937 4249 5 3283 2408 1 3563 5468 4 3774 3199 1 3166 4490 2
2778 3366 2 3089 2717 5 3770 4889 3 3058 3498 2 4376 4750 4
3030 4015 4 3450 4593 3 4907 4352 4 3371 2464 2 4040 4133 2
3257 4272 3 2564 2962 2 3518 4575 4 2945 3443 3 3539 3391 3
3951 5097 3 4119 5541 2 2516 4271 2 4522 3690 4 3603 3655 4
4064 3506 3 3337 4185 3 2884 4490 3 3227 2671 2 3956 3707 4
3949 4108 2 3309 3601 2 4370 4227 1 3095 4492 6 1830 2624 4
4462 4672 7 2295 2363 1 2869 3891 3 2719 2951 3 2290 2404 2
3131 4903 3 4199 4292 4 4424 3438 4 2850 3404 2 3426 4424 4
4586 5797 4 3485 3030 3 2475 3937 3 3962 4361 1 3349 2592 3
4194 4389 5 4118 3419 1 2825 3896 1 5288 5448 4 3980 4708 2
2355 2913 1 3173 2822 4 2841 3892 3 2747 3284 5 2879 3742 3
4281 4123 4 3191 4793 2 3614 3727 4 3502 2723 2 3032 4822 2
2707 3722 3 4520 3867 2 2946 3588 3 3923 4521 3 4563 5305 3
2461 2604 3 2279 2600 2 4136 4937 4 2819 3680 4 3146 3344 4
2758 4473 4 3213 2954 3 2534 3586 4 2496 2871 3 2938 3012 2
3826 3198 3 2339 3294 2 3379 4643 2 4168 4976 4 3401 3405 4
3693 4715 3 3147 2626 3 4527 4498 4 2573 4283 3 2496 2777 2
3566 4335 2 3879 2835 3 2881 3476 3 3473 4129 4 3254 4842 3
4490 2950 2 4066 4663 4 4600 5272 2 2734 3653 6 3474 4259 2
2164 3182 4 3415 3628 1 2944 2364 2 2918 3554 8 2099 2026 2
3061 3926 1 4594 4741 4 3593 3198 1 3357 5395 4 3156 3314 4
4631 4723 4 2564 3468 4 3615 2924 2 2588 3475 4 2630 2817 4
1988 2882 3 3083 3590 3 2117 3317 2 3246 5216 4 4073 3707 2
2990 3773 5 2828 2231 2 3422 2604 4 3331 4420 2 2425 3766 2
3172 3349 3 4658 4456 4 4237 4744 2 1681 3033 4 2723 2848 3
4189 4319 3 3041 3432 2 3714 4516 4 3609 4283 2 4687 4725 2
4202 3454 3 2892 3448 4 2594 4098 2 3512 3639 4 3821 3531 2
3041 2835 1 4452 5978 5 3926 4303 5 3489 4015 1 3609 3991 3
4184 5416 4 3871 4638 3 3907 3465 2 2568 3870 3 2039 2443 3
4465 5044 3 3465 4784 4 4363 3289 3 3605 3953 2 2864 4127 3
3687 3639 5 3500 4279 2 1957 2633 4 2452 2127 2 2713 3208 4
3421 4573 5 4389 4523 3 2425 2821 3 2888 2849 2 2853 3644 3
3420 3130 2 3009 4525 4 2746 2257 3 2698 4240 5 2377 3334 2
2423 5171 5 4876 3827 2 3652 3157 1 3952 3843 3 3307 3569 3
2759 3430 5 3584 3713 2 2932 3562 3 3772 4841 5 2627 2779 1
3178 4229 3 2955 2847 4 3109 3900 3 3379 4673 4 3284 3044 2
3107 3216 1 3108 3539 3 3727 3574 4 4396 3994 5 2925 4736 2
4372 3724 7 3830 5781 2 3879 6422 2 4120 4374 4 5034 3313 1
3540 4128 6 4452 3828 4 2650 3971 2 3530 4027 2 2161 1929 1
3772 4561 5 4346 4415 3 2245 3175 2 2530 3306 1 4348 4911 4
3596 3298 4 2791 3822 3 3208 3719 2 2717 2823 4 1906 2782 4
3664 4310 3 3643 5475 1 2713 3880 3 4901 5050 3 3613 3771 5
3084 3218 2 3708 4919 6 4056 3765 3 3364 3354 1 3358 4848 4
3121 4745 4 3088 1886 3 3728 3296 2 5176 4467 1 2648 4970 5
3004 3035 1 5192 5477 4 5737 5671 5 3172 4451 3 3766 3907 2
3510 3064 5 3067 4031 4 3854 3965 3 1729 2261 1 4314 4644 2
3751 3426 3 3071 3089 3 2414 3651 2 3373 4301 6 4798 4098 2
3320 3376 4 2442 3784 1 4131 3644 2 3738 4748 3 1684 3359 5
3839 3513 2 1489 3398 4 2601 2865 6 2354 3282 1 2879 2483 4
3582 2625 4 2836 4425 4 3618 4731 3 4617 4492 2 4277 3597 1
3367 3637 4 2568 3331 2 3453 4348 2 3423 4053 4 3747 4125 2
3238 4661 5 3659 3638 2 4413 3829 3 2453 2845 3 3453 3373 4
2592 4016 3 3196 3383 5 3902 3332 4 2730 4955 3 4312 3087 1
2479 4192 5 3667 4288 3 3399 3456 3 3237 3308 2 3566 3317 3
1984 2971 2 4286 3858 3 2923 4545 3 4371 4515 3 2411 2494 4
4536 4657 4 3737 3852 5 4136 4099 2 3109 4465 1 3457 4270 2
3673 2886 4 2096 3181 2 2450 3737 4 3088 4024 3 3523 3088 3
2331 3186 1 3301 4635 3 2617 3181 4 3262 3578 5 3950 4262 1
3065 4526 2 2954 3871 3 3206 3752 5 4365 4497 5 3634 3113 3
2717 3305 5 4001 5548 1 4100 3464 4 3043 3101 4 2867 2697 1
2000 3609 4 3221 3063 3 3043 2252 3 2452 3192 4 2002 2709 3
3595 3863 5 2412 3068 3 3979 3030 1 3422 4216 4 2465 3991 2
4055 4180 4 3819 5117 2 3270 3257 2 3644 4063 2 4932 4829 3
3650 5489 4 2838 3136 2 4552 3301 2 3331 3417 2 2944 4316 5
3208 3953 6 4052 3530 3 3763 5210 2 2438 2355 1 4046 4384 3
3542 3728 2 4668 3871 3 3444 4502 4 2148 3924 4 2758 2970 2
3678 4408 4 3994 4876 2 3358 4162 3 2791 2720 2 3133 3734 3
3972 4848 5 3290 3639 2 4251 2950 2 3695 5340 3 3304 3208 2
2843 2634 2 2667 3273 3 2356 4061 3 2078 3383 4 2737 2981 5
2156 2828 4 4948 4767 3 3289 4014 2 2981 3840 2 4245 4021 3
2423 2965 2 4297 3750 7 3122 4077 1 2962 3331 1 3823 4203 5
4267 4573 5 3731 4227 4 3309 4009 3 4057 3680 2 3880 4595 1
2726 2885 5 2123 2377 2 3144 3092 4 4545 4211 2 2605 3389 3
1868 4352 5 3673 3881 1 5696 5971 5 4479 4513 3 2825 2644 3
3316 4134 4 2751 3472 6 3477 4304 2 2918 3762 1 3523 2749 2
2750 2396 2 3299 4753 4 3642 3703 4 2216 3545 3 3638 3313 3
4464 4634 5 3723 6394 4 3102 4003 3 3113 2914 2 4603 3755 2
1947 2274 3 4622 5088 4 3891 2980 4 3026 4394 3 2582 2865 1
3226 3507 5 3589 4626 1 4543 4776 4 3985 3949 1 3296 3484 4
3360 3773 4 3708 3899 4 2580 3369 2 3043 3128 2 4277 5458 3
2378 3430 5 3870 4059 1 3221 3791 4 3900 3826 4 3834 3870 2
1789 2515 2 3084 4096 3 2382 3748 4 3574 3659 2 3195 3048 6
4122 5077 5 4027 4252 3 3119 3557 3 2258 3687 2 3740 3760 2
3828 4131 2 2172 2508 1 2222 3592 5 1919 2663 4 3210 2610 4
3722 5897 4 4922 4137 2 4206 3792 2 3594 3432 2 3312 4194 4
3261 3670 6 4595 2776 2 2714 3846 3 1600 2537 3 2608 3225 2
2447 3334 3 3338 4399 3 3474 4423 3 5314 4282 2 4437 5261 3
3160 4260 2 2392 2881 2 4452 4860 4 2803 2647 1 3239 4265 5
2682 4693 6 3595 4687 4 3592 3256 1 2803 2411 3 2650 2176 2
4888 5729 2 3593 5076 4 4086 4789 4 5439 4498 2 4098 3818 2
5410 4381 4 2489 2690 3 2691 2571 2 3918 5735 4 4216 5055 1
3568 3739 3 4438 4906 1 4090 4288 2 4801 5153 4 4124 5246 4
2756 3928 3 4052 3442 3 3980 3879 4 4333 4235 3 2755 4143 2
4090 3656 6 4694 4687 3 5026 5046 2 2989 3210 2 2690 4502 3
3055 3564 1 2116 3375 5 2424 3329 4 2924 2738 3 2944 2940 3
2611 2917 4 3372 4049 2 3300 2760 4 2719 2643 1 2901 3226 5
3369 4451 3 3599 3692 2 4283 5528 4 3464 4900 3 4260 3865 4
3932 4384 4 3095 4544 4 4098 3459 1 4527 4265 2 4483 5305 3
3076 4926 2 2897 3789 3 3700 3225 1 4779 5762 4 3630 3859 2
3186 5239 3 4049 3420 3 3726 3482 3 3708 3409 5 4039 4713 1
3196 3383 2 3471 4412 5 1983 3567 2 2854 3192 1 3747 3934 4
4552 4895 2 2524 3775 2 3750 4434 5 4098 3419 3 4275 4274 3
3095 3965 4 3449 4536 1 2621 3741 2 4653 3888 2 3357 3675 3
2925 4031 4 3909 4898 3 4226 3701 4 3967 2901 2 2420 3827 2
1920 1953 3 2725 3957 3 2946 2390 1 2942 4172 3 2944 3039 5
4898 4495 3 2072 4076 3 3457 2872 2 3617 3440 3 2927 4401 4
2797 4515 3 5196 5735 5 4676 4803 2 2456 3465 2 4251 3797 3
4877 4185 3 3258 3475 5 3698 3956 2 3655 5031 3 3875 3868 1
2104 3718 2 2858 2724 3 2709 2547 3 2407 2849 5 2005 2647 3
4179 5263 1 3160 2768 4 3819 3757 3 4057 4634 5 3209 2940 1
3849 3733 1 3912 3950 5 3577 2991 4 2188 3171 2 2463 3557 4
2967 4198 6 3887 3650 4 3267 3953 2 2867 3273 4 1826 3215 1
2909 3204 1 3435 4044 4 3211 3620 6 3217 3565 1 3284 3828 4
4088 4081 4 4020 4653 3 3870 4732 5 2824 3388 1 4238 4514 2
2325 2984 2 3329 3329 1 5065 5830 5 4045 3822 3 2095 2859 4
2148 3622 3 3946 3642 2 3252 3680 2 3738 3667 2 4026 4501 6
4249 3542 1 3803 4442 6 3051 3748 2 3963 4996 3 3816 3890 2
3514 3558 5 2253 3179 2 4094 4689 4 4300 3425 4 3421 3666 1
3023 3327 3 2457 2592 1 3571 5089 3 3990 3328 5 2963 3436 4
3795 4811 5 4921 3684 2 3516 3416 2 3489 3810 1 2841 3807 5
3409 2562 3 4213 4288 3 2778 4739 4 2796 3974 3 2556 2731 3
2620 4152 4 3075 3049 3 2923 3028 1 4719 4322 3 2573 3364 4
3496 4055 3 4431 4157 1 3731 3668 4 4796 5706 3 2537 2392 5
2518 2535 1 3605 3005 3 3025 3824 5 2837 2953 3 1903 3182 3
2290 2698 7 3416 2994 2 2310 3856 3 1676 3305 3 3870 2700 1
4649 3789 1 6233 5559 1 4131 6729 5 4588 5001 3 3816 4826 3
2305 3118 3 3850 4799 2 3535 3468 3 2583 2370 3 2807 4201 4
4158 4040 2 3234 3197 3 4106 5350 4 3467 3780 2 3195 3571 4
3717 3374 3 5827 4719 3 2412 2571 3 3542 4081 1 2405 3337 4
3486 4480 5 5022 3940 4 2920 3128 2 3621 4443 3 2413 3164 1
4438 5216 4 1985 3590 4 4773 4656 3 3481 3217 1 4151 3690 3
2678 2662 5 4153 3882 1 2456 2396 4 4977 4608 2 2660 3292 3
4658 4943 1 4406 3425 4 3581 4284 3 3168 3455 1 4790 5664 4
2130 3123 3 2459 2215 3 3910 5606 4 3498 3262 2 4620 5191 3
2245 3530 5 2485 3490 2 3109 2916 2 1775 2769 5 3721 3083 2
3611 4342 2 2834 4362 5 3227 3353 1 3853 4048 4 3678 3722 4
3705 4895 2 4441 4985 4 4043 4248 2 3320 4316 4 2511 3087 4
2105 2934 5 3405 4237 4 2547 3008 3 2703 3625 2 3228 2744 2
1807 2865 3 2175 2461 2 2042 2011 1 1671 3435 7 3071 2257 3
2717 2570 4 3308 3617 4 2890 3297 1 4006 4477 2 2658 3244 4
4394 4845 3 3630 4863 3 3997 3569 3 2986 3901 4 4594 4177 2
4152 4531 4 3422 5240 1 4394 4418 3 3590 4301 4 3874 3646 3
3198 4967 3 2766 4123 6 4099 2689 2 2858 2011 1 3275 3964 3
3503 3972 4 3647 5058 3 3743 4491 1 4650 3284 3 3905 3400 3
3920 4052 5 2771 3371 1 4592 3684 4 1889 2763 3 2940 4036 6
4833 4360 4 3363 4210 2 3009 2854 1 3367 4216 5 4201 4447 2
3077 2921 3 3835 4382 2 3534 4278 4 3403 4259 3 3776 3159 3
3181 3076 2 4736 5852 2 4648 3528 4 1226 2951 3 3438 4094 5
3640 3010 3 3280 4275 3 3074 3866 2 2483 3741 1 3636 2531 4
3783 5232 6 3262 3744 4 2938 3932 2 2756 2572 3 2883 2619 1
3709 5225 2 3387 3052 2 2814 3543 1 3071 3357 6 3396 2837 3
4186 4422 3 3541 4327 4 3866 4873 3 3136 3583 2 2764 2487 3
3483 3856 1 3170 3650 4 3605 3965 2 2385 3733 2 3912 4234 6
3350 4120 5 3160 4105 3 3117 3225 2 3672 3692 1 3707 3766 4
3709 4429 4 5091 4274 5 3623 4823 4 2484 3918 2 3876 3202 2
3342 3479 1 3170 3197 1 3365 3809 2 4309 6542 7 4231 3867 3
3640 2502 5 3757 4155 5 2786 3608 2 2426 2702 1 2949 3954 3
5473 4495 1 5010 5718 2 3142 5339 2 5223 4778 5 5147 5631 2
3373 4412 3 2287 2419 1 2258 2988 3 3617 3970 4 3132 3245 4
3344 3261 3 3394 4513 4 3568 3444 2 3375 4800 4 2387 3122 2
3401 4600 2 3382 3020 1 3124 4112 4 3949 3723 4 3124 3366 3
4457 3261 1 3184 3885 4 2151 3692 2 2590 3100 2 3467 3634 5
2932 4985 5 4248 3212 2 2255 4142 3 2824 2931 1 3654 3324 4
3212 3499 2 2143 3098 5 4416 2804 5 2167 3233 1 1481 2610 3
2858 4505 4 3250 4073 2 4053 4082 1 4344 4715 4 4815 4399 4
4560 4322 3 3807 3516 1 3996 5865 4 2880 3274 2 3811 4055 4
1912 2748 3 4388 4866 4 2863 3405 2 3357 3462 2 3867 3724 3
4017 3335 3 3719 3280 5 3654 4312 3 3153 4204 2 3715 4181 3
2717 3639 2 3189 4556 2 4340 3703 3 3175 3941 5 3328 3532 2
3080 1936 3 3149 3075 3 2568 3191 3 2388 4840 4 3310 3159 2
2947 4239 5 3470 2753 3 2763 2886 2 3487 3321 2 2852 3632 4
2302 3999 3 3589 4268 4 2530 2521 2 3078 3911 2 3601 3175 4
2953 3474 3 2675 3869 3 2538 3017 1 2099 3399 5 3246 2695 3
2868 3204 3 3029 2910 5 2805 3151 1 4282 5131 3 3372 3269 2
3338 2875 3 3826 3362 2 3422 5695 3 3732 4105 4 3830 3722 2
3182 3987 2 4149 4279 1 3626 3660 2 4279 5072 4 3503 5100 6
3071 2405 2 3799 5059 5 3403 4669 2 5157 5231 4 3115 2702 2
2643 2118 4 3946 4918 4 3611 3254 2 1845 4121 5 3322 3917 2
3151 2641 2 3928 4687 2 4385 5230 5 4208 4556 3 4391 4744 2
5240 4549 2 5071 4943 5 3579 4029 2 2440 3513 3 4235 4770 3
3481 2947 2 3176 3187 1 3270 3378 3 3807 2974 2 2195 4548 6
3618 5425 4 4273 3870 1 4019 4867 4 2648 2393 3 3342 3527 4
2882 4212 4 3202 4323 3 2164 3229 2 4650 4214 3 3851 3344 4
2805 3898 5 4940 3887 3 2596 2938 1 3860 5517 4 2412 2491 2
4404 3684 3 3646 3413 2 2902 4337 5 4141 5289 3 2208 3189 2
3700 3494 5 3293 4715 2 3648 3075 1 3548 4824 5 3511 3411 3
4029 3848 1 2595 3720 3 3079 4826 4 4448 3011 3 3291 3600 3
2545 3331 2 2997 3079 3 4525 4598 3 2968 3562 3 3968 4202 3
5043 4505 5 3084 3925 3 2031 3385 2 3054 3991 3 3535 2942 2
3288 3093 5 2445 2590 4 4354 4332 3 2636 3795 3 2426 3843 1
4489 4639 5 2796 4279 2 3397 3035 1 3521 4899 3 3345 3357 2
3752 4146 1 4063 3515 2 4974 5832 3 4820 4940 2 4896 4977 4
3171 4537 3 2078 2830 3 2767 2915 3 3150 3054 4 2246 2847 4
5482 5008 2 5019 4672 3 4875 5178 4 3269 5630 4 3466 3039 2
2599 3074 2 2497 3786 1 2700 2830 2 2696 4123 5 3781 3990 4
2443 2991 1 3390 3107 5 2531 3490 4 4507 3758 2 2624 3074 4
3515 3515 2 3988 3087 2 3582 3204 1 2676 6212 5 4500 4720 2
2667 3256 2 3495 3773 4 2967 3749 2 2808 2864 3 3869 4066 3
3049 3596 3 3443 3686 6 2569 3780 3 2240 3355 2 2747 2666 1
4099 2834 1 3950 4741 3 3735 4121 3 4002 4617 3 3130 5071 4
4620 4595 1 3895 4257 5 4216 4735 2 2698 2464 3 3050 3662 2
1614 2942 1 2932 3501 2 2697 4088 4 4156 3985 3 2177 2817 6
2698 4295 3 2372 2618 3 3248 3612 3 2604 3267 4 3400 3404 3
4065 4927 4 3664 3347 1 3536 4186 4 3097 3064 4 3844 4247 2
4153 3559 2 3766 4935 4 3423 4822 4 3622 4582 2 3810 3924 3
2936 3886 3 3387 4363 4 3993 2597 3 2886 3070 3 2338 3595 2
2473 2514 3 3794 4920 2 3037 3432 2 2558 4567 3 4407 3277 4
2254 3449 4 3378 3420 2 3839 4312 4 4148 3693 3 3714 3541 1
3004 3975 3 3122 3283 3 2886 4113 4 2851 3403 3 3366 3625 2
3387 4494 3 3596 5004 3 4381 3132 2 3739 4207 4 3797 3507 2
3559 4070 3 3900 4632 2 4416 4627 2 3584 5093 3 4518 3701 2
4151 4699 3 2399 3246 3 3234 2904 3 2744 2906 3 3439 2643 3
3146 4389 3 2179 2882 3 4976 4897 3 2390 3466 4 3358 3280 4
2002 3715 2 2489 2814 1 3581 3929 4 2713 3089 5 2530 3668 5
3513 3882 5 3354 3406 2 4894 5959 5 3856 3896 2 2428 2239 2
3259 3049 3 3511 4069 3 4056 4296 1 5142 5337 5 3516 4315 1
3821 3814 3 2691 2417 1 2481 3530 2 3379 5021 5 2819 3280 4
4340 4505 5 4025 2815 5 2781 3467 2 4029 4672 2 2586 3063 1
2882 2948 6 3834 3660 3 4145 4413 1 3414 4617 2 2067 2149 4
3328 3616 4 2673 2376 2 1332 1934 2 2881 3106 4 2887 2910 5
1978 3150 4 2087 2181 2 3603 3960 4 3454 3819 3 4042 4508 2
3315 2855 2 3843 4787 2 3127 2706 3 1543 2518 2 4023 3535 8
3921 4599 2 4020 3544 4 3248 5248 3 2500 3544 3 3581 3151 3
3716 3856 2 3692 4835 3 4453 4379 4 4064 3870 2 4996 4748 3
2769 3581 2 3001 2647 5 3050 2979 2 3985 4721 4 3007 2353 1
3461 4022 2 4000 4169 4 3172 3802 3 3629 4488 5 2486 2120 1
3329 3524 3 3096 2576 2 2871 2843 2 2367 3423 6 2021 3295 4
3769 4157 2 3053 5400 2 3787 3548 3 3925 3026 4 5061 4582 3
3891 3714 4 3333 5147 4 3000 3984 2 3044 3310 1 4399 4538 4
2916 4441 4 3097 3705 3 3494 4268 4 4066 3799 3 4848 4328 2
2893 3136 7 3546 3635 2 4403 4524 1 3394 5790 4 2801 2700 1
4261 3109 2 2886 4434 2 4481 4422 2 3173 4356 3 4006 4903 5
3420 4108 2 3782 4352 2 3137 4696 1 4483 3962 2 2594 3374 5
4088 4012 4 3019 3600 4 4640 5930 3 3884 2869 2 3516 3540 2
2419 2587 2 3839 5086 4 3451 3492 1 2232 4326 4 3640 3559 4
3194 4508 2 3749 3567 3 4504 4600 3 4527 4779 4 2333 2991 2
2226 2624 3 3751 3181 2 4270 4703 4 3029 4554 7 1407 2686 1
3619 3034 3 4084 3873 2 3799 5383 4 3059 4123 2 3671 4715 4
2707 3622 2 4920 4766 3 4391 4993 4 3174 3366 4 3225 3652 3
4487 3423 4 2602 4859 4 3683 3660 3 4163 4298 2 3009 2766 3
3473 3523 2 3537 4954 4 3259 3655 2 2622 3862 5 4894 4395 1
2203 2976 1 3541 2983 3 4065 3491 4 4529 5464 3 2720 3418 4
3609 3132 3 3702 2981 2 2292 2904 4 2198 3895 6 2981 3654 2
2825 3314 1 2853 2703 1 3423 4893 3 3343 3626 7 2543 3375 4
2166 3261 4 2100 2568 4 3011 3372 3 3120 4241 2 3581 3883 3
2999 4259 4 4306 4480 3 2883 3472 1 3143 3291 4 4194 4521 3
2560 2903 1 2391 2868 2 3759 4284 2 2708 3003 4 3148 3928 5
2996 3411 3 4117 4182 4 3081 3607 1 2663 1936 2 3691 4357 5
4554 4911 1 3541 3684 3 3330 4044 5 4007 3747 3 2838 3690 3
3303 3084 6 2146 2518 2 2218 3475 3 3707 4756 2 3446 3950 3
2563 2266 3 3213 3225 1 2914 5177 3 3446 3639 5 3776 3513 2
2073 3389 3 4130 4291 3 4432 5080 4 3017 3010 3 3213 4351 3
3018 3688 2 2602 2899 3 2734 3753 1 3315 4498 5 2850 3018 4
3384 2307 5 2604 3438 3 2633 3459 3 2858 3205 2 2027 2392 3
3570 4524 3 3073 2132 3 2938 3317 4 2123 2851 2 2896 3883 5
4166 4693 3 4303 5194 1 4631 3515 3 3676 4087 5 2706 3036 3
3464 4269 3 3321 4367 5 3843 4835 6 2795 3298 1 4022 4086 1
2249 3212 2 4235 4047 3 2682 2504 1 5050 6181 4 3750 4472 3
4179 4212 5 2279 3386 2 3712 4373 4 2985 3827 3 2253 3180 1
2628 4072 3 3167 2882 3 4303 3996 4 2603 3687 4 2591 3129 2
3551 2375 1 3568 3300 6 2895 3907 1 3073 3400 5 2206 3782 1
2760 4113 2 2956 3859 3 5484 5828 3 4362 4494 4 5180 4667 3
3773 4736 4 3685 3476 3 3480 4028 4 2523 3071 3 2936 2665 2
2564 3172 3 2236 2954 2 2047 2044 4 2130 3618 5 3631 3348 2
1861 3673 1 2775 3127 3 3653 3134 5 2978 3697 4 3050 3005 4
2510 2428 3 2863 3385 3 2713 2624 3 2454 3103 1 2429 2706 6
4425 5649 4 4100 3940 2 4055 4257 2 4164 3978 3 4350 4773 3
3445 4524 3 3416 4287 4 3180 2603 2 3196 4165 4 3275 3136 3
4047 3883 2 3326 3196 2 2918 5021 5 3475 4072 3 2095 3014 4
2677 2790 3 2331 2408 3 2404 3299 5 3109 3967 2 3078 3271 3
4820 6169 4 3994 4319 1 5203 4869 3 3612 4441 4 4615 4769 3
2385 2087 2 2900 3708 4 1936 3159 3 2841 4096 4 4480 4068 4
4327 4966 2 3831 3869 1 4613 4473 4 3359 4211 4 3499 4467 4
3071 3313 3 4099 3780 3 2831 3380 2 4704 3903 2 2980 3374 3
3694 5171 4 2312 2218 3 4078 4378 4 2014 3375 2 3926 2548 2
4299 4056 2 2966 4495 3 2370 3401 1 3954 4466 4 4487 4200 4
3778 3111 3 3881 4587 2 2794 4048 5 2355 3734 2 2915 1991 4
3165 4381 5 2522 3712 4 3750 3311 2 4014 3637 2 2855 3291 3
3791 3168 6 4471 4348 2 3547 3621 2 3460 3530 3 3379 4578 3
2563 3934 5 2460 1776 1 3043 3766 2 2491 2661 3 4400 4754 5
3326 3482 4 4104 4615 2 3759 4244 3 4214 3614 3 3560 5216 3
2818 3077 3 3989 4070 2 3957 3303 4 3621 4873 3 4202 4242 4
3001 3041 2 3669 4410 3 3569 4172 5 1822 2540 3 3032 3687 4
2757 3774 3 3111 3662 4 2764 2259 1 4589 4916 2 5324 5018 2
3631 4807 1 4124 4824 4 5721 5532 2 3379 4163 5 4187 4720 1
2789 2717 2 3696 4443 4 3401 4010 2 3773 4059 4 2598 3595 3
2531 3459 4 3226 4206 3 3154 3498 3 4231 4013 4 4274 3577 1
3728 3953 2 3928 3215 2 3736 4707 3 3753 5738 5 3628 3080 3
3146 3153 1 3581 4090 3 3044 4386 6 2860 2856 2 2633 3304 3
3319 2966 3 3424 3919 3 2323 2573 3 2951 3455 4 3424 3943 3
2961 3566 6 2942 3758 3 3322 4463 2 2428 2612 3 3437 3453 4
3766 3719 3 1974 2742 3 4238 3731 4 2408 4069 2 3280 4139 4
1729 3610 1 3200 3515 2 3531 3647 2 3787 3715 5 4125 3999 3
4085 4727 3 4127 5640 3 3829 4118 1 3323 3173 3 5735 4462 1
3132 2964 3 3025 3578 4 3382 3459 3 3404 3399 1 2659 2650 4
3417 4041 2 4142 4272 2 2987 4765 6 3806 4197 2 3805 4508 1
2001 2993 5 3138 2877 1 2691 3193 1 4220 5104 5 2410 2717 5
3014 3095 3 2888 3081 4 2826 3507 2 1723 2780 4 2781 2292 4
2659 2824 2 3349 4216 3 4031 4620 2 2796 3012 5 3389 3907 3
2803 3006 4 2793 3623 2 3309 4229 5 3987 3784 2 3700 4406 2
4952 4998 2 3194 4230 3 3965 4747 2 3832 4402 5 3858 3490 3
5431 4793 3 3804 5957 3 4261 4383 2 3365 5044 4 4477 3485 1
4006 4451 3 4728 4387 4 2381 4085 6 3441 3250 1 3620 3243 1
4033 4592 2 3075 2742 1 3640 4461 1 3710 3901 5 4611 4481 4
2933 4049 2 5684 4647 3 2529 3897 3 4336 4669 6 3519 4324 1
3527 5178 3 3759 4649 4 3929 4256 3 2183 2505 4 3779 3861 2
3086 3637 3 2972 3213 4 2995 2473 3 2192 2873 4 2518 2553 4
1077 1705 2 1635 2405 3 3981 4989 8 2750 2586 1 3973 4526 3
3358 3345 3 3251 4180 3 4229 3589 3 3098 4508 4 3375 2839 4
3344 3115 2 4404 4406 8 2572 1757 1 3040 4252 2 2256 2127 2
3050 3340 3 2709 4104 6 4327 4115 1 3370 3908 4 3327 2776 2
2932 3084 2 3552 3794 2 3020 4264 2 2492 3431 5 2653 2857 3
5140 4866 2 2774 2808 1 2786 5165 6 3072 2870 2 4224 4469 4
3375 3608 1 2667 4563 4 4553 4680 3 3150 3451 1 5162 5217 5
2548 3192 6 1911 3382 2 2684 4065 1 1755 2394 5 3286 2200 2
1213 2930 2 2657 2955 3 3050 2513 5 2718 3729 5 1865 1493 2
3170 4493 2 3093 4493 1 4133 4690 4 3804 3574 3 5228 4770 4
3113 3768 2 4116 3481 3 2617 2356 2 3813 3984 3 2574 3817 5
3059 4661 4 1663 2314 2 4123 5064 4 2960 2967 3 4067 3946 2
2462 2294 2 3114 2395 2 2793 5654 6 4287 5041 3 3762 3226 3
3536 4393 3 2032 2482 2 3919 3954 2 2440 3137 3 3990 3337 5
3987 5024 5 3255 3619 2 3021 3247 2 2316 3399 3 2867 2711 4
1624 2283 2 2962 3300 2 3855 4067 2 3862 4650 4 3345 3684 5
3860 3196 1 2380 3364 3 5771 5670 4 4480 4839 2 5044 5916 3
3978 4788 5 4068 4065 2 4156 3529 3 2632 4064 3 2252 2609 1
2289 3183 5 2740 3673 3 2540 2468 3 1783 2211 2 3277 3594 5
3833 3716 4 2824 3443 2 3132 4831 5 3722 4579 2 3094 3085 3
3132 5311 4 2955 3513 4 3930 2712 1 3697 4429 4 3730 3027 3
2874 3597 4 1870 1579 2 2961 3668 2 3183 3288 4 3840 4340 3
3684 3970 4 3265 3780 6 4799 5220 4 2821 3172 1 1485 1870 2
3484 3730 4 3423 3421 2 3068 4934 2 3012 3941 2 2737 2439 5
3598 4251 4 3082 4168 6 3265 4463 2 3005 2520 1 2473 2032 3
1826 2975 4 2878 3453 2 4700 3660 3 3417 3834 1 3248 4195 7
2887 4471 8 3278 3440 1 2402 3016 2 2100 1774 3 2641 2750 2
3675 3536 4 2375 2908 2 2999 3516 4 3966 5073 3 3633 3051 2
3909 3572 1 3298 5306 5 4676 4164 2 3786 4156 4 3245 4163 2
4117 5319 2 4230 5639 5 4796 4085 3 4256 4339 4 3703 3226 2
3754 5379 4 4802 5292 3 4913 4048 1 3030 4695 1 3234 4319 5
4554 4962 2 4439 4862 3 4233 5137 2 3480 4243 4 3223 3140 3
3563 2955 2 3228 3077 1 3939 4810 3 4757 5335 5 2898 3298 3
2827 4648 6 4841 4870 1 4247 4290 4 2382 3436 2 3665 1891 2
1753 3506 5 3567 4085 3 3022 2783 2 3602 4201 5 2841 3422 2
3748 3471 1 3012 5212 5 4558 5651 3 3718 3332 2 3721 4109 4
3866 3999 3 3661 3461 2 4342 4744 3 3835 4731 4 4110 4908 2
2869 3436 2 3409 3764 3 3166 4530 3 4793 4347 3 3652 3611 5
3453 2986 3 1897 3696 4 3647 3684 3 2935 2508 2 2668 4376 6
3112 3928 6 2643 2627 1 3416 4020 3 3838 3776 3 3109 3686 2
3482 4115 2 3342 3421 5 2358 3853 3 3737 3258 2 3400 3751 4
2239 3756 5 2886 3760 1 5005 5468 4 4899 4410 4 3450 3170 1
4698 3992 2 5579 5693 2 4830 4985 2 3635 4512 3 3391 3637 3
3245 2678 3 3448 3059 3 3276 2921 1 3136 5972 5 4328 4060 3
3437 4500 3 2833 2555 2 4218 5141 4 3420 4252 3 4245 3088 3
3572 3709 2 3831 4628 3 3377 3181 3 3641 4774 3 3878 4164 2
2659 2520 4 3320 3055 3 2171 4567 1 4396 3764 2 3667 4154 4
4979 3914 3 2647 3092 2 2357 3221 2 3178 3422 4 3847 5075 5
3165 4607 3 3207 3520 3 2471 4615 4 5482 3318 1 5231 6323 2
4326 4542 3 3932 2568 4 3853 3983 2 2605 3739 4 3783 4667 2
4226 4609 2 3330 3278 2 3106 4625 4 2197 2327 2 4008 4769 4
3119 3258 3 3748 4954 2 3417 4209 2 4090 3354 2 3322 3875 5
2198 3349 3 4628 5212 4 4941 5393 4 3663 4066 2 2967 3269 3
3895 3613 1 3828 4993 3 5043 4857 3 4303 4788 3 3145 4459 3
2687 2234 2 2669 3233 2 2766 4250 4 2706 3072 5 2577 1973 4
3798 5603 3 2880 3644 5 3238 3101 3 3404 3454 2 3531 3009 2
3979 3396 2 2953 3332 4 1508 1875 5 3288 3469 3 2480 2534 3
3593 4433 4 3804 3721 4 2772 3255 4 2414 2558 3 2479 3102 2
3678 3195 3 4479 4159 3 2483 4305 2 4097 4024 3 3377 4670 3
2750 3316 2 3624 3831 2 4581 4934 3 4189 5588 4 4094 4043 3
4056 4938 5 3328 2776 1 4540 4275 1 3560 4613 5 3442 5478 4
2929 2680 2 3722 3024 2 3930 4897 5 3097 3773 2 3071 3778 2
4226 3575 4 3037 2854 2 3406 3330 3 2196 3525 5 2975 4234 2
4270 4867 3 3422 3356 4 4473 5358 3 2754 3073 4 3769 4164 2
2938 3437 1 2782 3936 3 4086 4052 3 4578 4772 4 3577 4128 4
3394 4895 2 5533 5845 3 3808 3762 4 4503 6070 2 3940 3884 1
4080 4588 3 4221 4077 4 3382 3899 4 4634 4471 1 2370 2838 3
2170 3494 5 2619 2573 5 3479 2785 3 3214 3650 3 826 2076 2
2794 3922 3 3261 1834 1 2310 4145 6 2960 3381 3 3000 2580 1
4050 4264 4 5301 5934 5 3958 4686 2 4097 5014 2 4338 4310 1
3897 3864 4 2953 3979 2 3237 4019 5 2643 3978 2 2610 2782 2
3887 3595 6 3676 4607 3 3801 4236 2 4739 6907 2 3482 3033 2
4882 4807 3 4477 4437 2 4166 5443 2 4083 5230 2 4346 4318 4
4224 4806 4 2727 3080 3 2594 4605 4 4147 4673 3 3248 2804 1
2743 3520 3 3193 3121 1 2976 2362 3 2552 2884 2 2374 4051 7
3445 3866 2 4005 3304 2 3719 4670 4 3292 3636 5 3336 4186 2
2476 2650 3 2507 3079 4 3013 3189 2 3022 4030 2 2226 3500 5
2552 3897 1 4652 4683 6 3641 3718 2 4196 5035 3 3297 2835 3
5208 5664 2 3237 4028 3 5163 5579 2 4329 3416 2 3391 4626 3
4444 4640 1 3484 3870 3 4546 4620 3 3360 4265 4 3262 3854 4
2784 3774 5 4150 3620 2 2437 2769 2 4485 4662 2 3470 5728 4
3265 4553 4 3814 3030 1 3426 5335 3 3372 3266 3 3355 3130 5
4015 3868 2 4980 4066 5 4357 3745 3 5105 5789 3 3314 4469 2
3136 3876 1 2892 3309 2 3386 2984 3 3607 3891 3 2934 4300 5
3911 3765 3 3602 4614 5 3544 4154 3 1906 2453 2 3993 4054 3
4388 5986 3 3781 3966 2 4182 5171 4 4841 4516 3 3492 3280 2
3391 3156 1 3092 3563 3 2995 3540 5 3470 4613 4 2496 2173 3
3160 3528 1 3299 3326 3 2760 3236 3 3314 4852 6 3119 3067 2
2416 4516 3 1876 2414 1 4788 4942 4 3486 4516 4 4519 3664 2
1571 3688 5 3405 3463 5 3002 1745 1 3095 4150 2 2126 1957 2
4435 5573 4 3739 4042 3 5072 4941 3 3596 4269 3 3796 3312 2
4062 2495 2 4617 4267 3 4263 4208 3 2409 4111 4 3467 5097 3
5296 4486 3 3076 3272 3 4190 5719 2 3551 3248 3 2989 4241 4
2558 3366 3 2770 2922 3 2093 2176 2 2971 3863 4 2697 3204 4
2624 3581 5 4108 3431 3 3185 5363 4 3055 2206 1 3660 3894 4
3302 3442 2 3948 4129 6 3661 4720 1 3902 3645 5 2555 3023 1
3974 6229 4 3201 3247 1 3843 4407 1 3476 3436 3 3269 3574 4
3634 4845 4 4975 5440 6 3456 3422 2 2653 2630 4 2250 2495 3
3599 5180 2 3445 3452 3 4057 3757 3 3819 4129 2 2735 3758 5
3800 3938 4 4310 3925 2 3151 4000 3 3768 4417 4 2927 3519 4
3160 3566 3 1743 2159 3 1704 3221 3 2653 3087 4 2869 2328 3
4242 4509 3 3930 4311 4 2830 4610 4 2742 3198 2 3595 3437 1
4690 4822 3 3163 2631 3 3140 3836 3 2684 4293 2 2550 3609 3
3818 4406 4 3536 4691 6 3609 3439 3 4542 3947 1 3478 4998 2
2986 3945 2 3431 4765 3 2755 3069 3 4076 4395 2 3863 4265 5
3051 2834 5 3118 3932 3 3280 2525 4 2160 4515 4 2078 1642 1
2547 4751 5 3636 3619 1 4729 5074 2 3809 4945 5 3974 3346 2
2919 4187 2 4383 4126 4 3494 3833 4 3460 5513 4 4836 3920 1
3427 3328 2 3460 4253 4 3783 4246 1 2470 3676 6 2858 2608 3
