10732 9183 13 8264 7500 5 8345 9620 9 6848 8629 12 9152 9751 13
6948 6782 9 8515 7948 13 8214 9817 11 8477 10691 7 9138 7522 6
8232 8531 9 8667 9009 13 10472 8381 12 6630 8880 5 8830 8280 15
7963 7268 8 8344 8225 6 8295 10862 12 9448 9305 14 9938 9680 10
11540 9939 12 10343 10025 16 9408 10759 13 8574 8353 12 7201 7602 7
7325 5835 6 7099 9210 9 9324 9304 12 8456 8028 7 7725 8659 7
8197 8082 8 9176 8561 16 8906 7886 8 8198 9156 9 9214 10175 8
8056 8623 11 9794 9857 7 10164 10999 18 10213 9816 12 10668 9962 15
9101 9151 10 9437 9055 13 10018 10303 13 8980 8738 10 8432 8476 13
9345 9239 13 7750 8276 3 9418 7862 10 9805 11076 14 8327 9746 9
9024 7932 4 9598 9045 10 7389 9797 10 9778 9197 6 8805 9040 13
9004 9303 10 8561 9437 10 9438 9980 12 9970 9054 15 8677 8765 15
9877 8538 11 9627 8985 6 8686 9702 4 8876 9670 11 9446 8943 7
7970 8234 8 9102 8777 11 7100 8129 11 10342 9899 9 9913 9079 11
6978 6351 6 9845 9431 27 7919 9957 17 6450 7150 10 9568 7709 10
11156 9975 16 8537 9857 11 12049 10279 19 9528 10860 13 5751 6940 4
11635 9214 15 8087 8682 12 8134 10189 8 8834 8611 13 8268 9067 15
9668 8515 13 8723 10315 10 8951 8253 13 8624 7674 6 8911 10256 12
10184 10626 11 10487 8103 6 7968 10321 9 8612 8066 10 7581 8668 7
8356 8018 7 7745 8154 6 8430 7514 3 10301 11192 11 9080 10707 6
9201 7784 13 8677 9453 11 7250 7326 10 8819 8686 7 11164 11453 14
7727 7357 7 10006 7713 9 8355 9535 4 7090 8188 6 9285 10337 13
6728 6737 5 10370 8926 15 7638 7361 8 8043 9242 12 7493 7855 9
7985 7673 6 9888 9357 6 7395 10720 9 9489 10436 11 8339 6871 3
8611 9872 8 11394 11060 16 8640 9318 8 10019 9811 12 8148 7891 8
7723 10272 11 11475 9505 14 8830 8830 8 9280 10305 11 8817 7475 7
8971 9331 7 6366 9177 10 8856 5525 6 8818 8884 10 7846 8597 10
11643 10737 15 8813 9198 18 8482 7304 7 8578 10003 13 7855 6283 6
8786 9328 14 8929 8626 11 7674 8935 12 8541 7846 5 10654 10113 13
8178 6316 13 6876 6605 7 7145 8590 10 7822 9403 13 7852 7823 10
7396 7609 7 6236 6445 4 10405 10964 15 8540 8248 6 9980 10144 8
7384 6209 6 9360 7927 10 9183 9504 12 9986 11001 8 7652 7863 10
8082 8358 11 9655 8074 10 9004 11481 12 7576 8731 6 9119 7935 13
8908 6298 5 8585 9207 12 8633 9915 9 10735 9713 13 7724 9058 6
9722 9528 13 8410 8317 5 11670 10984 10 7461 8994 8 8288 7967 11
11379 9334 19 7328 7865 10 7095 9799 10 9462 7350 4 8339 10144 15
9940 9789 12 8684 7848 5 11645 10994 18 9464 11206 10 7263 6942 8
7435 6677 14 8995 8183 9 8916 8134 9 8111 8883 12 8092 9766 10
8335 7230 14 5688 6865 4 9495 9807 14 10365 9305 13 9063 8891 8
11789 10592 16 8896 9122 14 9629 10295 11 7504 6333 4 8743 10195 12
8541 6539 9 9913 9242 12 7800 7348 10 8596 10527 13 8851 9905 14
9302 9192 10 8325 8764 13 8122 8052 6 8142 8961 13 10497 10340 16
9601 10364 9 10308 8624 12 6951 7997 9 8387 9896 10 6778 5634 6
8681 8549 14 8926 6480 6 7836 9344 5 7913 8177 13 6632 7032 4
6752 6232 9 6597 7432 4 8834 8586 14 10697 12453 12 10669 10190 11
8752 7349 20 8457 8469 13 9144 8175 11 7366 8802 9 9885 11343 18
10004 9143 7 7007 9977 7 8875 9634 12 8641 6792 10 8360 9058 12
8329 8029 9 7251 8886 10 7972 8757 13 8722 7784 11 10727 10615 23
8668 9055 6 11278 11970 11 8635 8492 7 8923 7865 8 9050 9734 12
8462 8705 7 8875 9472 14 8373 9714 8 11201 9975 13 9411 7967 11
8032 10254 14 7063 7360 9 10760 9431 16 10333 10492 15 7603 6973 5
8669 8416 9 8724 8887 8 9537 10207 12 9746 8892 8 8323 9290 10
8299 10349 13 8209 9366 7 9515 9507 13 8981 7924 10 8502 7968 11
8605 8818 8 8503 10581 12 7666 5655 7 8392 9168 10 8771 8257 14
9928 7797 12 7611 8313 11 8421 9568 13 7188 8995 9 10143 8150 16
6290 6759 6 8565 8143 8 10568 10512 13 10412 9805 14 7649 8231 6
9324 8940 8 9126 9885 15 9512 8274 15 9132 10024 11 9917 10322 16
9948 9264 7 8014 9624 8 11241 8431 9 7422 10254 7 10351 9888 12
7962 8029 3 9618 8837 6 9867 9259 7 8715 8868 9 9010 8973 9
10885 9543 11 11512 11383 10 9324 10464 6 9816 9977 9 7867 8255 6
7740 7313 7 7316 8453 8 10354 8362 8 7007 8801 10 9000 9197 13
7877 8228 11 11291 10607 18 7080 7832 12 9545 10832 10 7421 6482 7
9615 8671 9 8809 8587 15 9154 9370 9 7958 8815 12 8078 8882 10
9868 6546 4 8176 10234 8 8819 10710 11 8327 7887 11 8905 7974 16
10009 9401 13 6990 7764 8 11330 11004 15 7442 6696 9 8782 10775 16
7404 8624 10 8962 10043 16 11614 10042 14 7569 6811 9 7835 7352 13
8087 7423 3 9703 9476 11 9902 9261 11 8917 9132 8 8147 9896 10
9326 9339 10 8685 9183 10 9562 9779 10 9739 9108 7 9953 9975 12
9386 8414 7 9042 8016 2 6926 9308 10 9903 10131 11 9420 8850 10
7774 8707 9 7477 8727 9 9566 9662 10 10463 9515 8 7877 7134 6
8506 9223 16 8747 9728 15 10649 8849 18 8641 7388 10 6996 9636 18
8640 8405 7 9326 9464 15 8832 9775 10 9162 9713 8 10983 8438 9
10590 10503 6 6401 7291 11 10348 9854 10 10595 10491 8 8617 8441 14
7986 7666 9 11114 9016 7 8782 8953 10 10495 10551 14 8422 9350 9
6764 7541 5 6451 9520 6 9709 10630 20 8462 6733 9 11960 9593 17
7473 9874 14 6285 4973 6 9917 10143 12 9534 7852 11 8313 9098 11
9399 8936 13 6652 6015 6 8704 9383 11 10044 10285 12 8383 8399 14
8922 8812 13 9443 10990 10 8882 9876 11 8683 8358 4 9932 8320 14
9259 9559 10 8685 9923 14 11756 9321 8 8108 9259 6 8793 10206 14
9662 9529 11 7481 9235 9 9990 7883 9 8049 9235 13 10015 9022 16
7252 7065 6 8010 8463 9 7444 8902 4 7482 6556 5 10939 11422 15
9038 7820 9 8021 8596 6 8117 8402 9 8303 9510 9 8525 8541 7
9097 7755 11 8888 10173 11 9985 9107 10 8680 9850 8 7102 8800 9
8358 6963 8 11599 9769 11 9839 11186 15 6229 7863 6 7453 7441 5
6682 6041 10 10051 8457 13 7470 9115 7 7155 8228 5 10195 10779 19
9148 9580 9 12046 10906 18 11034 10589 17 7868 8208 10 7093 8417 8
10038 10022 15 8616 10086 9 9442 9343 8 8120 7956 13 10019 10209 14
8541 9366 10 8807 9892 9 8834 6960 8 10219 9891 22 7765 8798 11
10039 11368 11 9586 8590 7 9270 8308 8 8479 10021 8 8408 8595 10
6629 6883 11 8281 8752 8 8409 8385 9 8311 9304 10 10372 9287 20
11925 10811 18 7367 6936 7 12293 12453 18 8069 9074 6 7408 7928 9
7998 8999 12 8151 8063 6 9232 8690 11 9213 9812 12 9090 9389 10
7438 7736 11 8434 9658 7 9092 8489 18 8355 9973 13 8228 7623 8
8906 10442 12 10043 10772 11 9952 10101 11 8006 6973 5 9236 8585 8
9712 9784 11 8716 7905 7 8467 9807 11 8952 9376 14 7648 6365 4
9309 9024 12 11121 11255 14 9516 9029 13 8803 8259 6 7985 10230 19
9478 8169 9 7268 9159 7 8776 9417 8 10396 9475 8 8166 8237 7
9648 6189 7 6672 7831 10 8137 8263 8 7119 10506 6 11393 10690 13
10357 11114 16 9558 8739 6 7891 9558 8 10902 9863 14 8742 7996 8
8206 7241 16 7442 7078 9 10777 9845 17 5839 7995 9 8756 8332 12
9005 11010 13 8671 8626 6 7945 7598 6 8547 6992 10 7924 9881 10
9546 8420 15 8823 7931 9 7743 8428 10 7879 9520 9 7764 7781 10
7800 7125 8 6868 7152 8 8718 8278 15 7415 8732 18 8244 8152 13
7278 7727 5 11121 9663 11 7521 8165 2 7797 8121 9 9903 9620 11
8789 9770 9 7977 7569 11 9438 9693 7 6680 8371 10 9808 8283 15
8400 8339 8 6753 6845 13 10186 10945 11 9579 8883 11 7780 8362 9
9104 7839 11 8131 9435 9 7775 7947 7 8576 8983 6 8815 8419 9
9845 9133 14 10932 9402 5 10075 11955 16 8059 9106 16 8457 9678 12
11100 8385 16 8558 10675 10 7218 6897 6 9059 9735 9 8532 8922 14
10854 10144 16 6952 8451 4 9004 9054 9 10266 10829 14 8250 6508 6
5978 7604 10 9798 8038 12 8380 8469 15 6375 7903 11 9158 9662 17
8611 10445 12 8787 10561 12 9504 8405 10 8116 7704 9 10544 7836 13
10363 10266 8 8239 7193 7 10618 8158 8 7947 10739 9 8435 8994 6
8890 7864 9 7821 8685 6 9753 9271 10 8931 9204 13 9849 9688 14
10147 8883 15 7851 8711 11 7382 6411 8 8080 8483 17 7492 9223 9
9463 8399 7 10903 9283 14 7202 9371 7 8329 8449 8 9114 8710 12
7840 7132 12 9068 8611 8 9034 8864 10 7801 7908 9 7173 9308 19
7313 8017 6 8263 9158 10 12158 10472 14 10874 10914 15 10269 10231 9
9123 8920 9 8803 7909 8 9189 7675 5 8512 8991 14 9892 11743 14
10260 10487 11 8655 7099 8 9175 8897 5 9126 8788 9 7721 9497 18
8564 8161 10 10146 11146 14 7722 7128 8 9788 8711 9 11112 10630 17
8013 7987 6 8468 7557 7 6486 7935 6 7342 8564 12 11199 9751 10
10845 10429 18 11678 11397 17 6725 8694 5 9157 8491 7 9147 10098 11
9181 9775 7 10449 10111 12 7081 8143 6 8983 8865 14 9333 8783 13
7728 8999 9 6799 8677 9 10932 12608 15 9084 6775 9 11277 9746 18
7322 9514 17 8768 8399 16 8939 7453 15 8537 8336 3 6863 7007 8
7155 7974 5 8146 7011 6 7394 7894 7 9994 8291 11 9184 10568 8
9196 7106 11 7578 8621 9 8565 9081 6 9926 10238 14 7628 8643 11
8706 10014 10 10128 9947 10 9176 8809 10 8028 7360 8 8153 8486 8
8252 8831 12 12286 9594 16 8280 7546 7 9332 8725 16 6310 9275 11
9847 10175 11 7147 8110 8 9337 10907 11 10214 7237 13 8541 7997 10
10257 8651 13 8698 8953 11 9379 10213 7 9679 10017 9 8460 7947 7
9529 9664 11 8307 8711 9 9428 7473 7 7620 9835 11 10575 10340 18
7874 9248 11 9464 8582 11 9534 9760 4 7574 6973 5 9814 10759 9
11854 10084 20 7582 8532 13 9966 10457 12 10576 11061 15 8183 7273 9
7853 6746 4 9695 9450 7 8859 9357 9 8853 9692 16 8772 9541 8
9378 9304 7 9718 8765 8 10407 11563 10 9798 9499 12 7824 7172 6
9188 7585 7 7181 8271 8 8458 7909 10 8985 7491 11 8585 10109 9
8683 8833 8 6368 7533 2 9913 10238 12 9462 8636 7 9731 10660 12
10525 11995 22 12625 10044 18 7532 9962 11 9247 7766 10 8296 9113 14
9409 9315 10 8018 8343 7 9677 9077 10 8081 8766 8 7547 8058 12
14102 12348 17 11259 10613 12 5707 7643 8 10422 10209 12 7290 7769 9
8611 8131 9 8218 7541 5 9422 9461 11 8695 9087 9 9663 9562 13
9099 8760 3 9214 9435 14 8427 8923 8 11919 11942 9 6966 6730 8
11036 11563 10 7716 8917 7 7561 7684 4 6875 8048 4 12241 9849 11
6945 5792 6 9383 9536 11 8290 8481 11 9829 9105 11 6686 8041 10
8984 8868 9 12580 12207 12 8781 10294 17 9102 9332 10 10107 9553 9
9605 9329 8 8957 9043 12 7118 7841 8 10304 9007 14 10584 10529 15
12531 10493 20 6697 10327 18 11736 9905 16 8287 9323 4 7464 8851 11
8365 8776 10 9075 9854 12 8814 9155 10 8760 7880 12 8111 8409 8
9165 10979 11 10148 10738 14 9368 8356 6 8174 7326 5 7304 6904 8
8732 8997 19 9476 8516 14 7118 7473 15 8969 9972 24 7838 6893 5
9101 10639 5 10354 11830 12 9406 10301 12 8514 6657 5 11057 9209 10
8828 8748 12 9306 8120 18 8390 9093 15 8450 10314 14 7707 6698 10
9836 9598 12 8642 9343 10 9762 9135 9 7922 7838 5 9425 10420 11
8590 7938 9 7542 8630 8 9555 10091 5 9923 11149 13 9940 9261 15
10010 10097 14 8412 7693 5 9932 9428 11 9413 9494 7 7580 9282 9
10111 7441 8 8026 9088 11 9783 10288 10 8861 8427 9 6600 8938 6
11134 12793 21 8168 9043 12 8880 9227 7 9344 7497 13 9317 9419 10
10764 8952 11 7847 7097 6 8064 9422 14 7791 8470 7 9632 9848 11
8289 10114 7 8570 8649 7 10467 10525 13 8623 9383 13 11046 9567 12
9132 10049 10 12425 10603 15 8796 9867 11 8046 8570 8 10068 9014 8
10817 11699 10 9645 9884 12 8392 7979 10 8053 9323 8 7913 6766 10
7266 9536 10 10252 9435 10 8832 9476 9 11053 9950 11 8525 8177 8
7840 8017 5 8307 8315 8 11021 10814 12 9679 9287 9 9441 10896 10
9370 7375 12 7911 7991 6 7941 9490 5 9232 10739 16 8788 8539 12
9307 9800 14 8863 8403 8 8885 9858 12 8003 8945 11 8793 7895 11
8253 9063 12 10799 8942 10 10882 11369 12 11447 12978 17 8680 8951 9
8780 8774 10 9875 9988 11 10146 10273 12 9024 10421 12 9206 9014 11
8144 9511 10 10304 7980 7 9095 10881 14 11449 10025 10 6551 7932 6
7553 9399 17 8512 9206 16 9991 8951 10 7986 6793 8 10666 9705 22
8842 6239 8 7828 8488 15 7962 7302 9 7288 8552 13 8082 9111 15
7050 8447 3 10277 7756 9 10213 10033 6 8529 10883 12 8900 8941 13
8536 10238 12 8342 8996 6 10530 11054 13 8201 8148 8 9694 7128 11
10109 12765 9 9071 7663 9 8711 9044 10 8753 9289 9 10152 9157 16
8497 9792 12 10883 11020 16 8798 8454 7 6754 6008 1 9715 10303 15
9190 10916 23 7954 7836 13 8640 9584 16 9037 7803 12 11686 9522 20
8353 7967 11 8079 7488 8 7398 7366 7 9064 8531 8 8934 10591 12
8603 8199 8 9538 11129 13 7541 8132 10 8545 9342 12 9295 7960 13
8762 8357 5 9514 12356 15 8810 7847 9 9351 9300 15 9145 8825 8
9876 9653 15 8528 10260 8 7804 8256 9 7677 8839 5 10930 10197 12
7422 9364 9 8386 7970 8 7756 7282 6 10228 9847 10 9464 9512 15
9533 9897 13 7939 8486 12 9101 9640 12 9178 8267 5 11266 10996 16
10887 9653 11 11045 11064 13 11001 9948 10 9456 9798 14 6010 7118 7
7880 8790 13 10276 9186 12 8414 7642 8 9686 10802 15 7778 7460 13
6939 9033 7 9162 8178 16 8990 8588 10 8063 6720 7 9458 8704 15
9427 11225 12 8534 10604 9 7178 8132 9 9418 7530 6 12583 9677 14
9337 9020 7 10182 10456 15 8806 8379 7 8424 8602 6 8711 9697 10
10307 9264 15 5750 7540 5 10116 9850 17 8014 8800 8 8962 8750 10
6425 7732 5 6372 8133 8 7646 6642 9 10629 8875 15 8328 7503 14
9530 9202 14 10239 8986 6 9232 9763 10 6759 9427 11 8840 8232 13
7290 7557 10 8385 7553 10 7709 8033 7 9472 10316 15 9598 10466 21
7854 8002 7 8443 9316 11 9569 9981 9 9302 9942 10 10611 8408 13
12047 11754 11 11868 11340 12 8970 9638 10 9348 8218 6 7071 8316 8
8148 8633 12 7614 7242 7 7305 7314 4 8755 9349 8 9622 8269 15
8794 8768 11 9474 10766 15 8244 7091 4 10445 9489 9 5832 7574 7
8394 8732 9 8523 7815 7 8806 9537 6 7919 9438 5 9640 8990 8
10054 10316 10 9537 8779 6 7859 7561 9 8678 7994 8 7725 7726 12
9083 8840 14 7977 9110 10 9312 8173 6 7421 8572 9 10116 10204 9
8198 8916 9 10202 9563 12 9871 8359 11 9373 10817 10 7097 6880 7
9473 11279 11 9658 8549 11 9117 8210 8 6773 7462 4 10384 9685 12
8689 9555 13 9652 8933 14 8678 9122 12 8925 7656 14 7627 7659 10
8247 8447 6 5498 7806 4 8306 7666 6 11516 10333 14 7902 8651 6
7135 8086 4 10178 9294 19 7990 9528 6 9327 8794 10 10104 9315 16
8941 10343 11 8036 8511 7 7961 9275 10 8693 7862 8 9369 8073 11
9446 7658 6 9906 9937 10 7974 7922 5 8464 9974 12 8326 8995 9
10203 10439 12 11352 10790 18 7829 6969 9 8581 9324 7 8785 9891 17
8766 8173 9 9992 10458 14 11024 12755 16 8389 9053 8 11311 9167 14
6022 6749 5 7197 8224 5 8367 9684 11 9507 9561 13 8848 7874 17
9171 10016 11 11115 10654 10 9891 7840 5 7327 7777 5 10197 10010 8
8398 8579 11 9470 8162 7 7480 9087 7 8635 8923 7 8559 8483 8
8457 9068 11 8175 8680 9 9068 10225 9 8858 8750 17 10403 8337 10
7422 7619 6 9310 8596 11 7532 7582 4 9107 9314 9 8626 9091 9
8252 8580 4 6674 8474 13 9170 8845 12 9175 8434 12 10318 9805 19
9133 8721 6 8684 10203 7 8413 9023 9 11031 10173 11 7705 8058 12
8693 9476 7 7877 6458 1 10104 9673 10 8468 7940 7 9190 9758 14
10661 10373 10 8568 7231 12 9033 9232 10 7897 9008 11 9194 8426 14
8824 10320 14 9627 9255 12 9446 8659 16 6905 9031 8 10640 8346 11
7919 8659 11 9707 10306 7 9116 7863 8 10639 9891 12 9745 9184 15
8971 7693 13 7105 7244 4 5278 5805 3 8679 7345 7 9384 10409 13
7411 8810 6 8645 7174 8 7324 7996 11 8866 8517 12 8368 8799 9
10071 9235 10 9380 10145 10 6972 7011 8 9094 9844 11 11574 10463 13
11146 10891 18 10451 10176 17 8400 8198 12 7924 7065 9 8774 10380 19
9704 7779 8 7822 9922 14 9500 9952 13 7342 7276 8 7617 7219 10
10660 11441 10 11317 9339 14 8828 8281 6 6654 7647 13 7938 9420 13
10441 10305 7 8276 9002 4 9736 9801 20 7481 6746 3 9776 10222 11
10120 6523 15 7899 10681 10 8192 9343 12 8363 8152 7 6580 6157 7
9545 8777 9 7745 8291 4 8339 7162 4 9376 9178 14 9497 10040 9
7855 7644 2 8884 9034 10 9098 8927 10 8336 9097 3 8026 8394 10
10216 10991 15 8182 7574 9 8589 8917 20 9177 8072 9 8057 7667 14
8810 8093 6 10827 11154 14 8899 8098 6 9980 9574 8 9521 10498 9
8988 8022 10 9741 9942 14 8353 9508 10 8100 8898 10 8159 7484 11
10403 9604 15 10994 10385 12 9014 8627 8 7089 8499 11 9961 9390 12
8738 10600 14 6391 7650 7 8532 8990 13 9708 7864 5 10818 10225 12
5634 7842 2 9009 8597 15 11058 10302 8 9040 9841 10 9193 8145 11
9941 9493 6 9743 10299 13 11429 11492 12 8738 8813 8 7674 7665 10
8824 7073 6 8980 8837 11 10323 11573 8 8786 10861 7 9700 9145 14
5998 8332 6 9881 8992 17 8690 8848 10 11062 9868 15 9360 8933 16
9142 10308 8 9228 9147 6 9849 9499 10 11308 11621 19 7434 8144 7
10767 9929 19 11898 10152 21 10903 10786 12 7901 9617 11 7288 7797 12
7639 8785 8 6890 6243 7 8505 9547 14 11608 9715 12 9296 8038 12
7356 8943 12 7600 7838 8 8296 8611 16 8279 7310 9 9602 9603 19
8537 9160 4 9137 9431 13 8638 10011 9 9203 8413 13 10042 9368 15
6982 8664 10 6364 6056 9 11325 8406 12 10153 10443 9 7360 8099 11
9941 11574 18 9086 9305 17 10076 9019 7 9917 8661 14 8122 8056 7
8644 8673 19 7728 7558 5 8142 9289 15 8210 8702 11 10746 9657 16
9190 8697 8 8275 9699 7 9078 9784 12 9060 7479 6 8275 8877 11
11120 10800 16 8692 10068 12 10605 9005 11 9663 9918 13 7571 8478 13
8789 9252 14 10371 10228 17 7494 7509 12 8624 8305 17 8619 8993 13
8242 7746 11 9344 8157 14 10167 9700 10 9516 10590 13 9387 9642 11
9482 12043 20 10051 10549 11 8601 8165 12 7441 5677 5 9341 8461 11
7582 7450 9 9459 10316 20 9124 8094 11 7282 7606 7 8410 8125 12
7228 7711 4 8096 9425 9 10371 8463 14 7859 8021 9 9756 10171 7
9635 9775 13 7498 8569 7 9051 10281 15 10251 9215 12 9497 8707 9
9094 8622 12 7837 8667 8 7703 7353 7 6966 9171 6 10323 9249 14
8273 7377 4 9853 10895 18 7550 7807 12 10027 10676 16 8282 8223 11
9929 11171 13 9138 9419 6 9704 8380 9 8705 9638 7 10282 9832 9
7338 8778 10 8108 8586 6 9532 9737 10 7363 7484 6 9307 9009 5
8734 7555 8 9141 10960 8 9823 7641 4 9136 10175 15 7187 8530 6
11340 9906 12 9148 10322 17 8240 7326 8 7134 9039 9 8809 8689 11
12344 10299 16 10742 12169 16 8769 10358 12 6100 5449 5 10253 9180 11
13626 11484 23 11087 11533 25 8836 7433 3 7124 6997 12 6551 9238 11
7361 8857 6 8390 10921 13 8369 7857 4 7181 6410 10 11767 8947 12
9012 9680 13 8582 7838 6 8625 6944 8 6488 8146 8 9557 10033 8
10625 12524 15 8553 7461 5 11101 10674 12 7736 7450 7 8549 8646 9
9639 8745 8 7358 7631 10 8925 10758 12 7306 7637 7 8552 7064 17
7833 6364 8 6870 7318 6 7970 8934 13 8405 8497 11 9685 11035 21
11214 10989 25 8124 9143 9 7318 7548 5 10812 9987 16 8668 8919 9
8678 9532 9 9166 8541 11 8129 9470 5 8939 8222 14 9967 10121 12
9411 7878 10 10759 10466 20 8932 9116 4 7172 7317 7 10662 11623 14
11942 11996 15 8170 8013 13 8055 9210 10 8258 7292 12 9703 10409 19
10012 8783 13 10064 9636 11 8858 9888 12 9204 9632 12 10332 10459 19
8068 9715 10 8018 9347 10 10152 8413 12 8903 8405 9 6224 5989 9
7149 8419 6 9097 8184 6 8641 7797 9 9432 9168 8 10002 9898 11
12264 11357 21 9778 8593 12 9247 8997 9 7001 8893 4 8958 9257 7
8167 6915 7 7835 8106 8 10106 9880 10 9545 10702 5 9200 10811 10
7861 8217 13 7501 7392 7 10509 10485 13 8006 7485 8 9751 11396 15
8411 8546 8 9155 9313 21 8030 8038 7 9632 8776 12 7724 7738 16
7344 8547 11 5761 6974 6 9240 7911 10 8376 8493 19 8654 7725 13
10592 10622 15 10104 8341 6 9780 10115 13 8404 8662 6 9419 10625 18
8021 9572 4 9053 7775 10 9823 10185 14 8938 8718 10 8061 8118 11
9351 9444 7 11085 9768 17 7085 7823 7 10049 10733 9 9657 8378 9
9436 9405 7 8761 10192 6 11520 9746 13 7753 8709 12 8655 8835 13
7966 7333 10 9493 9433 10 8839 9315 15 4981 7408 8 10593 9081 12
10394 10420 16 9524 9523 11 7216 8690 6 9026 9714 12 7967 7317 7
9758 9408 9 6671 6506 5 9423 10165 12 8586 8428 12 7919 6364 9
7969 9385 11 9923 10607 11 11058 8423 13 8207 8871 11 7923 7874 9
5725 5337 5 10060 11102 9 8283 8858 10 9818 8993 11 8647 8092 10
10428 11679 15 10806 9152 10 9970 9188 3 9791 10329 11 6966 7746 4
9458 10429 6 8517 9498 2 9846 8253 12 11257 8821 15 7082 8852 6
10108 10749 18 7998 8033 3 8477 7529 17 9287 9792 10 8699 10355 11
7115 7313 7 5809 6665 4 9058 8813 8 8990 9104 6 10049 10044 16
9434 10001 19 8189 9396 12 8650 7742 13 7926 7955 7 10099 8453 13
10424 9150 8 11857 11805 12 10171 9696 16 7839 7637 6 9720 10319 15
10919 9881 14 9655 9817 18 8569 9802 9 7168 8272 11 7641 7799 13
8962 8439 4 8303 9373 5 10153 9418 9 7870 7955 14 8421 8660 11
8870 8984 8 11126 10949 16 9718 10333 9 9648 9000 7 9693 11463 19
9022 9691 10 9333 10192 14 7630 8336 10 7872 7096 5 10548 8413 20
7798 9871 12 10319 9029 17 9168 8364 9 8258 6911 13 8598 9682 13
9898 10288 13 11806 10184 15 9901 11231 17 8165 8074 7 7419 7111 10
8339 9273 15 7089 6673 7 7279 8547 6 9563 9619 18 9287 9006 11
8352 7642 6 8978 9940 11 9501 9300 6 11835 12149 15 7721 8129 9
8260 8367 14 10522 9241 13 8509 9299 17 10684 9596 17 6006 7358 13
11007 10073 15 6671 8695 11 8007 7310 7 7433 8073 9 7851 7968 10
7813 9191 6 8884 8415 9 10184 9023 11 8191 8544 9 7906 9366 9
9655 10893 13 8334 7321 9 10014 7981 15 9518 10315 15 8624 9428 11
8571 8581 7 10718 11628 13 10231 9511 9 9137 8226 11 8342 7561 6
9506 8130 10 8201 8204 5 7350 9186 10 9729 8859 6 10547 11561 12
9407 10033 7 10418 9976 11 8660 8769 13 9845 8718 10 8682 8485 9
8012 10480 15 8974 10664 10 7271 5417 6 9975 8404 16 7011 7962 14
9331 8667 8 8892 8233 7 8632 9385 3 10593 10194 9 9265 10539 14
9801 9984 11 9913 9192 14 9498 9909 14 7094 7833 9 8110 8824 14
8584 9967 16 8240 6959 10 10885 11276 16 8657 9613 5 9844 7603 8
6668 6533 4 6832 6672 5 7836 8444 4 9994 9205 16 9146 8962 11
7204 7094 5 10413 9150 12 7474 6461 3 8977 9411 9 8816 10214 11
8748 9140 11 8800 7785 9 7432 7317 8 8736 8200 11 6429 8554 11
8205 9658 10 9183 7683 5 6770 6363 6 8375 9459 13 9961 9338 21
9574 10924 14 5947 5719 4 7098 6715 4 9813 10238 19 8661 6963 8
9066 9000 12 8241 8832 9 10651 10479 16 8617 9790 13 9633 9241 8
8515 9482 10 10044 9276 17 7019 8994 9 11274 11474 11 8071 6139 8
8173 8488 11 7325 7680 7 7294 6627 10 10585 9600 13 9211 10651 14
10506 10074 7 10669 10887 12 8766 8825 13 8536 9414 7 10486 9673 11
8208 9308 9 10270 10862 13 9834 7490 7 10368 10539 8 8618 9598 10
9661 9029 10 8362 9401 14 9158 8407 10 7630 9627 8 8552 7884 15
7166 6424 4 7955 8999 13 8431 8482 5 10702 10433 16 7562 9394 15
8450 9314 12 10324 9405 8 8927 9381 7 9693 9655 8 9112 9214 12
7935 10400 8 10090 9354 7 9881 9114 5 9222 10277 14 9163 7311 7
8873 9897 11 11373 11180 18 7590 8094 10 7702 7460 8 9573 9251 10
9788 9476 9 10036 9994 11 8144 9572 15 9370 8308 10 8167 7763 7
10759 10650 15 7203 7755 4 8172 8355 8 9597 10192 7 10373 9681 12
11684 9595 19 8859 10016 12 8363 8946 7 10152 8991 8 7141 8888 10
9142 9674 15 8383 7764 11 9843 9633 13 8795 7111 16 7612 9158 10
9909 8574 9 11034 11610 24 7376 8772 8 8372 9074 9 10126 10309 13
9278 9761 9 8026 8218 9 7729 10081 10 10248 9371 11 7823 6659 7
8927 9950 11 10067 11559 8 7843 6857 10 8542 8527 8 10332 10001 15
9384 8244 11 8342 9593 3 9782 8477 8 8610 8631 6 8248 10293 11
9271 8721 7 8953 10301 14 10738 10235 12 8228 8159 12 7245 7790 12
10704 8687 15 7162 7287 6 8011 9217 18 7525 9045 11 9688 8933 12
7576 8687 9 9743 10019 13 9129 10004 8 8532 7643 11 11167 10453 17
9940 8803 8 6819 7893 8 9546 11472 12 8162 7931 7 9546 8799 13
9560 9736 12 9709 10624 10 7490 8041 6 7898 7212 11 12539 11089 21
7545 6677 6 7239 6915 9 8421 7894 9 8881 9967 8 8617 9163 13
7702 9861 7 7195 6341 10 10951 9554 22 8441 8402 12 9525 10270 15
8848 8061 6 9633 8572 12 9045 9697 11 9166 10587 11 8387 8480 9
6547 7614 9 9601 8324 14 7596 7715 8 9935 9717 9 10300 10195 18
7925 8396 10 8996 8919 5 6829 7724 9 9698 8817 10 8767 9588 13
8118 9167 3 9932 9477 13 8116 8865 9 8571 8088 6 10338 10736 14
10346 10509 10 8116 7034 6 8967 9022 10 5505 7239 6 8782 8154 10
8505 9271 3 10171 11736 19 10787 9292 9 8398 7901 6 8060 8801 15
8870 8313 15 9038 9252 8 6260 8585 7 9095 9580 4 8784 7276 16
7936 8779 10 8935 8903 14 8524 8640 3 11077 11250 9 8599 9679 15
8976 8730 9 11486 11306 12 10467 9365 9 9414 10007 9 8701 9466 8
9790 10376 15 10461 8392 11 7882 9115 7 9165 9520 12 8863 9039 11
8456 9524 5 6782 7764 7 7359 7205 8 10453 11211 13 9350 7692 5
9516 8984 8 7637 8807 14 8287 8145 12 10318 8583 11 9279 10224 13
10533 10294 16 9445 9215 7 9911 9269 14 9408 10045 12 6666 6857 10
10560 11057 20 8484 8329 8 7631 8485 9 8339 8302 8 8486 7187 11
8483 8434 4 8468 7941 10 9730 10133 14 7733 8891 9 8981 7869 11
8341 9218 11 7334 8850 17 9818 10889 13 9604 7797 9 9015 8724 16
11230 11540 15 12163 11574 11 8419 9377 7 11407 11066 14 7726 7857 10
11014 10385 12 9069 9375 6 11166 10500 14 6719 8152 7 9351 9447 11
7693 8224 5 8683 8148 4 10595 10314 16 9331 9655 16 9058 8725 7
8991 8869 8 9862 8257 10 6649 9615 7 8991 10339 14 9517 8178 7
9004 8629 10 10722 9484 11 7291 9029 10 8570 8362 11 8951 9428 9
8158 9745 8 8394 7767 5 8050 7560 10 9822 8536 11 8500 8794 11
8266 8167 5 10334 10563 10 9588 9807 17 10473 10324 10 9029 9341 11
9210 9162 11 9748 8749 16 10634 8933 9 7682 10180 12 6959 8108 10
9795 9269 12 9267 8847 8 8202 8356 9 10287 11705 13 8119 8395 5
8747 9459 5 10144 9620 4 7408 7050 8 7435 8994 7 9609 9017 10
7206 7986 11 9489 10637 11 8775 8847 10 10034 9597 11 9722 8545 12
6983 7565 4 9441 9063 12 9175 9933 14 9716 9045 16 7819 7824 14
11920 10752 19 8286 8796 7 9174 8817 8 8653 8747 7 8722 11007 12
9166 8372 10 11525 11999 12 11135 11714 11 8303 8939 13 9115 8062 6
9347 10250 7 9629 8220 6 8421 10253 7 9000 7662 6 10022 9950 13
10068 10178 18 9908 10463 8 8258 9762 13 8411 8801 8 7750 7454 7
9494 8245 10 9373 9839 12 8142 8152 6 7940 9494 6 9154 8826 13
8886 8968 10 8080 11850 19 9129 7826 16 9303 7386 8 10484 9522 18
9952 10056 19 8887 9909 15 8872 7609 12 10040 10566 21 5919 5848 8
7565 7759 8 8002 8014 5 11221 9914 13 10122 7949 16 7607 10641 15
10076 13490 18 7790 6936 8 10323 10741 18 7761 7690 10 7668 6701 7
6512 8601 5 9410 8865 9 8268 8139 3 9312 8390 10 9053 8127 7
9584 9663 18 10070 10342 11 8106 8413 6 10569 11179 11 5894 5570 7
8332 8135 11 10601 11208 18 7044 6509 12 11177 10882 13 8122 9237 10
11996 10295 19 9967 9941 10 8610 11913 12 7711 6493 9 9197 9323 12
9842 9296 14 7743 7483 7 7112 8630 11 8200 8308 13 7899 7940 7
9539 9617 11 8609 7567 8 9351 10790 6 9725 10263 14 9285 9989 9
7603 10138 9 11046 8225 18 10696 10649 12 8918 9050 7 8183 8921 5
8621 8244 9 8571 7155 3 11214 9526 10 9104 11833 8 9063 10658 12
7922 8616 12 11544 9409 14 8107 8479 12 9271 9853 12 7781 7799 12
5382 6391 2 9963 10670 15 10890 9232 10 9235 10290 11 10031 9284 13
7116 7060 9 9333 9166 13 9270 9963 15 10211 8733 14 9279 9316 12
11536 11140 25 8738 7717 10 8200 8505 12 6010 7872 12 7807 7089 7
8861 8722 11 8176 8387 9 9449 7717 10 8960 8755 12 7855 9255 9
11528 11230 17 8882 8325 11 8248 9030 5 7150 6827 10 9343 9287 19
9270 10197 13 10377 9761 11 11150 10108 13 8618 8935 10 8816 10951 14
8329 8320 5 8840 8923 8 8640 8216 9 8871 10302 12 9865 9518 8
8011 8785 4 10461 8989 10 9797 8894 12 9264 11515 13 6544 7577 4
10613 10442 20 7651 8483 14 8159 8711 8 9748 6939 13 7764 8974 14
6350 7062 6 8921 9819 11 9083 7978 12 6192 5339 7 11828 12207 16
8441 8818 6 9469 9411 9 10444 7843 13 7735 9156 10 8678 8626 9
11250 10255 15 12086 11336 14 7608 8936 4 7764 8656 4 8993 8845 10
7235 7597 12 8605 10081 10 8325 8267 11 10685 9310 12 8372 8644 16
9428 8047 9 10187 11054 15 8843 9742 9 9957 8998 12 8935 10226 11
8904 10961 9 7467 7234 7 8293 7460 11 9069 8917 9 8884 7093 9
8711 9167 6 8702 7450 7 8711 8798 7 8263 7407 6 6845 7482 10
8505 10321 13 5799 6755 5 9236 8303 14 9217 9907 13 8367 6914 10
8568 10570 16 10767 8527 12 8935 9003 12 5332 5221 4 10084 9552 9
10357 8060 9 8261 8091 7 9776 10482 12 6735 8955 8 9391 10231 14
6511 6790 8 9405 9017 9 8118 8527 7 9520 9724 11 8810 8376 11
6650 8650 7 6701 7654 6 10663 9557 15 10570 8420 10 8574 9335 11
10841 9485 15 8928 7845 13 11212 13490 12 6988 8416 12 9452 8732 9
6889 8453 9 10631 9048 9 8601 9622 9 7857 8172 4 10819 9000 13
9464 8912 11 6486 6518 4 7893 9719 12 10329 9470 8 8184 9046 22
10344 11088 17 8761 8282 13 9770 9617 7 8100 8540 15 6937 6485 8
10195 8880 11 9108 9626 12 9197 9394 9 6951 7976 7 8562 8843 13
8096 9795 14 9297 9148 6 8582 8786 9 8766 8333 11 8835 9048 12
10407 9335 14 10329 10604 6 10664 9583 18 8260 8128 5 8786 11081 15
6329 5954 1 8374 10277 11 10993 11496 26 8320 7688 8 9268 9059 14
10309 11260 15 8337 9661 8 10374 9829 12 8788 9911 12 7879 6686 11
7774 7205 10 9892 10172 12 9897 8756 13 8482 9556 12 7837 8583 8
6661 8697 6 8761 6955 6 7498 8501 14 8083 6574 5 8831 9974 18
8535 7463 14 10705 9892 10 9417 10633 15 9037 8975 15 7158 7198 7
8022 7828 9 9601 9956 14 9292 9589 13 9744 9492 14 8179 8687 12
8338 9389 12 10766 11109 18 9916 11013 18 6990 7658 7 9575 8855 11
8898 9196 12 9505 9211 8 8880 11247 10 11358 9076 13 6758 6943 6
8601 11210 12 9303 8898 9 9500 8583 10 9336 9601 10 7687 6102 13
10114 8264 12 8037 10204 13 9419 9270 12 7283 7232 12 7803 8149 13
8110 8020 13 8672 7638 7 7577 8211 13 8371 8557 9 9158 8050 10
10921 9507 14 9172 9072 17 7116 7296 7 7805 9704 13 8491 8644 11
9262 10757 11 8279 9625 8 9966 8656 11 8610 8683 11 9708 8387 10
8660 8621 9 9769 10436 11 10352 9275 12 8177 8959 10 9092 8615 8
9213 9593 11 9265 9316 7 7828 8299 7 10393 8996 21 6848 7904 8
10864 8389 12 8489 7709 8 10210 10450 11 8347 10833 13 6851 8506 7
11190 10923 9 9872 10184 7 11015 8092 8 9307 10390 9 6795 9169 16
7315 7632 4 9978 10367 13 8199 7511 9 7709 9272 15 11990 10483 16
11317 10317 10 7812 7237 4 7628 7431 7 9006 9781 14 9296 10943 9
8580 9135 6 7390 6985 9 7992 8713 11 9375 8126 10 8791 8066 10
8547 9536 13 9588 8656 6 8336 8413 6 7954 9107 10 10548 9637 10
8692 8182 6 7874 10475 11 7144 8357 7 10880 8628 11 8391 6910 9
11431 11852 15 10593 11834 9 8172 6868 6 9047 8477 8 6991 6565 10
7444 9544 6 8691 7515 5 9911 10268 10 9412 7067 11 11042 11393 13
5018 8362 7 7311 8010 9 9219 8906 11 11752 9618 19 8979 8994 16
7750 8533 10 9842 9270 15 7935 7879 9 7162 8738 11 8269 7796 9
9925 9181 12 9320 8584 12 8515 9531 12 8445 8238 4 7548 8480 8
10841 9455 13 8722 10732 8 6538 9015 7 10844 8566 12 6959 7623 12
7343 8866 6 9399 8477 6 8731 7756 11 8763 9490 8 9137 9126 12
9363 9759 14 8621 8567 14 7743 7555 9 6526 7728 4 9859 8855 18
10431 9592 14 7943 8855 11 8283 9137 11 10421 8649 7 6298 7724 6
8758 10252 11 9452 8501 16 9472 9131 12 10010 9356 10 7853 7011 7
7948 8372 4 9864 8903 6 7644 8245 8 10078 9163 12 9517 9798 16
9911 8577 13 8859 9580 11 7280 7572 9 10204 10317 11 9173 10098 10
9729 8304 7 8119 10187 5 10194 11157 10 9448 9054 11 8083 7614 11
7665 8303 8 9824 9348 18 10036 10501 15 8206 9115 16 7267 7897 12
9034 9768 9 10680 8971 14 8356 10554 16 7084 7743 4 8795 7832 6
6645 8452 8 9901 7739 5 8940 9345 13 12172 9941 8 7434 10190 11
7861 8142 7 9554 7984 18 8489 9433 13 8397 9325 11 9289 8670 10
8213 7825 9 11077 12239 21 9076 9669 13 8533 6727 8 8494 8771 15
8153 9091 13 9544 10909 13 8344 6937 11 9251 9093 11 10016 9430 16
11048 10838 20 7817 7832 9 7896 6468 6 6578 8433 9 7950 8406 11
7650 8308 11 6953 8235 3 10265 9870 8 6490 7699 4 9282 8271 15
10102 10551 11 7511 6569 3 7454 8560 10 8811 7700 8 9378 10302 11
11041 10133 14 9424 9525 13 8648 10513 7 10937 9254 8 6253 7257 8
9268 8265 6 8886 10032 7 8994 9526 11 10923 9419 21 8709 9343 10
7234 7638 5 8593 8570 11 9812 10831 10 9842 9643 6 9671 9219 11
9895 8254 15 6634 8968 9 8949 10915 13 11127 9239 15 8644 7265 7
9812 9699 9 10859 10878 15 9160 8965 10 9178 9592 12 7715 8305 12
7294 8899 18 8556 8483 6 8880 8964 14 8627 7415 8 7791 7954 7
8227 9543 8 8871 9384 8 10909 7985 8 9390 10682 12 7906 8774 8
7934 7708 7 8189 9472 5 7454 8486 11 9118 8043 6 8001 7481 13
9115 8712 11 8405 8779 9 8326 8113 10 8098 10834 16 9554 8266 15
8568 8639 10 5985 7352 5 9481 9242 5 10090 9650 17 9186 7620 10
10115 8235 6 9210 9423 16 9313 9529 6 8650 9156 10 9476 9987 13
7814 8119 5 10279 9803 12 7953 8404 7 8828 10493 12 9957 7177 11
8802 10829 13 8006 8865 6 8751 8616 6 8855 9422 10 10670 7435 8
8207 8036 5 9840 10501 11 8747 7824 10 9692 8165 8 7559 9135 12
8136 8298 12 7478 9984 7 8868 8369 7 7434 7402 6 10801 9330 13
9453 7886 8 6453 8953 8 8032 8468 4 9489 8056 10 8145 9124 12
9710 8749 13 8675 10345 11 7410 8468 9 11728 8653 13 7291 9116 8
12139 9088 9 10611 9391 14 7054 8857 12 8117 9987 6 6333 6441 5
9655 8803 10 10716 11371 15 7830 9209 11 7048 7558 8 10179 7480 10
10964 11548 17 8164 9777 12 11140 11024 8 9109 8222 12 8542 8062 13
9479 10282 7 8766 7629 6 10808 10352 9 8631 9277 11 7333 8391 8
7574 7064 7 8984 8838 7 8785 9887 16 9598 8233 10 7495 8002 8
8037 8513 10 8086 8684 10 9712 10090 16 8506 8711 10 8398 7822 8
8814 10033 12 7449 6897 7 9322 9766 13 10159 9829 20 7369 5658 7
9657 9426 9 7220 8514 13 10206 9772 9 8932 8161 12 8353 8916 12
8535 8156 12 8437 9724 10 8734 8591 7 8904 8705 6 8124 8745 11
11114 9693 10 6836 8269 7 8484 8356 11 7123 7980 10 8109 7038 10
10590 8915 17 8762 9272 11 8978 8910 9 8367 7703 6 7153 8847 12
7869 7534 8 8728 9134 14 10619 10857 16 9969 9628 20 8368 9218 14
9614 8702 9 7087 8973 6 10987 9845 14 9671 9560 13 7206 7408 12
8357 7581 10 8647 9014 17 9631 8233 15 6244 7092 7 8857 9643 18
7742 8681 12 7978 9520 9 8019 8001 12 8403 9199 13 9759 7937 18
8366 8496 12 8688 7658 7 9459 11145 15 9387 8725 11 8712 8416 11
9888 10615 15 8416 8525 12 7807 7651 11 9380 8835 12 8665 9416 11
10309 9368 12 8049 8428 9 9465 9045 11 8898 9585 11 6506 7762 8
9573 10165 15 9236 9317 10 8644 9359 13 8174 8121 7 9203 7750 10
10914 12430 19 9535 10308 15 10372 9171 15 8787 9606 10 9115 8484 12
7927 6948 4 11206 13258 14 11455 10539 17 7344 7536 2 8726 8437 9
11037 11952 19 10833 9276 5 6972 9098 9 6484 8014 7 10278 8857 9
8566 8849 8 11301 8924 8 10434 11115 6 9118 8965 8 8508 10873 16
10376 9367 11 7623 5950 4 8566 8856 10 7127 8375 8 9300 10062 11
11667 9434 15 10440 11308 17 7578 8909 7 7899 6564 8 8611 11077 10
9634 9200 9 7614 7584 10 11465 11148 21 7507 9668 7 9322 7926 6
9965 8455 11 8284 8082 3 8327 10037 17 7661 7101 10 8271 9504 16
8198 8268 13 9421 9600 8 8285 8868 11 9974 7959 15 7640 8253 6
8190 8348 12 8221 9579 10 9789 9381 16 10592 11666 16 8224 6982 6
9419 8298 13 10324 10739 19 8406 8088 6 6805 7518 12 8581 9454 14
9040 9244 8 8866 7953 15 10002 8347 10 7796 8716 12 9112 9460 12
7033 8000 9 10460 9685 7 9329 8581 11 8921 9258 13 9585 10456 14
9776 9485 17 9332 9696 9 7603 7351 9 8527 8110 6 8409 9593 20
10384 11477 22 8153 8067 9 8442 9738 12 7788 7427 4 9072 8207 10
6179 7286 6 10193 10368 17 8275 7734 9 8245 7154 10 9720 9770 19
7153 6797 5 10931 10405 26 7462 8230 7 5488 7934 5 8306 7577 13
10551 9958 19 11970 10960 10 9946 8871 6 8359 11457 13 7033 7555 7
8324 8630 9 9583 9921 20 8671 8874 12 8344 6927 8 9323 9053 12
7048 8143 11 10065 9530 8 6642 7247 8 8421 7849 10 9688 8904 14
8040 6701 10 10221 11091 14 9655 9593 14 7925 7516 13 9269 9162 10
7363 7339 2 9950 8089 9 9493 10751 12 9177 8954 8 8245 8251 10
9118 10925 14 9603 10005 13 8758 7813 10 10086 9944 12 7364 8109 12
9097 10006 12 8748 9241 13 8653 9154 8 7627 6684 6 11266 10678 18
7289 9129 6 9800 10488 9 9839 9679 13 8083 7287 6 10207 9058 15
10436 8804 14 8430 9166 11 8832 7170 9 8217 10287 5 9400 9798 16
8822 7455 5 7714 10172 13 6691 7700 14 12582 11768 10 8477 7060 11
7516 9815 12 7551 6386 5 8572 8497 13 9179 8041 10 8882 9048 11
8727 9155 10 8456 8267 9 8763 10978 14 10158 9438 8 9561 9262 7
8918 7781 11 9845 9418 11 9867 9838 8 8434 10258 14 10770 9736 15
9572 10302 13 9198 9196 15 10104 9928 12 9293 7065 14 7682 8952 10
8880 9538 13 7540 9999 4 9943 9483 15 7723 7475 4 11641 9697 9
10397 12161 16 9950 10391 6 9731 9700 7 9361 9129 11 10221 9647 10
5701 7819 9 7755 9929 8 12542 9403 24 7426 7546 8 8693 7273 8
9792 9135 17 8212 7622 4 7728 9133 12 9466 7413 15 9168 9818 19
9416 10779 15 10573 9525 11 9753 9995 14 8996 7469 9 7476 8532 10
9454 6906 7 8813 10097 5 7401 7094 6 7619 7975 8 8773 10217 12
7382 8804 9 8798 7406 6 8356 10392 11 9814 8954 12 8675 7931 11
7332 7785 1 8196 9679 7 11051 9388 12 7329 9008 8 8783 8700 11
11800 10061 10 7767 9283 12 11234 8764 11 9600 9651 8 8283 9163 11
9936 11086 10 8789 7822 3 7872 8499 6 12449 13493 13 6242 4937 6
8774 10227 14 9040 8482 6 9014 8355 8 9731 9114 14 7198 8525 5
8444 8315 11 8453 8105 11 8013 8835 20 8170 7656 6 6862 8127 10
8382 7958 6 7068 8697 3 10089 9835 7 8828 8308 7 8297 8494 13
9070 9223 14 9490 10428 10 7472 8813 9 9367 8450 10 8752 7547 13
6499 6374 2 8703 10112 16 8335 10669 8 9083 6911 10 8929 7764 18
9613 9767 11 7336 8951 8 9553 7671 13 5890 6410 5 9928 10521 16
8989 8326 10 5823 7562 9 11124 9482 12 7809 9018 8 8147 7970 8
8928 8788 13 7737 10752 16 8392 6248 7 9093 11086 16 9275 8032 12
6773 5797 5 8694 10428 11 7888 8618 15 9036 7311 8 8126 8217 12
7271 6796 7 7939 7359 2 8246 8113 9 8696 9705 8 9330 10713 16
7899 8495 8 7847 6666 11 8848 9231 16 9294 9538 13 9925 8968 14
8425 8642 10 10667 10322 17 10582 9316 20 7652 8321 8 8191 8850 13
10757 9824 12 8800 8870 11 8454 6893 7 10210 9349 6 6725 10176 11
9199 8914 8 10992 8593 9 10197 10625 9 7258 8508 15 6703 7640 6
9664 9534 11 9248 8240 7 10950 10129 16 10819 10292 18 6804 10461 12
5867 7825 3 9338 9277 10 6977 5913 8 11517 11581 12 7646 8021 13
8483 8466 9 7758 7536 9 9338 8969 12 10009 10382 17 8813 8754 9
9868 11200 15 9006 8189 12 8490 9349 7 8464 8032 11 8922 8745 12
10062 10122 5 8057 9065 10 8241 8848 12 6654 6601 8 9773 7941 11
8749 8015 11 8878 6607 5 7758 10280 4 8664 8201 8 8419 9148 10
8887 9267 9 11376 10807 19 8119 9811 5 7417 7793 7 9592 9098 14
8698 6721 10 6271 8325 11 9747 10061 7 7993 9092 11 8386 8285 15
7969 8532 12 9283 7699 9 7503 9527 13 8643 8866 12 8112 6674 13
9972 7905 14 10593 12695 20 9415 9908 14 7947 7757 8 8988 8277 11
8144 9485 8 10810 10536 20 7140 8407 10 8739 7232 10 9133 8681 9
7230 7707 12 10565 8811 13 7030 7692 6 8461 9058 13 8486 9059 15
8492 8876 14 5316 6320 4 8400 8201 10 8989 8276 7 8654 7927 21
9632 8259 11 8156 9168 6 7911 9544 7 10766 9757 7 8309 7314 12
8333 8587 9 10064 8896 10 7848 8593 11 7852 7135 4 7133 9263 15
9283 8766 6 9201 10296 15 8937 8786 12 9991 10031 9 8751 8732 10
8778 8798 17 9565 8669 12 9789 9290 15 7605 10274 18 7746 6740 9
9952 9337 20 6591 6602 4 8401 8694 17 11475 11718 14 8751 8738 6
9693 9896 11 7632 9856 7 9867 11082 15 10327 7523 5 10123 8808 5
9885 8903 12 10470 9398 12 10444 10145 9 8682 8342 8 6111 8046 9
8547 8842 9 9387 8284 11 8802 9931 8 6914 8089 7 11044 9626 12
7273 9119 9 8649 9382 12 7577 7462 6 12757 9745 14 8009 8501 9
8824 8684 11 9512 8195 12 9136 9759 12 8968 10346 12 8031 8246 5
8925 10254 11 8089 8487 7 10644 9291 8 7725 8236 9 9028 8531 10
8811 8908 15 8388 8720 14 8399 8361 13 7229 7382 6 9158 8102 20
7803 11078 9 11476 9385 16 9081 9271 10 7715 8315 13 8982 7762 12
7770 9339 14 9691 8931 18 7736 8293 13 9223 6810 10 9414 10929 13
7239 8077 7 6827 7678 8 8730 8341 14 7373 7040 5 9742 9482 19
8753 9228 8 9333 6868 11 7924 8702 8 7579 8131 9 8852 9525 13
9159 8151 7 10442 9093 19 9520 11614 15 7779 9778 9 9928 8873 15
10006 10361 11 9726 9344 9 9492 9624 13 10076 10244 10 7912 8019 10
10436 9704 9 7126 8166 10 7967 7847 10 7840 10597 11 8929 7044 13
9986 10499 12 8144 8382 11 10177 11026 19 8084 8245 8 9005 8688 11
9596 8391 12 10906 11467 17 8925 9618 12 7936 9378 13 9922 8691 12
10815 9196 22 8717 10458 13 8215 7023 6 6939 7778 9 7141 7474 14
9472 10168 14 7361 7202 8 9463 8616 10 8499 9614 13 8355 6993 6
11037 9721 13 8778 9555 11 7282 6927 6 8566 11042 9 9363 9359 9
8830 8587 16 10658 10475 17 9313 9660 13 6082 8873 5 9969 7704 9
8846 6837 5 11076 10339 7 9955 11478 15 6436 7132 1 9344 10895 12
9092 9097 9 8767 8039 4 10139 10303 21 9406 10453 22 9407 8792 14
5618 6319 6 10955 8904 17 7691 8061 11 9340 9067 8 9576 10830 16
9299 8576 6 9450 11031 15 7893 8685 12 11114 9690 14 6141 6929 12
9123 8157 12 8772 8218 6 8430 9533 7 10425 10775 12 7760 8982 8
9960 9513 14 10753 10039 13 7059 8721 9 7625 8650 13 10162 8493 8
9701 7581 8 6872 8588 7 9329 10871 11 7558 7384 6 9644 8653 9
8883 9418 15 10248 11469 15 10125 9038 9 7427 7182 12 8429 8799 8
8916 9310 11 8014 8174 12 7062 7211 7 7139 7041 6 9263 8958 10
10036 9314 12 8256 10387 18 10037 9524 14 7182 7768 7 9442 8973 17
9445 9062 9 9574 10063 13 11397 11202 12 6329 7546 8 10308 9417 15
7582 7306 9 9635 9578 10 9831 10749 14 9252 8157 7 8959 9167 16
7963 8687 10 7616 8809 13 8174 9724 10 8109 7711 9 9134 7587 15
8207 8988 10 10238 8319 16 9044 8853 13 7220 8164 11 9076 8697 12
8781 8198 9 11226 11477 20 10947 12666 12 9550 8585 4 8404 8474 9
9276 10973 17 8006 7251 13 9760 9006 9 8587 8145 12 8147 8077 7
8777 7987 12 8433 6752 13 7332 8263 12 9467 10267 16 6598 7137 5
9181 8150 10 7264 7918 8 6941 7868 9 10805 9944 9 8926 9671 9
8356 8431 15 7798 7158 7 8439 9697 10 9610 9721 10 9826 9409 13
7585 9031 7 7633 7833 3 8395 11482 11 10862 9799 18 9939 7831 12
9909 10006 16 6836 6483 5 10054 10065 12 7445 9164 8 10380 9595 19
7338 8361 9 8639 9175 4 9783 8482 5 7951 8193 6 8421 8228 9
9950 8823 17 6904 8814 10 9456 10181 18 8200 7856 10 9005 8953 7
8899 8853 14 8672 9877 9 8283 8889 8 10437 9574 19 9438 10003 13
6603 7536 4 7338 5398 4 7337 7021 6 9776 9785 9 8100 10646 15
6555 7432 2 7864 9318 8 11367 9446 17 8419 7479 9 7611 8058 8
6639 7924 5 8256 6959 3 6891 8586 7 10014 8829 12 6813 7204 8
9711 9580 9 10749 12042 7 10390 8630 12 8626 8822 9 8869 8649 11
7979 8032 9 9491 8746 10 8355 7755 5 9815 9006 12 8367 9099 9
7986 8024 11 8026 8907 8 8234 9858 17 9461 8774 9 9927 8359 11
8051 8758 8 9526 10164 9 8397 9177 8 9906 9662 9 9072 7047 8
7137 7409 5 9131 9473 14 8087 8105 4 10553 8406 16 9138 9910 10
10813 8890 16 10500 8932 7 8243 10849 7 7802 8414 12 8973 9702 5
8032 7491 4 7782 6223 8 8910 10827 9 9334 10065 12 7473 8751 8
9436 8377 8 9182 7788 11 7699 9628 8 9042 9236 10 6905 7400 15
8222 8926 13 9468 10609 10 8255 9281 7 10515 7497 10 8340 8753 12
10335 11084 10 10884 8976 10 9151 11603 18 8872 8046 11 8642 9060 5
9639 10243 9 12165 10082 16 9096 8087 11 7477 7510 12 6814 8112 8
7954 8609 9 9613 10243 10 9274 8034 17 9808 10142 9 6819 5767 4
9241 10703 9 9661 10534 16 9626 8672 8 8111 8576 8 7573 6477 4
9153 7250 8 10309 10634 4 8405 10498 8 11018 11099 10 7456 7895 9
9773 9964 12 10544 11035 16 9041 9211 16 8808 9205 16 8483 7758 13
10850 11954 18 9956 9365 13 7391 8237 4 9253 7716 10 9322 9851 16
12600 13458 14 7858 7743 7 7874 7750 8 8232 8266 8 8782 9095 13
8997 9411 9 9379 8519 13 6807 7086 9 8768 8972 11 8173 9118 13
8347 7664 9 9347 8565 14 9172 11290 18 6076 7873 9 10636 9174 12
7595 8382 12 10181 10951 15 9590 7916 5 7881 8355 7 8020 7901 18
7959 9257 11 8912 9069 6 9358 9259 7 8740 7981 13 11189 11469 11
11082 11595 17 9896 8184 7 9599 9368 7 9571 9176 15 7155 9614 11
10362 7910 10 8333 9018 7 9110 11801 12 10890 10150 14 8075 7479 13
11161 10127 9 10323 7589 11 5175 9847 9 8113 7678 11 8792 8917 12
9992 9938 11 8789 8220 9 8320 9410 9 10317 9157 11 8674 8798 11
10702 9789 12 6234 6677 5 9369 9730 14 5439 6005 4 11427 11196 15
8894 8506 9 9120 8493 13 9479 10272 9 10064 10634 12 9741 10736 10
9791 9844 14 11115 10810 13 7791 6976 6 7548 8839 5 8345 9245 8
7906 9769 12 11789 9295 20 7719 7083 13 7353 8713 7 9281 9270 8
8729 8611 9 8838 9741 7 8215 6123 7 8588 10669 16 7774 8088 11
11351 11000 24 10199 9867 15 7861 8262 14 7109 8156 7 9167 8390 11
11488 9377 13 8301 9085 8 9966 10883 10 8364 8695 9 8627 10592 10
6379 7354 11 7911 7450 7 8761 8678 11 6385 8622 10 10007 7784 15
7330 6695 9 9203 9657 11 8050 7733 11 9158 10128 10 8839 8865 10
8229 8948 15 9287 8237 8 9343 8318 11 7957 9000 7 6174 7315 7
9342 9560 8 8064 7925 4 9664 8648 6 8013 9210 8 7515 7862 10
6857 9366 5 9531 9541 15 8031 8209 10 9552 11134 14 12376 9239 13
9374 10328 13 9322 10258 12 8156 8589 9 10290 8822 10 8771 9056 12
9318 8972 12 10201 10002 12 7886 9196 15 7958 7685 10 8935 9103 16
9260 8467 16 9694 10165 11 9109 9274 5 7944 8296 6 9477 9192 13
7289 6245 8 12162 12584 19 7848 8844 10 7304 8407 11 8789 7626 13
9748 8451 17 8841 9995 8 11708 10802 14 9989 8861 9 9260 10018 10
8187 8057 12 8637 8999 10 8876 7468 9 8838 9235 8 9677 10829 13
7012 8556 8 9691 9208 14 10039 9661 7 10195 7739 12 8674 10774 13
7101 6633 5 9703 9809 17 7580 8659 8 7023 8487 9 10074 8088 15
6447 7339 4 9819 8603 11 9004 8898 6 7117 10202 8 10289 8211 12
10807 9921 19 7394 8039 10 9154 8423 15 8726 7946 11 7422 8701 6
10793 10968 16 9081 8902 8 11192 9470 12 6753 7488 9 10309 10343 17
7644 6869 9 8514 8623 10 7369 8542 11 10340 10016 16 8134 8009 10
11259 11615 12 9693 10524 13 8468 8066 9 10735 9565 7 7112 7848 8
8905 10424 8 10323 9718 15 8272 8765 7 7973 7539 13 8522 8755 11
6578 8157 9 8970 7644 15 9868 9767 19 8618 9101 11 8183 8377 14
7036 7575 5 10615 10166 7 9514 9704 13 9186 9978 5 10475 9766 17
7638 8031 10 8552 9158 4 8560 7947 11 8061 7945 5 10899 10903 15
11672 9847 12 11482 12509 12 9308 9895 11 9529 7707 8 7790 8817 6
8773 10324 11 8348 7751 9 8791 7891 4 7599 7801 13 6985 6887 10
8988 8999 10 9429 8827 8 10555 10521 19 7612 7730 7 9842 9311 15
9836 9666 9 6868 7744 10 9884 8735 8 8840 8198 8 9157 10226 10
5730 8078 3 10870 11914 11 11516 11310 16 9254 8180 9 10017 9888 18
8101 7576 9 7477 9135 8 9338 8886 9 10723 9198 13 7898 9314 14
7698 7258 11 9941 10376 10 7251 10007 9 8855 6735 8 10093 9969 18
8723 7523 8 7424 8350 6 8555 10012 13 9695 9229 14 8685 8332 7
8917 8221 9 10059 9061 18 8802 8847 9 8061 10303 8 8776 9139 13
7798 7782 8 8890 7510 10 9324 9788 12 8913 8306 11 7383 8612 14
8999 8876 8 8900 8549 7 10778 10676 8 8517 6515 8 9446 12088 9
8573 9133 7 11086 8223 16 7537 8550 8 9266 9313 16 6190 7923 10
8095 8315 14 11085 11159 14 9382 10534 17 8308 8530 9 9263 8281 14
6032 7330 5 9842 6873 12 8449 10556 13 9775 7671 9 7174 8664 9
6889 7763 10 6768 8038 6 10229 9490 10 10158 9648 10 10558 9590 9
9485 8555 7 7948 7183 10 10807 12208 12 9353 8681 6 9743 9695 11
8593 7073 9 6176 7149 9 7412 6608 6 9914 8951 13 9682 11553 20
9358 10166 19 9998 12158 18 8876 7689 7 8249 6753 11 8298 8325 11
8931 10222 18 9701 8364 10 8479 9038 14 8732 8085 9 8755 10006 6
9440 9295 13 10741 9476 11 8429 8099 9 9098 9115 13 9529 11103 12
11052 10066 23 7906 9238 13 9752 10694 11 7944 9741 11 10479 7861 9
8645 8438 9 10522 11376 17 6835 7169 9 6667 7124 8 10859 10067 8
7363 6338 4 9107 9307 8 9553 9466 10 9029 9508 17 8509 8297 8
10530 8854 11 8228 10234 7 7331 9389 8 8521 7992 10 9351 7814 10
9044 10855 15 8827 8934 12 10307 9955 17 7797 8110 9 8971 6390 10
9383 9815 9 8735 9888 16 10658 8741 9 7704 9538 8 9324 8152 11
6216 9136 8 9521 10262 15 10073 7504 10 8706 9522 25 8863 7722 12
8114 10112 12 7858 7900 7 9296 9184 12 10286 10832 18 10639 9802 10
9485 9123 6 8426 9196 9 11164 10293 11 7860 7400 14 6936 8710 12
12185 10486 23 7944 9205 10 9955 10295 15 8381 7993 8 8851 9350 12
8548 9843 8 10834 9528 12 10925 11833 11 8808 8199 8 7374 7346 6
8944 8984 12 7780 6612 11 9699 10118 9 8442 8612 11 8663 8625 17
9638 11082 13 9275 8652 9 7984 9751 15 8916 7783 9 8731 8018 7
9152 7081 10 7527 8960 7 8074 7077 4 8030 9373 8 8036 9644 7
7742 8833 8 9688 9911 13 9083 7427 13 8521 8044 14 7230 7625 12
9618 7684 12 8861 9881 14 7745 9891 10 8766 9721 8 9285 8053 12
9921 8533 15 7143 8180 5 7655 8490 6 7727 8004 7 8348 8925 11
9767 10482 10 8831 7530 4 8891 8180 10 8864 9952 9 9586 10508 9
8033 7520 7 11585 9384 11 7748 10392 14 8637 9692 7 8556 9043 12
8102 9184 9 9210 7849 13 8206 8568 9 8432 8529 10 9203 8416 12
7501 9130 12 8774 7627 8 9733 9753 9 10296 9053 8 8664 8751 14
9642 9150 8 10896 9716 11 6405 8230 8 9963 10444 15 9172 8704 8
9316 9253 7 9133 9388 13 6455 8352 3 9112 7720 5 9388 8214 12
7864 7732 12 6761 7688 5 9625 9877 11 9337 9330 9 8484 8298 10
7122 7756 6 8243 9131 10 9405 6974 9 6578 7682 11 9486 9622 18
9094 7704 8 9339 9952 10 9128 8429 11 7319 7046 8 9523 10654 15
10012 10386 17 8756 8700 9 9084 7929 5 8749 9524 11 10464 9748 13
9505 11158 14 9859 9494 10 9908 9921 19 8983 8835 9 8364 7248 11
8121 8160 8 10563 11162 13 9826 9205 6 8809 11208 9 10073 9398 14
10317 12205 13 10128 10763 7 10046 8810 9 7037 8201 9 11325 9346 17
8328 6362 7 5397 4303 3 9377 10773 17 8503 9256 12 7804 10085 10
13051 12791 18 9095 9853 7 7092 6336 7 10203 10719 12 9584 9477 9
10553 8624 10 9801 10456 13 9296 10246 7 6621 8467 10 8513 8547 12
6679 7082 6 9067 10936 18 9517 7262 8 7786 8195 9 9360 10084 14
7681 7643 13 6812 6889 11 6881 7164 11 8504 9386 8 8560 7533 12
10841 9260 11 9131 9904 7 8810 8609 11 8740 9858 6 8364 8639 8
9216 9358 9 8639 7700 9 8161 8687 10 7492 8958 9 10313 10089 15
9079 8612 8 8910 9236 14 8086 7426 9 7703 8705 7 8398 7952 6
10370 8985 10 9297 8895 18 9635 9888 15 7722 8955 12 7714 7126 10
10054 8796 16 9089 7939 12 8519 8525 11 8158 9268 6 6970 7075 7
7325 10603 12 8434 8382 4 7518 8502 7 11767 8420 12 8626 9007 7
11918 10273 12 11169 11415 17 8915 9925 11 8437 7835 9 7721 9234 13
12510 11875 10 6907 9991 6 9405 7802 8 10253 9922 14 7494 8388 7
8009 9755 6 9791 10328 10 8111 9149 11 10473 8433 12 9122 8215 10
8718 8933 8 9245 8241 8 8133 9992 13 9896 8942 14 10320 10928 16
10513 10451 17 9381 9223 16 6796 8352 6 8738 9950 13 7934 7224 11
8807 8159 6 6859 8497 9 8609 9717 15 11610 9942 15 8894 9171 10
6751 6781 9 8663 8354 16 8276 7228 13 8827 8584 13 10315 11857 13
11087 9133 8 7926 9980 14 6455 7254 11 8421 7776 8 10517 10080 17
8093 10659 11 8574 7821 9 10235 8186 10 9775 8754 7 9594 10576 10
10517 9942 9 6647 6461 2 9169 10189 12 7168 8632 11 10202 10097 17
10449 9395 7 8665 10783 9 8240 7532 7 8824 8857 11 9346 8236 12
8956 8541 13 10485 9497 12 6961 6300 8 8100 8343 5 9830 11777 16
10249 10886 20 9212 8040 15 7352 8649 13 7069 8417 9 9940 9128 10
7676 7935 10 6775 7161 9 10754 10560 18 7407 8353 9 8668 8603 12
11706 10333 11 6632 7231 5 10170 10017 7 8089 8487 9 8958 8214 12
8657 7544 4 8908 9674 12 10688 9943 12 7572 7064 5 7817 9857 11
6323 8519 9 7301 5123 8 9362 9121 11 9433 9701 19 8635 9440 10
7535 7120 8 8595 9704 12 10603 9636 7 8874 8847 8 8732 10019 14
7940 8336 8 10252 9163 19 6998 6630 6 8633 9352 12 7757 8153 9
8348 10079 11 8764 8051 10 7686 7348 5 7388 6894 10 9072 8347 7
9530 9714 12 7965 6940 9 8052 9069 11 8238 8916 12 10837 10061 16
9702 12270 8 9709 8355 17 7541 6581 8 8885 9040 13 7160 7286 5
7409 7881 7 6663 6700 10 8391 7771 12 8218 9290 11 8368 6765 17
8887 9141 8 10966 10745 11 12471 10836 14 7884 8105 13 8087 10361 14
7901 8832 7 10760 11199 16 9116 8296 11 10397 9790 11 7403 7257 9
6689 7764 5 11645 11704 10 8800 7998 8 8866 10369 10 10457 9536 11
11238 10698 19 7797 8258 5 8007 8398 9 8130 9371 9 8446 8618 18
7614 8154 6 7103 8516 8 7236 8191 6 9946 8385 12 10990 10371 10
11088 9879 15 9563 10051 15 8477 8216 12 8470 8384 7 9224 9858 12
9236 10075 10 8794 8704 7 9887 10520 17 7961 6501 3 9036 8437 10
11561 9112 14 6892 8556 3 9614 8234 10 9857 10439 19 7578 8337 9
7087 7503 8 7114 7174 8 8443 8625 4 10907 8687 18 7947 8590 9
8664 8709 8 8467 8904 9 10595 10287 11 6878 6921 6 9877 9561 13
9918 10117 18 8906 9722 10 9762 8519 6 8837 7552 8 8469 9580 9
8514 8316 9 8358 9111 10 9916 7877 9 6626 8498 5 11081 11236 17
11456 11035 20 9223 8422 12 8817 9699 14 6089 7361 8 9271 8444 19
8291 8919 12 10278 9462 11 10544 10308 18 8717 9121 12 8015 8516 7
8503 10537 13 10073 10337 17 7205 7267 10 9580 7618 12 8019 8396 10
7820 8748 10 9351 9126 14 10589 10184 10 7527 7093 13 10257 10335 15
7521 9138 10 9654 9394 9 10387 10550 20 9915 8927 14 7941 8547 7
9717 8677 7 11135 10375 17 9063 10021 13 7997 9125 8 9315 8007 11
8405 8576 11 10900 10068 11 7349 8749 7 9234 8124 7 8553 8931 20
12653 9719 16 7216 9279 5 9680 8056 6 7663 9565 9 7588 7948 9
10470 10018 12 9461 9654 10 9700 9481 8 8337 8306 10 8753 8076 7
9984 10997 15 9061 8079 9 8268 9857 10 8511 8551 11 9757 9187 14
8412 9758 13 9316 7702 7 8048 9090 12 8521 8802 8 8616 8349 8
8974 9163 10 10304 10268 11 10205 11289 14 7938 8995 8 9372 7992 8
10204 6819 12 7769 7645 5 10533 10618 16 6508 8728 7 8456 8268 15
8924 9426 9 8649 11704 14 9690 9312 12 8531 8928 9 10328 7718 9
8204 7700 8 8322 9136 9 7697 9495 5 8357 9002 7 9463 8297 10
7427 7493 10 10493 10505 13 9648 10346 11 10095 10210 17 8047 7555 7
8934 7873 7 7525 9552 4 7222 7124 7 9824 9102 11 9294 10095 11
10947 10199 11 9247 9763 14 9969 9916 4 8955 9483 11 8426 7528 8
10408 11184 12 9030 9612 8 8659 10006 15 8555 8057 8 8852 8814 10
9243 7612 11 8538 8840 10 9441 9658 9 11344 9468 13 7573 9458 9
8900 8068 12 7795 6841 9 8176 9052 11 9329 10031 17 9486 8914 12
8811 7969 13 8295 7957 7 8815 8526 8 7815 8568 5 8872 11197 14
8973 8734 9 9260 8952 11 8549 9187 7 8791 9329 11 9689 8683 12
9251 9287 13 7851 7970 9 9848 9969 18 5997 7201 6 8377 6889 9
7514 9125 10 9452 8947 15 7498 9140 9 8238 6741 10 11378 10345 10
7977 8546 8 10190 9800 7 8254 9451 13 9728 9147 8 9024 8320 9
7968 7180 7 8573 10331 13 8978 7660 11 6903 8746 10 9211 8884 9
8976 9282 11 9547 9462 9 8468 10763 13 9951 8767 11 9362 9097 17
7290 9593 3 9884 8677 14 9276 10548 8 7167 7831 4 11967 10216 15
10319 9941 8 8943 7824 8 9582 8931 8 8749 10685 13 6714 8207 5
5410 4806 2 10337 11467 13 7568 7545 3 8454 8213 14 8977 9037 11
8230 8990 3 8480 8106 7 9152 9101 10 9989 8732 11 8341 9152 9
11089 9465 10 9616 9681 4 8844 7800 7 9399 10426 10 9315 10577 10
8797 7936 11 9036 10508 6 9678 8657 8 7885 8094 10 8692 9093 12
10295 9233 13 10234 9617 11 9517 10117 11 7574 8582 8 8625 9406 14
9665 8811 12 6888 6911 8 8879 9589 15 11056 11393 18 6394 6457 7
9231 10273 14 7790 8431 14 10705 9118 11 8296 9740 8 9248 9057 6
8454 10757 14 7376 6320 7 8022 8922 9 8997 9070 10 8758 7939 7
8171 7527 10 9392 8349 8 9926 9485 15 9290 8969 8 8542 10646 9
9635 8625 11 7451 10776 11 8543 9677 9 9742 9262 13 7697 6942 7
8128 9182 12 8653 9385 11 9876 8225 9 7721 8538 7 8706 9735 12
8482 8034 11 8741 9725 9 8798 9218 8 10761 9595 11 9051 8693 7
10037 7262 14 10758 9524 16 8880 10524 9 8716 11647 7 8477 8304 4
8258 9940 7 9928 8612 10 8805 7995 5 6725 7077 10 9573 10133 19
7940 7773 7 9020 8153 10 8768 8940 13 7855 9782 16 9018 7423 9
8087 7616 10 6570 6095 3 10458 10938 18 8963 9948 9 8470 8084 13
8545 7673 5 8684 9369 6 7893 9213 9 9565 7933 8 9971 9381 19
7732 9179 12 11224 9177 18 11987 11162 22 6607 7354 9 7134 7392 11
9856 8837 13 9589 9289 11 8949 9877 13 8070 6856 7 7022 8623 10
8168 9057 9 8603 9550 11 12034 9871 19 8316 8480 11 10241 10379 11
9898 12088 14 8594 9711 8 9970 8843 11 8877 7314 11 6490 5899 10
7814 8584 9 7831 7164 8 7961 9169 9 8372 7832 10 9030 7858 12
9428 10274 5 8474 9289 13 9489 9492 11 9520 8589 15 7792 7066 11
7460 8654 10 8179 8847 10 11626 8990 15 8575 9278 9 8920 9129 13
10611 11586 19 7891 7348 11 9040 9028 8 6496 7329 6 10194 9489 12
11590 10971 12 9380 10704 7 7595 7753 11 7791 8651 11 9739 10531 7
9894 9741 9 9115 9659 2 8687 10554 10 8996 8755 6 10463 8878 12
10544 11531 11 10687 9555 16 10542 11083 25 8085 9097 10 7104 6963 13
8641 7395 8 10088 9970 17 8664 8539 8 7626 8577 8 7527 8973 12
10562 10071 12 9953 9497 13 8682 9655 18 8408 8987 8 8624 9271 13
8031 8195 8 9056 9183 10 10079 8982 7 7061 7870 9 10756 10699 16
8571 8844 11 8239 8368 7 7632 8430 10 8420 8691 11 7165 6981 6
8620 8657 8 8751 8901 15 6831 7147 6 9216 8480 9 7518 7846 7
9509 9556 11 11627 11397 10 10488 11114 8 8513 9615 9 8927 8462 6
8172 6874 12 7579 8339 11 7958 9201 10 7455 7147 13 11298 10445 14
9469 8382 8 7971 7966 8 8347 9094 11 7684 7610 5 10791 12197 10
10486 11208 19 6776 8170 7 10021 7767 15 7032 8280 11 8215 7579 14
8498 7862 14 6463 6087 7 8273 10361 16 9762 9256 8 9361 9535 14
7998 8235 6 7140 8741 7 10711 10489 17 9567 7563 11 9022 9524 13
11522 11603 19 7052 7883 5 11345 9416 7 7938 8711 13 8761 8804 8
8280 8959 15 11018 9875 11 10820 9539 9 6911 6886 13 8578 9616 15
8953 7476 10 11867 10946 15 9040 10877 8 9945 9408 6 8609 9645 14
9886 9375 18 8850 10452 18 8671 8715 12 7456 8070 10 9614 8470 9
10771 8264 17 9315 10212 14 9486 9254 15 7455 7110 6 7866 10701 10
7621 8189 9 9701 7815 5 9014 10844 12 9271 8963 7 9554 10728 14
9740 10980 15 8696 8333 1 11859 10044 15 8066 8059 10 7072 8785 11
9879 8775 12 10286 9021 19 9459 10522 8 9140 10196 9 6858 6322 5
10239 8803 12 7253 8917 5 7434 7374 8 8943 9042 10 10471 10781 15
7603 9166 5 8503 8540 4 8600 7934 5 8718 9179 8 8108 8233 12
9339 9675 10 8972 8472 7 9183 10340 14 10529 10425 18 8668 9053 8
8933 10789 14 10530 10646 14 11627 10873 19 7005 7218 5 9567 9745 13
6725 7723 11 8989 9233 15 10117 10031 23 11255 10862 22 7682 7831 9
8600 6956 7 9514 9684 11 10060 10966 19 8059 9506 14 7446 7256 11
7508 9072 7 10708 10627 14 8673 7090 5 7534 7260 7 8367 8862 13
8254 8181 11 8188 7695 8 7063 7729 7 10359 9859 12 7111 6821 8
9188 8284 8 7794 9000 6 7838 8448 10 8230 7598 4 9386 7933 7
7972 5917 6 7706 11424 10 7619 8778 5 11857 11845 17 9022 6418 15
8092 7776 7 10623 9698 10 7918 10515 8 9410 9094 7 9154 7999 7
9247 8346 2 8858 9555 11 9769 9776 9 7839 9005 6 10632 8630 18
11047 9541 14 9679 12809 16 7520 7635 5 7667 7720 5 9862 9029 18
7231 8589 11 8706 9367 11 9148 7189 9 9188 8636 8 9522 10718 16
7727 9333 6 9227 8506 11 9341 9298 8 8801 8591 2 10193 10026 21
8173 7035 7 8483 8628 12 7653 7258 14 8357 7939 14 6592 8189 11
8532 9512 15 7514 7655 14 7932 8375 18 6503 7384 6 9544 8358 16
8799 10038 10 9104 9346 7 8181 7344 8 10424 9356 10 7870 9776 10
9339 9561 11 9610 10068 13 9695 8286 10 10528 8879 14 7354 9441 13
7714 7239 10 8120 9690 14 11605 11705 17 7983 7967 7 9685 8288 11
8187 7285 6 10565 12473 23 9332 7973 8 6855 7546 12 7890 7673 9
9410 9512 10 6968 7725 4 9444 9061 10 11643 9802 12 9897 11248 11
9151 8570 6 9860 11075 15 9982 10132 5 9435 9017 12 9420 9580 10
9253 9580 17 9011 9138 11 8646 7868 6 7541 8675 9 8654 9013 9
9544 10187 15 9093 9175 11 11256 11818 14 9636 8315 16 6972 7722 9
8588 9005 13 10263 10533 14 8538 7155 3 8920 10296 8 8246 8532 10
9243 9264 8 9276 9801 12 9592 9032 10 7620 7860 6 8570 8096 12
7170 9306 6 8225 6675 7 7144 8164 15 8773 8530 7 8992 7869 12
9985 10199 8 7899 8316 8 8856 9806 19 7951 7801 6 9595 7605 19
9373 8759 12 8395 7226 10 7939 7867 3 9234 9344 14 7997 9900 9
11392 10049 10 10098 9987 15 9687 10289 7 7275 8444 13 8383 8265 12
7922 7630 8 9462 9584 4 9031 8550 9 9729 10122 8 8453 8453 8
7609 8172 8 7771 9693 8 8087 7659 6 9200 10144 12 9440 7026 6
8020 8580 5 8813 7738 12 5760 6018 2 9450 8678 9 9461 11426 18
11267 10392 20 7429 7948 5 6652 8111 6 7538 6749 13 9123 8707 9
7275 9356 12 10568 8401 10 7615 10041 8 7272 7163 14 8919 7913 10
9380 11850 11 9816 9421 11 12886 10923 15 8559 8559 4 7388 8257 13
10799 10159 16 8441 9119 9 9519 8450 17 7123 7747 11 8660 9167 6
9894 9344 15 7446 7032 5 8817 9692 11 6615 7883 10 9079 8047 12
7838 7086 7 8022 8064 8 8003 8857 7 11889 10474 13 8875 9199 11
10417 10722 22 8425 10064 11 10614 8742 13 8511 10333 11 10592 8776 9
5698 6287 4 10030 10030 11 8834 8718 11 8396 8871 20 8145 7630 12
9839 9499 10 7991 9023 7 8994 8406 8 7817 7984 10 8517 8675 11
9888 9045 9 9198 8593 17 8460 9313 9 10282 8942 7 7800 9906 14
7848 9195 9 9059 9301 13 9217 8240 12 7578 8270 7 10534 9111 9
6230 7402 5 7479 6904 5 9131 7948 6 8467 10429 11 8952 8761 15
9114 7783 10 8543 8783 10 7587 7852 9 10316 11874 19 8309 8619 15
11213 8008 10 9964 11211 19 7522 7651 9 9909 10800 15 10413 10062 11
9145 8738 12 12226 11206 15 6127 7575 6 8415 8509 8 7794 7878 14
9718 10114 8 8786 9024 10 8088 9319 6 9603 9902 10 9287 7313 8
9739 8026 11 8268 6631 7 8296 10260 15 8034 7699 10 7434 9205 9
8675 9340 14 7448 7432 7 10640 11269 14 9354 9756 8 8428 7113 9
10206 9960 9 9979 11805 15 8662 9556 8 10045 8740 11 7556 8548 8
10217 9348 12 9745 10252 10 8354 9163 13 7178 6784 13 10589 9873 12
9989 9727 13 10956 9381 13 9792 8895 11 7384 9183 9 8259 8999 14
7175 7664 12 8505 11624 11 7969 7549 7 9510 9537 9 10156 7010 12
9398 10277 9 8376 7498 5 6587 7674 11 10213 9209 14 7272 8946 9
6835 7188 12 10492 10185 13 8815 8983 10 8423 7391 6 7727 9226 13
9035 10898 9 8486 8642 10 10560 9057 15 8637 8479 7 9607 8849 14
9105 11000 12 8414 10271 10 9957 9091 8 8814 7873 10 7782 6420 7
9183 9049 13 12247 11246 19 8609 9503 13 10092 9308 12 6465 6917 8
9454 8908 7 8667 9124 10 9163 10042 10 8379 7344 2 11637 10350 11
8199 8655 12 10433 10396 17 10359 11402 13 10404 9833 16 7604 7443 6
8844 9281 7 7656 8373 12 7432 9145 7 10891 8815 12 8343 8619 11
9298 10628 13 9933 9122 12 8120 6978 6 8379 8230 10 10194 10539 13
10358 8567 15 9364 10015 9 8575 10262 10 10597 9693 10 8916 9268 8
9806 8826 8 9787 10759 13 8504 7569 8 7990 9081 12 7870 8239 9
10099 10063 12 8300 8231 9 6964 8034 5 7641 7901 6 9405 9070 16
8434 8430 12 8906 9191 15 9915 8188 10 8315 8271 12 8577 9795 11
8813 6226 7 10148 8437 13 6366 5705 5 8688 12063 16 7324 8870 9
10736 11822 19 9233 9135 12 9314 11234 19 8759 6792 10 10303 10345 7
7757 8075 9 10203 9629 14 10069 10099 16 9467 8017 15 7456 9735 9
8277 9985 14 7678 8421 10 6533 4803 8 6674 6440 11 9323 8334 11
9289 11206 12 9696 9301 9 8029 8748 5 8469 7062 3 8268 8177 11
8393 8004 13 9068 10241 11 10373 8867 21 7831 8417 19 7300 8187 8
9362 10960 5 9253 10530 16 10304 8874 14 7700 6392 3 8244 8984 7
7162 7462 8 9989 9860 19 7789 8688 12 6952 6482 8 10816 10179 10
7524 8585 9 8470 9433 14 7090 6955 3 9735 10173 13 11316 10473 22
7592 8885 10 8377 8073 8 8858 8078 12 9549 8213 11 8017 9275 12
8098 7542 4 8413 9502 9 9872 8937 10 7102 7543 8 8697 9339 14
9975 9607 19 8514 9656 7 8782 8117 11 8884 9680 13 7011 6714 4
9710 9460 18 10349 11291 8 11312 12370 21 8655 8160 11 8291 6590 7
8742 9809 13 7906 7477 4 9456 8559 12 9484 10989 14 9783 8262 8
8934 8391 22 10245 11062 15 8549 8241 8 7770 7179 6 7668 7987 12
7842 8440 12 7644 7923 6 9729 8892 8 7717 7620 13 10700 11481 16
9876 9324 15 7607 8644 12 9600 7786 12 7807 9350 16 6737 6652 9
9933 11599 14 9175 8174 7 10654 9924 12 8286 8488 8 10250 9910 13
11083 10890 17 11264 11918 18 9792 10920 13 7014 5769 8 9238 7892 11
8303 7807 7 6881 7774 8 8656 8591 17 8948 10201 13 7373 7074 7
10176 9300 10 8390 9068 6 9000 8079 6 8245 7925 8 9583 10275 11
9890 9799 10 10677 9064 13 9117 9656 12 8557 7370 5 6972 8954 8
9439 8715 10 6712 8686 6 10763 9728 12 9241 8490 9 7164 6227 10
8440 9169 7 9041 10324 12 6370 7479 5 9058 5811 4 10155 10248 16
7698 8567 9 8778 8590 9 10264 9310 9 8435 8246 6 8236 9981 13
9168 8029 9 9258 10571 17 8468 8171 8 10458 9518 15 9852 11472 14
9136 6906 9 9233 8875 10 7002 8861 8 6200 6666 12 9281 10116 12
7573 7484 3 11034 9839 10 6949 7349 5 7959 8954 10 9316 9760 11
10082 9866 10 9926 10810 12 8443 8147 10 9346 8261 13 8424 8528 10
8414 9256 6 8234 8903 8 10489 9522 5 10193 9470 11 7102 7385 8
8342 10783 7 8570 8549 11 8712 8003 9 9692 8106 11 8649 8543 15
9308 8987 15 8974 10194 10 9109 8622 6 9093 7961 9 7470 7988 12
6824 9176 9 9923 10724 6 9468 8676 9 6903 8489 6 11329 9462 13
8193 8770 9 7921 7178 9 9526 10440 12 8292 8271 11 9476 9014 3
10010 9205 12 8330 8155 8 9125 9253 13 8788 8653 8 8774 9559 14
6069 8643 7 7984 7640 10 10780 9181 18 8262 8493 6 10270 9491 17
8825 7604 12 8469 8965 6 6765 8935 11 8790 7262 15 8015 7224 10
10015 9840 14 9123 9143 16 9503 8944 9 7340 7770 7 8111 9141 6
9031 8111 11 8685 8531 7 8689 10912 16 8191 8784 14 8548 8069 12
8586 8494 12 9434 9590 22 9734 10236 12 9075 9643 16 8363 6871 6
5966 8244 7 10916 10130 11 9487 9253 8 9479 10316 7 9455 8046 7
9021 10472 7 8865 9978 9 8738 7567 19 9763 7361 7 8784 11467 18
9519 8489 7 7301 8246 5 9130 7986 16 8445 9299 15 9894 10886 6
9030 12025 11 9993 10361 13 7755 8637 10 8676 8044 7 8956 6676 11
8857 8018 4 9249 9000 11 8531 9629 9 9431 8408 3 8427 9443 10
9239 8188 7 7786 8368 13 10023 9476 12 10306 9740 11 5516 7102 4
7338 8445 14 10030 9147 14 9666 9148 8 9093 8600 11 7712 9103 7
6674 7327 8 6805 6986 8 9495 9976 14 9958 9153 7 8458 9804 15
9674 11446 10 9006 8555 11 10394 8875 11 6808 6606 7 10325 10837 16
7588 6014 7 9905 10163 10 8375 7630 7 10198 11284 13 8080 9053 14
8726 8574 7 9436 8996 12 10111 11084 16 10369 9647 17 8877 8828 8
8592 6640 8 6935 8025 5 8065 11175 17 9811 9528 18 9539 7773 11
9412 11174 9 10289 11152 14 10997 9673 12 8528 7449 7 8708 8337 9
11140 11062 9 8711 11180 9 6823 5784 5 8788 7732 8 9742 9594 12
7603 8403 12 9464 9716 12 9891 9653 17 8963 7919 7 9235 8254 17
9111 9586 16 7100 6176 4 7786 8241 14 8605 8713 4 9661 9573 13
9433 10223 11 10942 9611 9 8966 8388 10 9012 8404 7 9405 11560 19
10308 11656 15 9118 8286 8 9299 8527 21 9420 8224 9 7126 9081 7
9759 7860 9 6862 8839 12 4178 5873 5 8897 10017 10 9909 8654 9
8193 8118 9 9063 9542 9 9611 10050 11 7800 7909 6 9688 9712 9
6466 8940 12 8426 8558 9 9435 8851 7 7764 8877 7 9590 7042 11
9985 10022 8 9930 8930 3 9955 10390 10 7816 7876 7 8000 8806 5
11851 12412 22 8220 8336 14 8543 7443 14 7870 7887 10 6882 7725 13
8741 5802 7 9661 12603 15 8504 9280 8 9884 7898 8 8684 9465 14
8810 8214 8 8930 8268 9 6536 7491 11 7845 9272 10 8038 8570 17
8186 8583 9 10642 11796 16 8369 8128 9 10054 9049 8 8151 7827 8
7941 8909 6 9139 7728 10 9166 7183 7 8477 10943 9 7172 9165 8
8838 10211 13 9110 9661 9 10435 8906 7 9355 10245 17 8623 8564 9
8173 9897 6 8652 10246 15 8197 8551 8 8176 8163 7 10486 8823 11
9388 10104 15 9185 9466 16 8716 7956 14 9955 9619 12 7101 7556 7
8603 7581 13 8547 7709 8 8109 9369 10 8424 9554 14 8753 9825 17
9435 8886 11 11480 11154 19 7388 9065 10 10982 9318 18 7610 8115 14
7412 7314 11 7660 8537 6 9851 10848 6 9233 8570 5 9541 9129 14
8115 7484 9 11537 11563 10 9354 10076 10 8882 8846 9 9400 8977 11
10514 9274 17 9118 8948 6 8767 9835 18 8253 9538 10 8300 7426 10
9247 8511 10 9147 9424 12 6335 8055 11 9773 9304 11 9694 9069 9
8489 10090 15 7117 8742 6 7083 7200 1 7526 7723 14 11619 9137 14
7775 10244 11 10682 8675 13 6658 8032 9 9831 8100 18 9386 8969 10
10351 10214 12 8052 7176 5 8498 10318 11 8894 8604 14 7755 8513 10
7857 8585 10 11465 13188 14 10382 9734 18 8995 8740 8 7475 6445 8
8641 10489 6 9270 9370 10 8977 7695 11 8631 8945 9 11065 10035 19
9978 8923 15 9265 11054 16 7967 6446 7 7222 9347 12 8392 8193 11
8115 9164 8 10177 11431 18 6924 7800 7 10119 10005 13 8929 7091 12
9765 8044 9 9404 9612 17 8156 9511 13 7852 6586 7 9491 10628 15
10700 9939 12 10379 11746 17 8361 7413 8 8037 7975 7 7920 6846 9
5498 7093 3 8844 8112 9 9741 8250 15 11107 10430 20 8794 8497 7
6530 7807 7 9904 8992 11 8732 8700 7 9491 9355 9 8055 8142 6
