10772 6059 7 9484 6893 28 6947 5714 44 5137 6380 55 2259 7395 65
6921 4230 7 5434 5514 20 5029 2971 13 3153 5506 53 1976 5892 51
10195 6038 7 9477 7120 21 8032 6100 24 4189 7056 78 1590 7650 70
9781 6210 6 11649 6471 21 7415 4889 22 3609 8149 71 3848 7726 57
11211 7500 13 8970 6475 17 9625 6822 37 3266 10623 96 3440 6858 55
8464 4122 10 9057 4990 15 5462 5800 40 3194 6637 57 2344 7552 63
11550 6155 8 10976 5750 15 7401 9212 51 3600 6869 76 2658 7390 66
17752 9500 12 12937 8470 14 6686 9253 60 4313 8445 72 1068 6911 77
12381 5813 7 9017 6667 20 6536 5257 43 3484 7432 70 2480 7399 57
9202 5461 7 10901 6730 21 7476 6578 41 5166 6347 52 1757 8303 67
8529 4251 8 8554 5648 8 3624 7651 65 4491 5237 48 3922 5435 53
10334 6868 12 7380 3706 15 4957 6376 53 2690 6958 52 1868 6537 58
15650 8278 10 13644 9845 21 7104 9844 81 7187 7011 45 619 8369 86
8879 5613 10 7441 4876 13 7034 5531 35 3852 7002 63 3157 7534 55
8982 6168 7 10278 6794 27 5746 6493 36 2970 6580 63 3857 6907 58
13333 6328 6 8206 6018 17 8812 7787 50 3455 9930 82 3074 5957 47
9577 6499 9 14951 8843 28 6465 6815 37 5275 7805 71 711 8176 92
9345 4774 4 6724 5666 15 5498 3146 11 4411 5448 51 847 9492 79
12840 6136 12 10756 7841 10 6564 5628 33 2876 7159 68 1101 7699 74
15727 6846 15 13841 8095 26 7260 7394 42 4150 6407 53 2029 7316 79
11234 6859 5 7815 5721 15 8697 8600 50 5193 5710 49 1791 7906 74
11092 6606 9 8328 7059 19 6802 6868 38 2623 10243 91 4357 4847 47
9791 5189 8 9258 6318 30 5725 3605 20 3094 6527 57 1829 8572 78
9360 4571 4 11711 7104 18 8385 6749 32 5260 6896 44 636 8389 88
8165 5460 7 7324 5317 8 6055 4057 26 3642 7256 62 1258 5858 66
8095 6385 9 8848 3317 7 5622 6325 41 4588 8206 61 1039 6776 66
9750 5198 3 8505 6264 14 5708 5912 26 3124 6676 66 1711 8913 69
13137 6499 19 8187 4895 4 5039 7610 39 5099 6886 52 1647 9399 73
10105 7151 14 9051 7257 27 6475 7757 58 5837 5070 34 1279 8414 87
8894 5647 7 7468 4678 5 6789 4645 25 4612 6267 60 2502 6888 57
12262 5772 7 8802 6885 12 5646 5642 21 4259 6829 48 2142 7390 79
11415 6696 9 11049 6483 9 8140 7624 54 3106 6512 46 1540 7621 89
9986 6456 5 9677 5520 12 4660 8224 66 4261 6961 64 3992 6471 53
10138 5863 10 9276 5690 19 8137 9636 63 4011 6461 57 4429 7063 51
13201 9281 15 9633 7535 19 6373 6098 29 3387 10295 92 1652 6506 67
14021 6247 9 8194 5447 15 7448 7646 45 6938 7858 60 2436 7753 70
14920 9355 12 14340 8177 17 8110 9342 59 5196 7887 75 2414 6094 76
10546 5218 12 7469 5290 19 4255 3365 11 4042 8597 71 2126 8231 64
9310 4260 4 10622 7927 16 7780 6663 39 2434 11004 99 3957 7088 42
13166 6800 15 11861 7071 21 7578 9078 52 4512 7746 69 2915 7980 61
12131 6270 8 10701 7296 21 8217 6433 54 4877 5644 40 1126 8362 82
14592 7943 8 11878 7384 21 6050 5484 40 5939 7882 71 233 7623 91
14641 8193 7 10628 6579 13 7165 8110 38 4619 6946 75 1411 7876 78
7741 3592 7 7605 5634 17 6799 6162 42 2196 8995 79 3118 5724 53
14186 7510 11 10335 7432 17 5948 8400 67 4737 7087 44 2285 6297 72
13885 7787 8 12509 8378 28 7073 9134 47 5416 9165 64 1346 6293 79
10078 5585 4 8953 5236 14 6735 7388 34 2226 7871 80 1752 6130 55
13743 7774 12 9952 5336 13 6042 7102 33 4561 6736 70 1485 6996 75
13155 6503 9 10738 6890 16 7303 8904 67 4509 5883 40 625 8185 85
11930 8024 8 11256 5760 10 8286 7264 41 2714 8268 86 1865 5889 68
12727 6409 5 11896 6395 9 6441 9017 58 4073 9553 78 2820 7951 64
9809 5249 4 9103 5982 19 6555 5324 34 4334 6760 56 1322 6945 77
8662 5830 12 12988 6343 20 6026 6260 52 3345 5344 36 1585 6508 72
11547 5642 8 9147 5887 16 6038 8935 58 4324 7029 56 3005 5451 54
10594 6020 5 11111 5080 12 7081 7611 44 2964 8018 72 2246 7399 70
9821 8005 10 12736 8179 26 9338 8005 40 6477 8154 54 1204 6907 89
10287 6618 5 11478 5447 21 5910 6655 40 5218 6736 45 182 8174 81
12149 6183 7 8837 3591 11 7222 7728 43 3055 10075 91 4050 6437 46
10521 7731 12 8858 6336 26 6220 4304 26 4213 8746 67 2695 6083 64
9626 5259 3 7275 3350 6 5144 6352 43 4228 7267 59 1360 4800 52
11003 7401 9 9438 6164 25 7820 6596 49 5034 6680 51 3362 7138 71
7450 4581 3 9711 6092 14 8890 7351 50 6241 6851 37 241 6252 89
8497 6711 5 10503 6204 22 8331 6826 34 4010 6650 66 832 7538 79
11498 5196 4 9094 6228 9 7094 8397 51 5095 5987 45 353 7735 86
5967 4344 2 5517 4082 16 4628 8192 70 5506 4932 32 2429 5785 53
9452 4845 8 10863 7914 25 6396 6350 35 3884 7741 59 1500 6349 78
11722 4750 0 11971 10502 28 6295 6467 38 5729 7070 61 1485 8227 88
8331 4625 7 9339 3952 6 5841 8408 53 3471 5574 36 990 8227 81
9539 5283 6 8835 5253 7 7486 8153 59 4416 6287 60 1579 6656 79
10278 5298 11 7666 5123 9 4646 6065 31 4398 5628 40 1646 6858 63
15001 8500 18 11548 8730 27 7104 6949 39 4157 7485 69 1448 7234 79
9660 6227 3 9910 5629 6 8549 7769 54 3565 9145 80 3024 4573 51
11374 6596 15 10642 5285 14 7164 9237 60 5064 7232 60 3010 6696 70
9128 6148 9 12092 6795 27 6569 6662 40 3590 7755 61 1657 7598 71
10806 7904 14 11562 9543 40 7402 6057 28 3497 6162 62 1988 5510 55
15210 8841 16 12609 9496 22 9455 7433 36 4925 6282 49 160 9303 95
11127 6240 11 8123 5395 10 7840 8252 29 2710 8797 92 2656 6583 52
12371 7400 18 11910 7912 45 6138 7133 63 3854 7797 83 3037 6505 51
11790 7254 11 12954 9270 22 7452 7253 38 5526 7497 76 2814 8023 60
14446 7797 8 10717 6536 27 6856 7248 50 4637 5409 45 555 7735 89
10850 5968 14 7099 5223 12 6542 7814 59 5117 6614 44 2259 7151 79
11347 5728 5 11993 7682 25 4921 8821 59 5223 7074 73 3533 6094 60
12974 7106 13 9449 8181 19 7046 8288 48 5370 7969 74 1859 7530 68
10126 5698 13 9941 6150 18 3746 5246 46 1977 7017 68 4387 6531 49
9627 4938 11 9935 7413 13 8015 8157 48 5754 7542 71 2560 7405 67
9473 7126 16 8397 5554 11 7206 6742 40 2870 7958 78 4088 4920 53
10655 7068 9 9436 4992 21 6573 6348 36 4350 6340 66 1466 6582 75
12305 5705 9 11643 6656 26 6321 7054 33 4553 7513 56 909 8413 86
9096 5918 8 13428 7788 28 5739 7237 45 5625 8026 60 1540 7526 73
12000 8218 19 11116 6454 22 9425 7086 42 4132 9396 80 3215 6577 62
8873 6173 6 7816 4667 17 6021 5139 30 4068 6004 50 1691 6737 66
12845 8105 10 13632 8792 22 6285 5450 31 5000 7931 63 432 8692 86
10440 6055 9 9780 5818 10 6357 8340 66 5383 6418 57 996 6949 80
13277 8444 17 12311 6248 10 6788 8261 54 5294 6006 43 914 8399 83
6811 3433 5 6316 2573 7 7469 6536 35 3697 8367 83 3726 6487 51
11312 6136 4 10583 6714 18 6312 7794 43 6576 5882 42 551 7297 83
10452 5238 5 8065 6678 19 7808 7311 40 6296 5754 32 826 7679 78
13868 6512 7 11039 8421 27 7831 9426 68 5702 7502 54 1704 7558 71
8441 4432 3 8058 7157 23 5328 6237 52 5959 5031 44 2385 7347 66
9307 4872 6 11410 6854 17 4558 9555 84 3055 6614 53 4037 6452 46
10396 5788 4 12322 6003 22 8174 5768 24 3146 9784 89 3494 6913 76
9970 5693 9 9631 6554 17 5228 5302 41 2565 6880 58 2625 5603 59
11479 7329 9 10193 6578 32 6563 6608 26 5093 7692 60 2996 5911 69
9851 5960 6 9549 6054 12 4407 5813 36 4748 7809 60 1173 7129 76
11131 6007 8 12041 5854 13 7191 6205 38 4799 5881 58 634 9673 77
15997 9441 19 11668 8825 23 7503 6087 34 4609 7807 62 1606 7300 74
14235 8091 9 12746 8139 27 7805 10390 52 4610 8505 73 2621 8094 71
7497 3692 0 9418 4122 10 4752 4314 21 3669 8770 75 1189 6788 57
12922 8117 18 12023 7397 24 6752 8236 48 4301 7237 68 2217 4934 51
14179 8452 13 10356 6761 20 7296 6494 41 6305 7958 69 1267 8882 82
14138 6993 6 10942 7072 26 9012 6454 40 1171 11109 113 5452 5956 40
10287 6203 10 9841 6557 10 8590 8311 63 5248 5838 51 1789 7781 77
12277 7453 9 10038 7727 26 8145 8361 49 2897 7268 71 4831 5821 49
14407 7952 15 13318 8278 26 7803 6962 42 4415 7479 59 3007 7760 77
7737 5436 5 8633 5634 17 7684 5564 27 2607 10297 90 4427 6183 44
7721 5294 6 9635 5141 10 10068 9163 54 4523 7434 56 2133 7802 72
11147 7608 9 14199 7526 14 9337 8734 52 5826 6389 47 430 7741 92
8820 5308 12 6951 4735 8 5224 2384 14 1529 8171 60 1763 6024 56
10618 4782 6 9576 7423 25 9018 7989 46 2915 9059 87 2821 7282 62
14563 7656 3 11209 6193 24 6925 8622 71 7525 8455 59 1570 7332 76
10663 7167 10 9031 6647 18 6959 5383 41 3965 7017 52 2002 6623 66
17443 11153 22 15541 13100 57 11303 9184 58 6856 6877 40 1233 8263 85
14159 8069 8 9493 8924 30 5666 7119 61 6730 7660 53 1802 6131 71
15654 8765 16 11431 7682 20 6639 8603 59 3645 8040 79 2236 7345 79
10983 5730 6 12349 6898 8 9217 8715 54 7007 5596 40 165 9432 90
9904 6178 5 10550 7128 28 7452 5406 42 5266 7147 61 2988 7124 64
12714 8802 9 14471 8366 22 8285 6093 34 3882 7416 64 1500 8281 86
9487 4664 3 10132 7533 16 6533 4517 18 2863 8163 79 2296 5938 65
7026 4024 2 5595 4841 8 5522 5903 37 5288 8075 59 3298 5793 62
10463 6695 8 11503 6408 12 7746 5669 23 3817 7337 51 1431 7122 77
9518 5515 8 10889 8042 21 6946 7238 55 4291 6428 55 2342 8106 74
11522 7795 11 11242 7708 18 10355 7792 37 4538 6767 65 908 6912 81
10403 5218 4 12358 7513 19 5627 6984 38 2541 10661 87 3932 4959 50
9319 4778 5 5880 3884 21 4907 3669 14 2994 6466 60 1352 6557 61
9723 6113 6 9023 5987 23 6140 5787 44 5712 6656 61 1508 7595 83
12171 5983 11 7958 7922 26 7343 6530 34 3474 8168 81 3140 6243 68
11399 7266 7 9758 6464 17 6905 7960 54 6485 5394 37 953 7447 87
6979 4268 2 6770 4742 5 4983 3949 30 2132 3857 31 1560 7281 75
14619 8997 10 10953 7789 35 7041 6366 42 4122 6718 62 3004 8056 68
12929 6210 14 11836 7132 17 5244 7227 54 2631 9189 84 4286 7357 56
6707 4281 2 9147 5132 8 6112 5371 41 4713 5289 32 595 6623 79
9975 5441 8 6987 3679 4 4825 5825 45 3343 6678 47 1138 7785 75
12073 6237 10 9426 8312 23 7747 7126 52 4455 5367 63 2261 9038 70
12701 7877 10 10810 6947 20 8273 7969 48 4397 8286 67 1821 7422 80
9523 5449 5 7799 5282 14 5323 3363 7 2538 7803 64 1693 7920 64
10632 5586 1 9672 9396 37 7689 6999 53 6179 6862 49 2123 7380 74
7936 5137 9 8365 3612 12 4925 5562 36 2324 8478 56 1530 5119 47
12371 7979 11 8772 6726 41 8188 7120 40 5538 7269 47 1806 7783 83
12315 6174 7 10318 6048 20 8574 8088 46 3418 9591 84 2288 6536 65
8396 5230 5 8789 6310 15 7870 7744 41 3969 6015 40 2936 6461 54
6855 4016 5 6862 5584 6 6669 4966 33 3578 8304 77 4834 5627 49
13150 8392 13 11897 5907 12 8442 8781 56 3395 7342 58 1870 6059 66
12935 7919 14 11143 7570 21 7701 6518 46 3959 7900 66 2370 7069 66
11014 6963 6 11026 7003 20 8107 7169 41 4268 7290 76 2654 6589 70
11179 5604 8 7888 6861 18 5980 5027 29 3041 9233 83 3928 5631 39
7659 4123 6 8295 5809 21 5980 6179 35 4508 6459 50 1100 7464 82
12721 7138 10 11736 6363 15 8309 6657 22 5130 7635 60 1506 7446 84
12206 6688 12 8826 7526 23 8894 7351 43 4975 7614 59 1751 6840 74
11354 6712 12 8770 5485 15 6262 6244 42 3074 8436 70 2068 7438 66
13700 7695 14 10801 7507 20 7853 7930 47 3827 8303 83 3586 6864 57
10901 8376 2 9329 5407 15 6476 6925 57 5135 5801 54 2542 7029 72
11526 7043 15 12989 8318 23 5359 10634 80 4785 6864 75 3844 5616 50
14173 6891 11 13044 7101 17 5570 8577 54 6085 7601 54 1279 8498 79
10528 7346 16 9510 6105 16 8164 6627 35 3654 8347 71 1886 6371 69
11395 6389 7 8129 6594 28 4228 8411 73 6314 5343 35 2244 5522 81
9956 4299 7 9375 6877 9 6826 6113 29 3721 7248 74 2295 6120 73
12936 8151 12 13063 8179 29 9545 7864 37 2798 9370 91 3281 7327 57
10580 5726 4 10433 5710 11 6667 6857 35 4607 6348 44 1095 7668 84
12522 6706 11 12133 8413 24 7274 7037 46 5450 7320 56 695 7475 90
8953 5840 8 7558 6208 16 6822 6097 32 4950 6633 53 1926 5473 62
9751 5499 7 7314 4926 24 6597 5435 27 5602 7280 57 1833 6668 57
11681 6910 8 11147 6981 22 9115 9184 62 6229 6456 56 1366 8262 77
8269 3505 6 6791 3499 9 5614 7393 53 3570 4841 41 1773 6612 63
10482 4927 3 8818 6640 20 7196 5455 26 1842 9265 85 3564 6113 58
6340 5098 5 7286 3624 16 6244 6461 58 3832 5023 40 1197 7920 70
9584 6087 11 12896 9238 38 8440 7218 42 3930 6964 60 2815 6700 68
12176 6244 7 9620 5641 15 7659 7481 43 5069 8913 72 2419 6979 63
6243 3811 2 8477 5806 11 5958 5254 31 2817 6275 79 1604 7476 73
7026 5928 11 7990 4997 20 5810 4696 19 4514 4572 41 3871 7582 67
11842 5790 5 10049 6274 14 6225 7690 49 4306 5835 61 2463 6425 64
12507 5703 5 10058 6599 18 7418 6910 36 4555 5944 47 719 9120 88
12395 7854 12 11730 8977 23 7085 7987 58 4475 5269 60 1780 5904 67
11188 6107 13 10115 5784 10 5908 4906 18 4085 7127 65 1756 6636 72
10469 5174 11 7390 4855 14 6383 5052 29 1851 8154 76 3259 7435 61
9701 5153 3 10451 5582 13 5939 6262 30 3077 7045 63 909 7619 75
10555 6760 7 6565 6203 10 7922 5572 28 3864 7858 61 1311 7373 72
7552 4791 8 8172 4483 5 4339 9081 67 4822 5867 42 2804 6782 68
14895 8820 18 11240 8562 13 9973 7884 47 3339 7699 69 1795 7472 73
11624 6247 2 9528 5579 17 6368 4714 20 4307 8241 55 285 7783 83
11652 7045 12 12226 7146 18 7459 6596 49 3132 7046 55 2140 5428 63
11196 6734 6 9711 6505 19 6871 6188 44 5339 7846 73 1034 7501 87
13041 8224 12 11032 6748 16 7537 8328 63 2286 6890 72 2768 6969 48
13950 6122 9 9875 6039 11 6072 6819 33 4555 6437 54 1670 6302 73
13840 8682 16 9088 6121 17 6438 6684 45 4755 6990 56 2038 8914 73
10439 5136 4 8600 6263 18 7691 6913 39 5427 10166 69 2526 7259 67
11243 5359 7 8476 4707 7 7497 8342 63 6313 6598 48 1832 8060 88
13741 8916 18 12804 6959 12 6944 6703 41 4394 7873 69 628 7704 84
10933 6660 8 12227 7068 27 6747 5301 28 2136 9767 91 4342 5370 53
8012 5511 5 11744 6819 13 6609 8132 60 5316 7382 54 1688 5426 64
13290 6809 7 9986 7116 12 6423 9227 62 4725 6146 57 2266 7720 73
9728 6323 6 7559 4078 8 8260 7771 62 5276 6134 38 2597 6612 66
9052 5175 10 8630 5457 13 8364 7071 30 5578 6703 54 722 7653 83
13909 8762 12 12439 6819 15 8482 9729 66 5548 6147 61 1808 8029 76
7936 5819 7 7058 5506 23 6759 5182 34 4798 8976 76 3069 5686 61
7266 5279 4 8913 5301 17 5097 6086 46 4197 7248 57 3063 5711 56
11899 6039 6 12090 8039 17 9868 8270 51 3476 6382 68 1031 8079 86
12662 6627 14 10796 8126 29 7538 6706 50 3178 7383 58 2901 7152 62
9244 5825 5 10622 5632 12 6318 6993 42 4646 8772 74 1548 6568 73
14001 7138 7 10993 8212 26 8098 7316 55 5133 7973 70 1895 7879 68
9318 5459 8 5532 4143 7 4450 5957 39 5069 5065 30 2020 5693 75
10219 6735 6 10284 5132 14 7667 5382 27 2945 8944 85 2633 5828 59
5921 3372 1 6108 5101 14 4547 5160 28 6332 4561 36 2497 7280 77
12018 6402 4 9507 7112 28 7051 6849 47 5713 6719 55 1437 8668 78
10335 7878 16 10223 4526 11 5528 5500 41 3896 7756 60 1946 6358 68
8625 5592 9 9187 4949 14 7380 6475 30 5489 7452 50 599 8987 83
12729 6969 10 11146 7368 20 8637 7241 29 1713 9632 97 2112 6549 65
9481 5325 4 10136 5723 5 6646 6906 41 3934 9241 71 2412 7266 71
13931 8352 16 10135 7202 16 9566 9485 49 5634 6808 52 1377 6583 73
11862 5532 7 9582 4804 16 5450 5387 31 3213 7934 75 3525 7365 57
14942 7222 12 10899 8414 26 7655 7064 42 3774 6999 57 560 8734 81
9800 4783 7 11822 4980 17 5170 10667 70 3967 4908 37 2370 7378 62
8267 4900 2 7830 4076 2 5704 7894 63 5328 7103 65 2883 6157 59
10405 6123 12 9714 7929 22 6130 4812 48 4048 8261 83 3342 5693 47
11397 6838 10 10834 7504 10 5668 5102 34 3971 5746 62 2417 6556 71
14572 7776 11 12539 8039 17 8614 10497 56 3229 6070 66 2285 6600 70
13868 7339 14 14116 8589 17 8858 6809 35 2848 9444 81 1931 7498 74
14031 6631 11 13682 8810 18 5358 7253 55 3445 8181 75 1509 8504 82
13942 6720 11 12455 9126 32 5723 6129 34 3787 6553 56 1283 7366 71
7676 3792 4 11797 7333 22 5771 6843 47 5162 6072 48 1578 7154 77
12864 6668 9 10359 5680 11 6513 6646 39 2290 6682 60 1769 7739 75
10223 6130 3 12594 5817 12 7140 5375 27 3234 9205 94 1923 4978 53
8694 4638 4 8049 3051 2 5873 5143 29 1569 8466 99 3216 5338 43
12967 7586 10 9048 6444 16 5609 8635 80 3885 7509 65 3121 7927 53
13441 6758 11 11103 7732 17 6434 7823 60 4418 6580 61 1101 5467 70
10927 5005 6 10121 6517 15 6824 11152 84 4118 3692 42 2927 5837 63
10189 6342 6 8634 4573 17 6230 7049 43 6533 5945 34 412 7585 81
10762 4843 2 9890 6621 14 8010 7554 39 3788 5850 52 442 8420 84
8673 4417 5 8901 4765 3 7907 5618 45 4728 5808 47 2589 7725 74
8656 4335 4 8722 5621 10 6511 5998 46 3237 7676 71 2970 6081 57
13495 7509 16 10874 7300 19 8880 7597 31 3547 7729 80 2655 7396 65
10571 6658 6 10367 7041 15 10234 6458 23 2461 8578 74 467 7804 87
11688 7905 10 12797 8692 23 8362 5161 27 4867 6592 64 931 9013 83
9450 4946 6 10955 6667 22 7354 7018 28 4000 9628 85 2440 6729 74
14203 8165 9 10375 7176 9 7051 5754 28 4030 7317 71 2245 7363 76
13019 5518 9 9386 5699 22 5640 6671 37 4702 9735 70 3474 6007 54
8637 6053 11 9231 6078 14 7920 9164 60 4438 6927 66 3172 6525 67
11945 6755 18 12740 7728 19 8235 7648 46 5246 7469 55 1060 6857 77
9227 7166 17 10016 6265 14 5563 7441 60 4559 7328 57 4592 7452 47
7241 4501 3 7522 5721 17 5772 4534 30 3731 6128 46 1865 5957 65
10225 6711 14 10031 5386 11 4937 7071 66 4407 6974 39 3536 7492 59
10576 5179 2 6980 3677 13 5252 7420 42 3162 7358 69 2800 5476 56
11108 6324 4 12615 6663 10 7825 8954 56 5170 7286 50 998 8247 84
12882 7858 20 12441 7901 27 7289 7555 42 4422 6762 43 1337 8332 79
9575 5318 2 7418 5531 15 5414 4300 20 4488 7807 76 2992 6338 51
11402 7877 14 13081 8392 28 6914 7940 60 5493 8109 64 1342 6695 64
8864 4576 6 11112 7528 27 8291 4722 24 5172 8441 73 2133 7236 72
12627 5948 5 9143 5714 19 5481 6832 48 2880 9557 82 3289 5942 51
11221 6470 7 9700 6811 17 8822 7911 64 5390 7777 49 1386 7655 77
11202 6126 5 7835 5091 10 5737 8489 56 5709 5881 38 1402 8463 75
13240 8698 6 12307 6929 16 5205 8937 69 5054 6732 53 2131 6547 72
12997 5477 7 11291 8040 29 5835 6588 34 5077 8098 57 368 7686 82
9198 4691 7 12492 5846 19 5878 6194 41 3490 7079 62 1592 8679 87
10906 6219 6 10322 7705 15 6287 5476 26 3502 5726 53 355 7686 85
8952 5552 8 9930 5696 7 5928 6147 43 5100 5104 46 2554 7107 68
9209 6404 9 11883 7096 29 7068 9061 62 3041 8168 65 2102 6868 66
13734 7483 14 10252 7702 19 9357 7358 54 4373 7864 58 1295 6177 83
9099 4046 6 8452 6513 26 6214 6010 43 3733 7955 60 2058 7182 64
9602 6691 6 10052 6365 19 5247 6371 43 5338 5601 62 2251 7261 67
8950 4719 8 8123 4904 9 5626 6125 49 3218 6280 60 1287 7491 70
11264 5874 11 12915 8075 16 5482 9099 73 4284 10944 81 6025 5518 29
9172 4686 8 6104 4377 17 4795 4023 29 3959 3508 33 2085 8049 64
11307 6831 13 11881 7789 20 7676 7359 49 7192 6807 38 210 7998 90
10438 5707 9 8151 5164 14 6026 5848 34 3683 8787 84 2968 6869 62
12072 6649 9 9587 5428 6 4878 5804 43 4288 7403 57 2045 7957 69
11210 6609 12 13962 6889 13 7824 7306 35 2930 8580 82 3255 6855 65
12100 7076 6 9123 5056 9 6490 6043 34 3815 6983 57 991 8847 81
12500 6306 8 8563 7965 28 9788 9012 65 4035 9279 86 2935 5849 47
9707 6183 7 8506 5867 30 5798 5432 30 4412 6482 40 986 7955 74
10060 5396 9 8340 5356 11 6155 8224 51 4614 8279 67 2173 5761 62
10639 6297 7 10845 5990 16 8417 7847 58 4169 4966 41 107 7279 84
9649 6289 2 11735 7885 32 7599 8336 50 5928 6918 45 1379 7086 74
13199 6892 11 11362 6990 26 5671 4498 36 3432 7036 66 1251 8233 84
10627 7484 11 8960 6609 18 7112 6519 50 4049 4204 38 1596 8131 72
12746 6234 9 11885 8158 31 9282 8489 37 4799 8333 69 2205 7536 68
9747 5904 6 9771 6494 16 7286 5254 21 4377 6449 59 721 8407 84
11831 7130 9 9677 6261 12 7984 9328 71 2769 6811 58 1643 6952 65
11343 5064 9 8685 4968 8 8393 7731 36 3927 5211 36 137 8398 91
9848 6654 10 9954 5734 15 5592 7097 46 3003 6533 68 4254 6669 53
12533 7010 8 11979 8829 27 6272 5837 38 6099 7324 47 796 7741 87
12847 6434 6 12033 7969 22 6572 8654 54 5586 8045 52 2171 7394 85
14282 8783 14 14509 10171 39 9072 9634 62 4106 7832 61 1775 9372 83
5059 4065 4 8050 4888 6 6636 5830 44 5876 4937 50 1489 6960 65
12770 7145 4 7888 5952 8 5964 9536 76 5231 5022 44 2984 7870 71
9389 5922 16 8676 5588 29 6249 8405 52 5117 7642 53 2224 6584 71
10379 6705 8 11841 7068 17 8328 9805 61 6961 5406 38 319 9614 85
7792 3546 2 10082 6979 12 8205 7807 59 5154 5064 51 392 6998 85
7538 3886 4 8755 6099 15 5998 6665 44 5108 5161 30 609 7431 84
12001 7617 7 9876 5381 13 5655 5501 36 3127 8570 75 1282 4717 60
11313 8437 10 9788 6814 28 4623 5056 33 4896 7042 62 2386 6076 62
13023 5659 3 9963 5352 14 6376 7682 38 2745 8543 68 1572 6597 72
11916 6326 9 9361 6975 24 6722 8554 60 4521 8153 64 1972 7109 63
8281 4631 10 7731 5078 11 5480 4579 22 2378 6334 57 2709 5372 53
12136 4833 3 9238 9775 31 6961 7615 65 4233 8998 87 1571 6580 58
9626 6698 9 10738 6957 14 7203 7290 44 4738 8617 56 1977 6503 68
7335 4454 6 9832 5790 15 8112 4144 9 3615 7929 68 336 8094 82
8535 5691 8 7453 4802 16 6697 4992 21 4532 6883 53 1533 6167 62
15694 8539 10 14999 9627 28 8873 7112 40 3689 8601 77 903 6573 86
15777 9105 11 10221 6260 21 6396 8833 65 6104 6708 45 1516 8503 82
13922 7970 11 11152 5415 12 8951 7244 39 4206 7591 72 785 7091 94
7051 5270 11 9300 7735 24 6850 5846 29 3645 6535 56 2414 5907 61
11109 6905 13 9625 5245 14 5877 4870 35 7597 6624 47 1973 7266 76
7830 4272 5 9419 7419 25 6103 5275 40 3342 6843 82 3674 5562 42
8434 5216 5 12524 7929 24 6950 6976 46 3879 6429 63 2243 6946 65
7413 4411 5 7333 3177 6 6725 6914 31 5491 7616 57 2088 6454 61
12358 7907 14 12681 8156 48 5876 7346 57 2574 8368 88 2738 5163 50
10727 5709 2 10516 6871 21 6055 7583 39 4480 7512 68 2264 5301 53
12965 7505 15 9989 5227 8 6213 5558 41 4652 6439 53 1480 6877 74
7519 3717 0 9827 7154 12 6525 6943 36 4011 8282 79 2629 6437 71
6615 3682 4 8147 4871 11 5276 3558 26 3473 6306 50 2447 6103 59
11248 6958 8 10992 7091 14 8092 9161 61 5583 6295 46 10 8741 83
8677 5217 7 9476 6155 15 5396 5011 34 3279 6286 59 1431 6545 61
12860 7968 5 12637 6430 18 8848 10154 58 3648 10073 82 2726 6346 64
12255 6524 10 7158 4783 14 8230 6512 47 4633 8544 75 3043 5861 63
13897 9053 13 10997 8079 24 6869 5513 40 3691 8016 77 1227 7197 75
18159 8460 16 12406 6948 19 10325 9833 56 4316 8317 79 605 8840 87
14342 7178 5 14716 9443 31 8371 7841 46 3573 8088 76 1697 6986 76
8523 5112 3 10478 7438 39 7784 6938 39 4381 7016 60 1478 7660 72
10120 5924 3 9713 6569 13 7284 6960 37 4441 8012 62 1830 6531 76
12308 6763 11 9829 6088 29 6463 6844 50 3536 5700 64 894 7532 79
12288 7578 17 10794 7300 22 7502 8441 53 4812 6157 40 1464 6089 89
10869 6886 8 10896 7390 22 6874 8143 57 1575 8961 106 5086 6476 42
14321 8411 17 10753 7374 12 8508 7021 49 3919 8114 65 342 7350 83
9060 4176 9 9302 5621 10 6542 6578 44 6023 7768 61 2046 9404 75
12089 6578 13 15418 10372 32 7772 7302 50 5268 8733 85 2088 6359 68
11293 7198 12 11316 7200 12 8846 8129 34 4928 8088 73 1218 7579 79
11046 4877 5 12048 7073 19 4380 5617 42 3959 6997 65 1033 7234 82
10914 6789 9 8050 5774 17 6264 6110 26 3029 7074 70 2005 7713 66
13998 7317 12 12065 7516 19 6218 7200 40 5461 7768 80 3235 6953 68
9782 6095 9 7629 4793 11 4686 4301 14 2969 5113 44 2304 5851 53
12459 5973 14 6288 5953 23 7210 5830 17 3873 5344 48 828 6457 80
9020 5812 6 8971 5874 21 8004 5074 14 4539 7011 62 2205 8383 72
12451 6070 12 9336 7900 24 7398 6850 26 3475 5625 58 1842 7287 73
9834 5345 3 9150 4835 12 6955 5781 31 2117 8673 69 3267 7867 59
9343 4644 8 9286 6118 7 8071 7334 41 4800 7516 57 1396 7175 81
12341 5428 6 9324 7639 22 6426 8318 69 5015 7870 64 3202 7511 63
6786 3587 1 9530 6258 22 6642 6661 45 4056 5902 41 2330 5100 78
10063 6797 6 9606 5629 8 6853 7965 61 2866 6648 62 3362 5730 44
9901 5211 4 10553 5597 14 6898 8964 56 6062 7300 47 1211 8923 80
16161 7829 9 9280 5917 9 8328 8783 47 4751 8920 68 1949 8692 80
10743 7396 15 10823 5586 4 7703 9027 68 3300 7945 86 3397 3978 29
12436 7073 10 12361 7992 21 5389 6368 47 3728 7264 61 1784 7202 70
11381 6247 18 9366 6213 23 7615 7223 43 3711 7237 67 2626 6003 62
10784 5218 6 9732 6650 23 8397 6906 48 5553 6035 37 946 7753 82
11890 6263 13 6077 5077 5 6546 7416 53 3963 8403 76 1610 6524 71
12028 7031 6 10441 6775 20 8416 7127 35 3376 9423 85 3546 6543 67
10006 6507 9 9352 5830 29 8238 7599 50 1646 9895 89 4093 5726 39
12286 6663 12 11044 8445 17 7421 7940 38 3058 9576 92 3910 5618 53
9744 5634 2 9454 6771 14 7296 6523 36 6648 7878 49 2363 8118 76
9924 6302 10 9788 6012 19 7184 7242 29 3281 9016 87 2879 5653 53
9920 6225 4 8654 6428 16 5068 6255 49 4708 8153 66 2102 5794 55
8647 4809 2 9369 7261 19 8125 5485 35 4340 7927 69 3339 7158 63
9517 4276 4 7947 7028 13 5184 4584 33 2837 8630 67 2951 7239 61
9078 5825 12 6238 2902 13 4828 3892 30 3404 5580 62 2703 6352 47
10449 5227 15 8190 4831 14 6118 5136 35 2759 7643 76 1878 5258 40
15303 8573 15 13552 10639 38 8375 8827 56 5382 8200 72 1497 7993 79
13652 9395 21 10661 8418 23 7747 7257 65 3081 9539 89 3986 5059 61
9209 4833 2 10149 7543 20 7213 6907 44 5537 6942 49 1447 6821 79
13792 8176 15 10632 5068 7 7345 6399 40 4153 8666 80 1588 6250 70
12837 5468 10 12291 10287 32 7807 7457 55 4287 8650 80 2169 7193 67
10982 5304 8 8661 5793 14 7102 6461 46 2928 8269 57 1935 5990 67
10470 5968 10 10473 5900 16 6103 4963 37 3200 9029 84 3429 5663 44
8576 3598 4 8245 6402 15 5811 7396 47 4175 8947 85 5094 4144 34
10545 5122 9 10212 6546 17 6894 6664 60 5184 10451 82 2217 6534 62
13881 7437 6 11171 6581 20 7317 5104 24 3144 8220 82 1718 7501 56
13988 10175 17 13118 7220 17 7507 10557 73 3021 10155 89 4832 7024 43
8557 5409 4 12120 6352 20 6189 8104 71 3642 6051 42 1859 7271 73
9925 5828 8 8400 5999 19 8425 5505 26 3102 6241 56 718 7342 81
11622 7068 11 10463 6651 12 5545 8094 57 3701 7230 65 3610 7181 56
11525 8169 17 8665 4635 13 5192 6098 31 5043 6629 49 1138 6600 66
9398 4901 5 5240 4324 15 6133 5457 35 3315 7567 70 1885 7280 69
12721 7137 11 8894 5854 12 7017 6096 28 3951 7021 57 2387 6946 78
11701 6335 2 9574 4729 7 8146 8835 52 4961 7031 51 647 7633 81
16082 10269 20 14315 9830 29 8350 8695 51 4705 6782 56 778 8385 88
11158 6694 5 10586 7093 12 6709 7199 62 3177 6972 77 2199 5853 54
13214 6818 4 13311 7555 26 5958 7275 50 2584 9943 80 2182 6519 70
10542 7060 7 12667 7269 16 6796 6478 50 2704 7235 94 2711 7739 68
12382 6522 11 11642 8342 26 7955 9427 62 4689 7587 50 2206 6714 75
9551 5910 6 8360 6001 21 6663 6464 35 3179 7094 66 2655 7894 68
12520 6948 14 10059 5153 16 7859 8087 46 4673 7376 54 3262 7013 64
8839 4022 4 9064 6074 16 5631 4785 21 3523 6985 63 2753 5693 42
11846 7425 9 9881 6150 24 6111 5339 31 6496 8120 54 1221 8818 84
9754 7273 11 11961 6433 8 8008 8610 61 5349 6236 47 1425 8316 68
9342 6415 11 8948 6213 10 6189 6366 35 5620 6444 57 1394 6767 75
10872 5494 5 8944 6154 6 7415 6712 43 3095 8017 73 2605 5839 66
11498 8177 22 12132 9206 45 7616 7731 24 5385 7081 60 778 7936 83
9616 5769 8 7305 5439 11 6312 4414 23 3965 6846 67 1498 6738 75
10313 5092 4 13135 7575 22 6194 8441 68 4774 8980 63 2787 7005 69
12299 6954 9 9387 6165 22 4633 5148 35 4340 6532 59 2802 7091 60
9070 3735 2 10631 7018 16 6809 8718 71 4367 5551 56 2941 6234 62
15875 9247 13 10739 7856 22 5182 6650 43 3610 8777 68 1243 7838 81
13112 8023 8 11277 7138 20 5373 7541 61 2984 9670 94 3683 5003 40
6804 4378 2 7567 4030 6 5614 4443 15 2169 6270 48 2414 6478 71
9001 4748 3 9743 5318 10 5683 6774 43 3786 8598 67 3610 5477 43
8952 5469 5 10990 8259 22 6633 6083 35 3842 7360 65 1605 5378 62
10731 5095 5 8705 5474 11 6773 5538 27 4618 6989 64 1175 8695 79
14061 7545 9 14753 10688 44 5758 11132 94 4869 7330 73 4940 5588 28
11423 5438 6 10380 7940 23 6545 6025 35 5356 7059 62 3811 7533 61
15001 6689 10 11964 8713 33 8572 7916 56 4463 6707 56 347 9460 89
7861 4489 4 6394 4081 10 6450 6220 37 3323 5959 63 2907 4991 45
9669 7101 8 11716 6783 18 6594 7056 46 4434 7940 72 2634 6861 69
12943 8165 8 10202 7817 24 8648 8228 44 6225 7044 52 1281 7594 71
11122 4936 9 6815 6264 30 5113 5633 25 3660 7755 68 2858 7747 68
9544 6695 6 8884 5745 15 6650 4511 21 3592 6564 57 1739 6525 64
12070 5856 8 10014 6835 21 9014 8008 40 4483 8536 67 2971 6305 62
9425 5276 6 10845 6849 21 7033 4341 19 4161 7868 64 1949 8648 70
7328 4012 4 6227 3235 8 7113 5232 40 4141 4950 38 2298 7629 67
15475 8058 13 11324 8601 36 6724 8811 50 5232 8490 76 2679 6898 67
12015 6673 11 6838 4396 9 6667 6729 41 2961 8243 87 4711 5288 49
12744 5968 10 8354 5549 11 6044 7590 50 2443 6741 68 1676 7184 66
9951 4566 2 13214 8179 24 8528 5938 12 4138 10639 77 1848 7619 82
11584 8398 13 13182 7896 27 7894 8780 46 4720 9021 71 2810 6023 61
16174 8761 11 10617 6445 21 5669 8314 59 6920 5479 36 1303 8793 87
11158 5790 3 11176 5979 15 6310 7703 58 4264 8212 60 1543 8294 74
12785 7788 14 11165 7306 13 7919 8346 47 4400 7249 69 1863 7430 78
10890 6986 7 8838 5198 22 7747 10359 53 4555 4908 46 2532 7127 69
10946 5537 8 8975 6628 11 8559 6946 20 4215 8913 82 1836 7807 66
10243 5415 5 10534 8152 34 7107 7064 39 5099 6976 47 1053 6621 82
9606 4436 2 8530 7287 17 8037 7239 40 6169 6409 49 1822 7579 75
14494 7790 11 10996 8197 26 8362 6912 41 6168 5560 47 1117 8213 86
17171 6602 9 9408 6920 24 5318 10541 82 6294 7053 48 2248 6938 67
9723 6041 8 12266 7405 15 6892 6185 39 6606 6365 41 312 8666 89
5828 3315 8 9447 5804 7 7520 5838 41 3276 6439 54 1466 7735 70
13459 7788 12 11694 8424 27 6891 7701 52 6648 6488 52 662 7905 89
11859 5480 5 9385 6043 5 6897 7531 41 3471 8374 79 2288 6288 70
11551 4823 3 8519 4580 15 5319 3872 13 2457 8660 80 1576 6872 74
8037 4757 7 4565 4835 13 6692 4832 35 3251 8561 69 4272 5924 41
11273 7478 9 11497 7920 25 8644 7484 38 3126 6865 83 2842 6602 65
9280 5561 4 10878 7022 19 9309 5973 29 3985 6785 67 1504 7716 81
9790 4408 1 8953 6371 13 6406 5173 36 4701 5501 55 864 7799 82
13174 8304 8 9971 6102 12 7337 7430 47 4690 5683 54 1722 6750 79
10757 5925 8 7943 6771 23 5386 5844 49 2596 6453 58 2838 5458 52
14544 5619 6 9021 8382 28 6682 9528 78 6000 4605 25 2013 7652 64
12077 6260 7 7798 5290 7 4803 6966 51 4532 7043 47 1499 7346 84
9339 4994 4 7944 4069 8 7139 9138 56 4920 8505 71 1881 8522 73
13582 6925 9 13815 9703 24 6617 7860 61 4935 8875 66 2091 8124 79
10021 5600 5 7001 6967 12 7140 6051 34 4608 6805 60 1906 6404 62
12312 8642 13 11391 7867 31 8539 7558 34 2985 10349 86 4590 4517 39
9339 5400 6 7992 5552 18 5736 6782 46 7250 5256 39 657 6924 86
10269 6030 4 10507 7133 18 7543 7417 54 6084 7447 67 2798 7310 76
13193 7699 10 8782 6691 24 9916 6220 45 5253 8531 57 1200 8477 82
11813 5432 3 10071 6924 18 7340 7612 49 5061 7473 68 1804 7508 74
11113 6475 10 10725 6397 20 6175 6804 47 4334 6275 65 2955 6371 65
9962 5850 4 10922 5868 16 4044 8810 70 5022 7032 54 3160 4843 42
10542 5082 4 8813 5943 9 6800 8424 49 5729 4212 35 1165 8764 80
10893 5719 9 9304 6421 11 7255 5634 28 5582 7123 46 1111 7457 82
8220 5795 7 10293 6610 22 7226 6724 28 4059 7097 63 1575 8309 73
11232 5604 4 10406 7097 12 6184 5965 31 5361 7355 64 2068 7813 82
15455 9127 15 12645 10091 35 10021 9637 73 4222 7782 73 1714 7483 80
13029 6551 6 9582 6355 6 7424 8066 58 5116 7915 62 686 7204 83
11718 6168 8 13159 7511 22 7080 8690 57 4644 7720 71 1215 7093 79
10548 4946 10 8768 7134 24 5087 3753 25 5014 6564 59 1996 7450 69
14018 7358 6 10615 9468 44 7634 7040 34 5441 6866 58 2607 7514 75
10771 6579 5 10183 5806 14 5657 8124 61 5087 6866 57 1716 7284 69
11889 5822 12 10238 6434 23 7800 7569 49 3789 6014 56 896 7861 81
9680 5420 14 9972 8131 26 6873 7873 41 3630 6487 57 2003 8630 65
10772 5992 10 7271 3988 6 6219 4901 28 3207 8103 79 1439 7355 73
10285 5046 7 10986 7773 24 6402 5742 38 5024 8332 73 1892 6570 70
10308 4553 9 10459 8087 23 8095 7720 42 4734 7099 57 2928 5401 64
11256 6220 9 13124 8229 31 7318 9354 66 4646 6460 54 2029 7222 74
7412 4156 11 7934 5462 18 4369 5424 35 3116 8723 77 2624 4762 37
11668 7053 19 10992 5339 17 7526 7315 51 4260 9748 74 2111 8023 67
7646 4516 3 9335 6283 11 7974 7991 45 3704 8196 77 3083 5059 50
11751 6954 9 12779 6702 17 6514 8685 56 5505 7510 64 289 8446 92
11835 7248 9 8112 5762 16 6077 6083 45 5049 7225 68 2121 5179 60
13374 8619 19 8361 5276 20 7533 7998 50 4461 6105 63 2337 7026 67
11928 6359 6 8691 6147 19 4454 4591 38 5174 8751 69 3163 5600 57
14228 7355 8 10516 7560 36 7257 9449 59 5841 5310 36 2729 8654 81
10749 5824 9 7809 5790 12 5715 6686 38 3632 8304 79 4805 5297 38
12912 6302 8 9970 6249 10 6670 6502 39 3250 9239 83 3363 5612 61
8583 5358 7 10144 5677 10 8638 6032 26 3180 8188 62 2366 8650 79
17743 10157 17 13938 11284 40 8050 9920 50 4069 7496 76 1240 6176 72
10070 5518 7 9219 6452 23 7509 6640 42 4759 7040 66 2055 7368 71
9247 6017 11 9053 6409 9 6785 5896 47 4119 7796 70 3023 7228 63
9642 4488 11 10847 5704 14 5668 9319 58 3549 7767 58 1705 5310 62
10553 6150 13 12514 7188 12 7554 6096 37 4410 8313 62 1104 7964 78
11773 8135 8 8159 3604 8 6886 6972 50 6393 6574 55 1094 6515 72
11003 6226 13 12442 8040 22 7568 9079 78 4538 7579 64 3675 7175 68
7915 4642 5 9956 5419 12 8794 6080 21 3122 8160 78 1851 7830 69
10820 5709 6 11160 8725 24 5596 5641 30 3764 6495 57 2019 5809 68
6886 5522 9 10717 6837 15 7821 7006 34 4182 7499 73 3322 8036 64
8882 6028 6 8236 4684 14 8328 7566 48 5776 7122 48 567 7605 84
11886 8522 24 13835 8249 35 6630 6095 30 6948 7936 55 962 7660 81
9680 6385 15 9570 6733 13 7020 7178 45 2794 7728 77 3245 6874 58
8504 4032 4 6147 4461 5 4442 5297 39 5495 5887 48 2015 6681 61
9899 6275 8 9872 8086 24 7304 7693 64 3894 9063 76 4603 5883 56
9443 5890 5 8042 4196 11 7261 8910 58 2853 6983 51 2855 7554 60
11402 8023 18 11447 6014 12 6118 5849 42 4475 7221 54 771 7013 84
13567 6654 11 13702 9151 18 8798 8469 33 4539 7252 77 1376 8449 76
8674 3592 5 9048 5802 8 7140 7138 30 2998 7410 65 1879 7265 72
9275 4608 0 7573 5946 25 6219 7262 65 3399 5535 39 2064 5765 72
12521 6951 7 10450 8544 15 6082 5383 35 4553 7451 68 2506 6718 64
9301 5487 10 11239 6975 16 5134 5423 36 2936 5311 56 1793 8468 71
10281 7142 10 9723 5543 9 6267 6324 54 3973 4897 42 1965 7098 72
12354 7000 6 11212 6600 20 6739 6263 41 3295 8133 78 1820 8666 73
10761 6630 6 11291 6419 13 6640 6158 37 6968 7324 54 495 9504 85
11880 6470 10 9315 6446 17 7463 8953 52 4045 8302 71 3225 6996 61
10806 4949 4 9443 5240 17 6379 10188 70 3993 7791 80 3323 4913 39
11081 7699 12 12306 5975 15 6539 4733 20 1126 10470 109 4079 5478 38
9630 5127 6 8393 5838 12 6706 4073 24 2449 6169 71 1905 6263 64
8845 4485 9 8461 3993 10 4744 8494 57 4597 6192 60 3155 6231 64
12154 7112 5 9703 5529 7 5338 8477 66 3543 9567 76 4377 6163 48
7867 5202 12 9735 6792 20 5559 5209 43 2529 7047 82 3266 4977 32
10843 6759 12 10656 6303 34 6018 7571 52 2910 7131 63 3713 6261 44
10861 8043 12 10627 5300 15 5281 6641 51 3560 4984 49 2342 7072 67
11595 7081 8 10295 6722 17 6485 9092 61 3132 8835 69 3829 6241 52
10529 5473 11 9467 6094 20 8422 5966 52 4244 6978 65 2335 6054 60
7983 5321 3 9685 5619 10 6587 6844 45 3171 7679 66 2204 5973 75
8415 5750 5 11170 8991 32 7579 5864 27 6728 4741 30 726 8519 92
10630 6292 7 9418 5050 6 6591 6183 32 2751 8250 64 2642 6733 58
9541 5742 9 8128 5477 15 5059 5281 38 2638 4842 46 2263 6255 55
12137 7322 8 11717 7207 22 6979 6056 35 2644 9797 92 1962 8442 73
14189 6751 5 11793 7164 23 6343 9855 77 2690 5254 44 2678 6184 64
11952 7572 12 9848 7495 19 7641 6676 39 2788 8019 77 2915 5977 73
12621 5869 9 8421 6729 22 6942 7416 33 5407 6476 49 1447 7023 85
11733 4489 7 13585 7841 19 5634 8265 56 4271 6092 48 2320 8040 81
11038 5745 4 11795 8061 18 7536 6013 29 4566 8767 71 2294 6333 70
9664 6954 7 8861 5710 10 7207 6299 47 2144 7345 68 2349 6956 67
12929 6566 6 9336 6204 15 9700 5591 30 3215 9058 71 2926 6117 60
13246 5546 5 11011 7123 16 5983 8099 47 4000 6931 59 1708 7277 84
10113 5780 6 10603 7166 11 6913 5061 39 2242 8064 80 2244 8542 71
11865 6979 10 10833 6799 21 6448 8102 65 3308 6361 65 3093 6458 53
9985 6338 11 8867 6162 24 7532 6169 19 4803 6437 51 687 8626 80
12386 8236 18 12844 8465 29 8955 6113 32 6388 9268 69 932 7995 81
15265 9707 14 15615 11660 44 7016 9006 59 5541 7338 64 1544 8046 82
7169 3911 4 7607 3579 1 8357 6667 25 4875 7381 57 2365 7450 61
9964 5179 10 6726 4488 10 5477 4204 30 3781 4874 38 1287 6460 67
9443 5669 8 8714 6039 16 7924 5128 25 2790 9386 82 2854 6062 52
12346 7756 11 10989 6551 21 8483 8066 53 4384 6137 52 856 7971 84
9145 4031 6 8172 5702 7 5841 7541 54 4700 6357 53 2948 6349 61
12060 7771 14 13925 7287 19 7707 7076 38 3087 8697 83 2668 6913 70
13948 7690 17 8861 6739 30 6568 7004 42 3418 9273 89 3474 5685 47
10562 6531 12 10061 6099 19 8962 6115 23 4477 7088 70 1884 6235 62
9665 5697 5 11133 6425 20 7477 5539 26 4164 9274 69 2858 6842 70
10364 6974 11 10052 6736 28 6766 8174 43 3035 6663 56 1741 7680 73
10498 4527 4 7723 5752 15 8320 7818 51 3859 6561 66 1387 6586 72
9742 5219 1 7283 4743 25 5387 3526 14 5225 6640 67 585 6627 76
13641 6335 8 8970 5331 12 5843 7755 49 5385 7034 58 1924 8013 73
10906 6997 13 7938 5831 32 5553 8441 58 6023 4252 27 2311 8057 74
13379 8249 13 11511 8994 31 7001 7509 54 3045 7399 85 2630 5326 54
9336 5824 10 12232 7207 23 4754 7427 67 4177 5329 62 3314 6416 58
11212 6237 6 9933 6923 18 7703 9015 64 4969 6534 54 1573 6511 70
13766 7064 17 12371 8657 22 8514 6492 41 5238 7025 57 1078 6781 79
8837 4833 8 5662 5245 13 3366 4102 27 2317 6453 58 2764 5206 49
14379 8114 10 13102 8813 26 8798 9120 53 3817 8560 86 2985 6690 69
10155 4330 8 11285 6829 13 5713 6726 41 5880 7168 42 818 8623 85
13556 6949 10 10362 8233 13 9250 7506 41 4098 7618 60 1189 8445 78
11138 6204 4 11490 8568 26 9046 7721 57 7182 5498 42 2033 8577 77
10465 7251 8 12148 8679 29 4720 7809 46 6616 6535 49 225 7406 82
7209 4590 1 7329 3378 7 4739 6098 34 4374 6698 50 407 6859 81
11948 5609 4 10428 8549 34 9489 9358 48 4234 6225 54 2733 8452 70
10717 6138 5 9062 6566 20 4675 6592 39 6041 7004 50 1230 6253 69
10942 7369 6 9811 6270 9 8001 6478 39 4292 8795 81 1822 6463 72
13545 8189 15 7668 5931 16 7628 7150 44 4139 7084 64 2503 7429 64
8623 5866 9 9284 5641 13 5941 4594 21 4031 8581 73 2060 6772 79
10827 7065 9 10127 6544 16 4716 5488 39 1723 6739 70 3268 5243 46
9844 5830 8 13837 7814 19 6190 6469 38 4255 7798 66 2420 6871 70
11176 6086 7 9037 5144 5 6023 5760 38 3297 9566 90 3392 7304 73
7429 4629 0 9463 6491 18 5802 5018 21 3951 7835 75 2625 7585 66
11266 7486 8 11021 6166 24 5638 9223 60 3296 7485 64 2977 6269 55
12872 9548 17 10759 6887 17 7230 7283 46 5111 5362 52 491 8720 85
14753 8458 18 11216 6510 26 6674 8970 69 3121 9099 77 4444 6135 56
11299 6543 13 10930 6718 21 6413 5714 29 3472 7676 79 3005 7762 73
11900 6718 11 9940 6118 8 6053 9714 72 4689 5034 54 1664 7427 77
9824 6904 14 10694 7077 24 6560 5731 33 5060 7374 56 1563 6746 73
10370 6572 5 13244 5666 15 7976 7065 49 5601 6781 66 1608 8335 77
10552 4826 4 10047 8956 36 6887 6029 45 4815 5624 38 2235 6499 66
10373 5222 11 9987 6391 16 5153 6464 43 6442 5723 48 188 6546 87
14780 8213 14 11128 8530 24 9429 9186 48 4842 7669 71 383 8484 85
9982 6752 6 9018 6436 19 6843 7749 70 5308 8072 55 2567 6690 74
10980 5902 7 11744 8738 31 7627 6756 37 4145 8794 82 3483 6692 53
11123 6762 11 11954 5668 18 6025 8556 52 4064 8485 79 2821 7227 65
12060 6687 10 10775 6663 12 7110 9169 56 3581 8856 74 1415 6080 65
9567 5638 14 10660 6894 16 7833 5385 26 3108 7348 73 2489 5940 68
11459 7427 6 11295 6351 14 5864 6205 52 6517 7763 54 612 8289 84
12444 7333 12 10015 6947 19 5831 5540 37 4422 7314 67 1082 7872 74
10850 6372 17 11971 7849 21 6880 8240 50 2405 8277 69 2893 5454 51
11823 6488 15 8941 6790 16 7002 4115 16 2742 6649 78 948 8422 77
9318 5561 4 7487 5914 14 5964 5979 32 5479 8280 56 1396 6103 70
11979 7325 11 11855 7860 27 5557 7457 50 2681 7386 75 3155 6618 57
9258 4860 3 9121 6587 27 5764 6446 53 3987 5921 53 3333 6249 60
12075 6438 7 9343 8798 31 8553 5457 34 4704 8232 62 1027 7327 78
10874 5102 6 9403 6722 21 7463 5950 24 4002 7316 52 1136 7029 76
11496 7932 17 10539 6940 13 6562 6916 40 3418 8025 73 3551 7463 63
14378 8735 9 15697 10201 36 7535 9467 69 6063 7568 56 1071 7259 85
12301 7150 3 9410 6805 11 9221 8762 43 5742 7669 63 1772 7808 86
5689 4020 12 9137 4501 11 5577 5085 30 3462 5840 45 2895 5687 53
12028 7650 10 10252 7191 25 7328 6308 39 3914 6222 67 1046 6953 80
11665 7459 5 13925 8907 28 7276 8892 60 5437 8086 66 1727 5922 72
11216 6340 7 11725 7260 17 6403 3855 11 2849 6989 72 922 7380 78
10563 5260 4 6230 5512 18 6687 5524 28 4493 6249 59 1689 7311 73
11102 6755 7 11916 7589 15 9415 8390 52 2842 7585 83 2155 7502 58
14612 8045 9 13794 6450 19 8163 9959 66 6459 5944 30 531 8350 87
11227 6825 9 12519 9480 34 5683 6569 48 3804 7743 60 3200 6758 70
10711 5078 6 6645 4053 11 6334 5525 23 4308 6370 56 750 7573 77
13011 7893 15 13052 7710 15 9121 7933 63 5328 8687 56 1348 7441 70
12146 6921 8 9373 5609 14 6802 10750 68 5421 9016 65 3537 6643 69
8433 4345 3 9054 6447 25 4924 4699 20 3659 7963 70 3423 6636 49
10482 6141 6 13886 8098 14 7999 7450 46 3866 7864 58 1946 7917 65
10569 6415 8 11111 7584 20 9353 7505 26 3152 5616 45 974 7992 85
13786 6822 11 11376 7712 26 10267 7088 43 2150 8804 81 3533 6689 67
10418 5510 6 10272 7238 14 5848 5600 38 4645 6366 50 722 7078 84
10658 5493 12 9328 6149 23 7769 6365 27 4048 7223 61 2919 7057 65
7053 5327 6 9117 6100 39 7925 5410 33 4243 7668 67 2628 5147 40
9922 6917 7 8183 5190 9 6761 6734 37 4431 6016 50 716 6977 86
10240 6047 9 11735 7090 22 7494 6021 53 4298 6099 53 1906 7195 61
10998 6123 17 9981 6278 13 6958 8096 38 6537 7513 52 766 8164 84
13903 8421 16 12347 8146 23 7605 8129 49 4878 6803 56 1546 8087 84
15108 8745 13 12463 8528 30 7848 8591 72 3781 6651 62 2470 7020 56
8094 4790 4 9678 6013 21 7602 6807 37 3559 6346 66 2218 7795 61
11677 6806 15 10932 7310 19 7926 5965 31 4300 7823 61 1168 7333 77
8534 3336 3 8023 7547 11 4331 2807 13 2704 6476 67 1534 6644 58
13145 7071 13 9407 8637 36 8234 7362 49 3919 7196 57 2603 7343 72
14175 7207 13 13920 8214 20 8278 8424 36 4960 9119 87 2187 6419 75
11526 5466 11 7654 6414 17 5924 5433 48 5840 7102 54 896 6613 82
15783 8026 9 13640 10820 34 7843 7782 60 3672 6489 57 2398 6934 78
11227 5583 10 8468 5183 21 7744 6430 36 1888 8300 82 3503 6954 47
8391 5302 7 11034 6710 17 9511 7220 38 4140 7852 81 2891 7871 66
13300 6647 7 10530 7125 21 6852 8754 41 3640 8989 72 1494 7378 69
10165 5855 4 10400 5904 15 7591 5997 31 3624 8547 78 1365 6767 81
10451 5510 8 8767 6223 26 6395 6787 41 5155 5182 45 1532 9107 74
14865 9370 17 10525 6663 15 7254 8243 58 4688 6953 51 2992 5833 66
13002 6240 9 9374 6268 11 5669 10363 69 5933 8500 58 3569 6382 64
8554 5444 8 8981 5539 11 5611 4414 41 4611 5229 41 949 6681 77
14654 7699 14 13442 8973 25 7103 11698 84 5332 7584 65 2472 6724 70
10444 6677 6 11155 4734 12 5977 6744 43 4839 7265 54 519 8725 82
12740 7039 9 9960 7205 14 7862 6754 52 5604 8207 74 405 7345 82
5747 4058 3 7040 4534 17 7805 5253 15 1442 4653 50 3460 6903 50
10893 5074 4 8873 6221 10 5789 6882 54 6857 6661 46 499 8464 83
13115 6942 9 8513 7203 31 9548 6323 45 3330 9156 81 2068 6465 69
10753 6564 12 8467 6183 22 7663 9091 48 2815 8377 91 4940 3511 37
12792 6088 9 10313 6801 16 5278 8862 67 4968 6794 56 2825 5660 76
12227 6709 15 10884 5992 17 6875 8000 59 3211 7262 66 2627 6837 64
10857 4844 7 8105 6789 24 6351 5319 31 3709 7409 68 1301 6371 57
9550 6925 9 13833 8025 32 6192 7085 46 4935 8233 71 2900 7102 62
7665 3753 1 9277 5373 14 7264 6567 26 3588 4585 35 356 7789 87
10105 4377 7 9297 6917 15 7142 4685 23 5683 6846 44 659 8678 83
11568 5188 13 8987 6690 9 8010 6753 36 3954 7330 58 1503 7370 73
9079 5688 4 10059 6958 26 5678 4696 18 4448 7413 60 286 7591 87
11245 4992 8 9504 5876 18 7156 5918 28 4974 7506 51 1075 8705 86
13505 8289 9 12494 9774 30 7664 7418 38 3759 10221 73 2185 7856 69
10024 6243 13 9192 6407 16 8384 7029 55 6326 6472 41 868 8716 87
11683 6409 8 13636 7927 19 8262 8801 55 6404 6312 49 1597 8014 84
12967 5977 5 12194 7485 24 8935 10199 52 4663 5786 46 324 8230 92
10524 5560 4 7904 6567 19 7861 5173 36 5181 7483 53 1415 8510 83
12577 7481 17 8445 6719 17 6434 7331 65 3554 7653 60 1073 6066 73
8328 5187 5 6332 3907 19 6360 7404 37 4279 5020 52 3665 6970 61
7927 5584 9 8547 4082 11 7433 5478 26 2997 5784 53 1778 8115 73
12348 5824 7 10310 7339 19 6540 6936 39 5502 7336 56 675 6707 69
8258 5634 8 6884 5580 14 5784 4726 12 4704 5103 45 1287 7100 82
7065 3886 3 5797 3689 10 5589 3576 19 3276 7951 66 2521 6200 57
11874 6169 15 8081 5702 8 4979 7069 51 4456 6793 51 2655 8215 63
9406 5980 13 11497 7796 25 6499 7588 50 2788 8132 81 5606 4495 32
13288 6881 4 10307 5898 20 7775 7968 37 4182 10027 86 1599 7252 81
13794 6766 7 11780 7360 16 5905 8120 54 1610 8018 88 3961 5750 41
11066 5492 6 10451 5920 11 7105 8984 60 5645 7102 61 2087 5668 63
7802 5725 10 9408 7113 33 6735 5302 39 4608 6446 58 1177 7506 72
13551 7688 22 8432 5590 20 5288 6461 41 4674 8588 74 1717 6326 73
8913 4605 9 9891 5143 5 7779 6321 29 3211 8049 78 2591 7347 73
9625 5606 8 8269 5845 21 5784 6495 46 3938 5437 55 964 7048 64
12038 6025 8 11028 7133 14 6229 7723 52 5728 6119 43 2108 6828 80
10346 5439 8 11752 7201 10 9667 8169 40 2360 9899 94 3344 5484 61
11147 7083 8 10153 5939 17 7758 7408 43 1681 8140 95 3446 5948 49
12412 7987 14 13492 8434 14 8836 9185 46 2964 7719 73 1400 7964 79
15185 6520 9 13921 9505 22 9239 7130 18 1657 9503 89 1246 5624 75
14904 8836 11 13644 8070 24 7290 8112 48 3675 7244 75 3045 8057 72
10850 7015 11 10785 5622 10 4523 8481 66 5575 5968 41 2500 6050 51
10822 6578 7 11332 6756 10 7881 5491 25 5018 6633 66 616 7443 84
9560 5625 5 8671 6100 18 5416 5805 35 4182 7626 63 2342 5709 59
10403 8032 17 7264 4986 9 5802 6900 60 5485 6437 56 2550 7348 75
11435 6633 7 9197 6189 15 7587 6358 47 3678 8672 84 2690 5323 42
10387 6257 10 10399 6472 25 8062 6203 33 4620 6719 65 843 7939 74
15343 8321 11 13400 8677 27 7958 9076 58 4049 8227 67 1817 7901 78
11728 6574 4 11010 7145 26 7206 7631 43 3016 9241 100 3483 6060 54
7646 5797 8 10388 7537 20 6653 6079 38 5267 5913 45 733 8992 83
13696 6825 10 11452 5862 7 8337 9355 55 2534 9993 93 1851 6399 77
9099 5201 11 9133 5909 31 7925 5711 27 3776 5968 61 2348 6028 65
16631 9459 23 11870 8092 29 7474 8104 45 4367 7860 72 2097 6944 69
13110 9306 16 9561 6637 6 7835 7301 53 5577 6164 64 2692 7044 59
10382 5974 7 13778 8420 24 8203 8457 40 5465 6658 51 831 6503 82
11598 6575 5 9146 7225 24 8800 8670 53 6223 8723 76 2317 7252 67
6242 4896 8 5450 4635 3 8725 6204 39 5814 6077 53 1606 6838 83
9595 4942 8 10985 8634 24 5230 7046 63 2733 5297 55 1941 7097 62
13468 8160 17 11114 9047 31 7795 7689 39 3761 7372 72 2251 4962 57
9173 5710 8 10632 9185 24 9432 6647 32 5181 8401 64 1186 7262 74
14880 8641 13 11200 7434 28 8140 8666 47 2537 8944 86 3171 7437 69
7003 3656 1 5853 5207 10 5541 6383 31 3350 6337 41 3269 5229 65
6428 4471 4 7197 6072 9 5882 5079 30 2129 5772 73 1926 5201 51
11861 5347 6 10616 6482 19 4787 7843 70 5320 6209 47 3921 8111 62
8207 4145 5 5880 4475 18 5423 4789 25 4091 5015 41 1901 7859 62
8795 4704 4 8658 6081 19 6930 7415 42 2648 6147 58 2578 7259 65
9906 5844 11 7669 5762 28 7080 6252 58 4018 5598 31 1459 6073 75
11352 6475 10 9672 5498 13 7233 6598 45 3269 8565 70 854 5884 72
10673 5128 6 8375 5629 14 6182 5823 37 3136 5396 43 1486 7689 75
9222 5081 7 10455 4763 10 5404 7133 56 3049 8127 71 2838 4020 47
11832 7362 12 9453 6016 14 7987 7207 43 3784 8325 71 2037 8223 64
11745 7483 19 12643 6811 15 5678 6054 37 3982 6634 76 2448 7899 62
11538 8864 19 11365 8692 28 6230 6608 60 3104 7201 72 3261 6504 55
7547 5298 4 9700 6597 24 5874 5757 47 2916 7927 76 3906 5221 43
11280 6948 4 12180 6472 24 8983 8233 50 3121 8492 78 1779 6984 67
12409 9088 12 12741 7786 17 7760 7346 41 5482 5532 52 1506 6742 83
6507 3209 5 6610 4932 6 7114 5299 23 4267 5843 55 1577 8478 87
11163 4670 6 9619 6277 12 6000 6154 38 4630 8026 64 1907 6958 75
9676 5457 3 8928 4971 15 5222 7854 68 3691 8631 75 3181 5535 46
9175 6724 5 8543 6648 20 6910 8336 69 4646 7247 77 4097 5371 48
12383 9814 20 11702 6001 13 6854 8645 53 5704 6652 64 701 8782 81
15317 8141 18 12678 7632 21 6486 10130 74 5546 7854 66 1775 6182 69
10539 6989 8 11605 7036 23 8456 6464 31 4150 7106 77 2584 8406 67
11046 7161 17 12163 7275 18 7533 7394 53 3334 8596 69 1394 6805 76
8607 4621 4 11161 7985 24 6543 8388 60 4407 7361 62 2997 7131 69
10203 5178 9 9981 7450 34 5787 6291 33 2914 8160 63 2109 6640 69
11332 6287 9 10063 8022 16 7655 5532 33 2335 9387 95 3846 4942 54
13166 6690 6 9675 7218 22 8358 7475 41 4224 7846 60 594 7075 85
12330 6236 4 13059 6814 8 8593 6884 27 3425 9043 80 1425 7327 79
11929 5710 2 11514 7604 35 7023 6852 31 4565 6911 56 1121 8179 82
14363 7670 10 11296 5824 10 8113 9058 50 4286 7293 58 532 7546 83
11780 5564 12 11343 7793 12 6047 5281 41 3472 5924 51 2171 6715 70
13058 7077 11 11511 7566 14 8751 8032 59 3938 7261 56 2981 7261 71
8172 4783 7 9923 7895 19 8609 6546 34 5726 7854 52 1814 6600 77
16881 9486 9 14651 8141 27 6618 9230 64 3000 9889 99 2868 6516 71
7665 4637 4 9057 4999 8 5181 4221 25 3202 4936 45 781 8284 82
10501 6350 9 10274 5337 13 6489 6836 34 5551 8680 72 1498 6109 82
8764 5377 8 6770 5646 10 6928 4649 22 3997 7044 65 2285 6804 65
12281 7424 9 11336 7747 35 7067 8255 49 5326 8747 57 2366 7967 75
10251 7119 5 11246 6461 15 7337 8168 53 6311 7034 61 2043 7046 74
13113 6624 11 11703 8705 30 7259 3523 7 2279 9854 89 2874 6752 71
7444 3207 3 8614 5771 17 6903 5520 32 4143 5187 51 1469 7988 73
10903 5206 4 8884 6762 15 7059 6029 49 4522 6852 60 2154 6291 62
14223 8644 22 10643 6432 16 4255 10401 95 6871 6462 37 1521 6825 68
9311 5086 2 9720 5935 12 3797 3463 21 2950 8075 69 3533 5872 49
9670 4677 3 10252 5674 17 6639 7402 29 5352 7554 51 1091 7108 77
9820 5095 11 7748 5393 7 6173 5487 33 4092 4699 39 1414 7147 77
13000 7034 10 11563 7500 10 6560 8095 55 3467 7027 62 1376 8678 77
12123 6322 6 7716 7051 33 7231 8043 53 3239 8027 68 3097 6229 53
12012 6800 5 8399 5233 14 6618 7403 49 6462 7437 65 1636 6233 65
7567 5624 10 6514 3987 9 4408 5170 43 4925 4496 42 2258 7248 61
16133 9003 14 11223 7517 20 5579 8234 71 3600 6317 60 2882 6825 61
12103 7324 10 11667 7580 31 6691 7305 31 3198 9168 77 2151 7357 69
9396 6056 13 7707 4208 6 6272 3822 13 2572 9037 77 2162 5374 55
10956 5858 6 9084 6171 10 5977 6708 53 3938 6512 63 2467 7392 63
9056 7526 11 12110 6408 17 10020 7135 29 2948 7632 90 1518 7157 82
13916 8669 11 11727 9695 33 8289 6290 26 3708 6890 66 697 8331 88
11401 6262 8 7995 6607 11 6660 9127 84 3212 7275 72 3859 7331 54
13322 6064 8 9582 7475 18 7292 8662 60 4151 8084 67 1725 8660 80
11449 6934 13 10066 6442 21 5353 7074 49 2427 7006 72 3149 7440 69
9669 7160 6 9185 6329 27 7184 6144 34 4725 6079 49 877 6213 85
10292 5709 5 11329 7217 17 8122 7779 51 5000 9943 89 2958 5606 61
11397 7079 7 10781 6352 22 7263 5473 42 4683 6120 53 377 8073 80
11480 6850 6 8365 5598 15 8457 8080 55 4647 7807 71 1356 8232 79
6447 4125 0 7403 3258 10 3495 2676 10 3128 6052 46 2489 7148 62
9066 5489 2 9314 4298 7 7264 5954 25 4242 6330 63 1713 7860 68
11889 7523 12 13215 8050 24 6849 7042 39 4369 6273 67 1269 7917 75
12528 6223 6 9947 6809 17 9417 8519 50 6348 8123 49 407 8184 90
11159 4688 8 9398 6825 20 6270 8531 64 4517 7012 50 2345 5914 59
11993 6565 9 10547 7582 19 8631 6622 30 5138 7274 62 1043 7141 87
15155 8028 13 11330 7676 33 8725 8996 47 3224 11064 94 4216 6306 57
12207 5748 7 9578 6752 14 7633 8039 41 5566 7767 69 1388 8150 72
11056 5725 13 13809 7854 17 9986 7872 39 3910 8590 66 1626 8072 79
13563 7378 13 16039 9178 21 7270 10012 75 5824 7724 48 1525 8160 82
7534 4907 4 6805 3444 9 6423 6146 35 4023 8345 60 2036 7210 74
13936 7821 16 10874 7552 25 7433 7219 34 5198 7179 61 669 7964 78
12724 7734 11 11315 8663 24 9587 6966 36 4531 7939 64 783 7403 85
11715 6089 2 11982 6022 15 5871 6747 33 3704 6523 67 2313 6273 63
8441 4539 12 8167 5306 14 5963 7096 40 4735 5194 29 506 8059 81
8667 5284 5 10380 4254 11 5987 5442 36 5006 8320 67 1482 7640 75
10513 5249 3 11244 7273 14 6986 7313 37 4620 7255 63 259 7205 88
10512 6831 6 9761 7034 23 4472 6057 59 4849 6089 49 1914 7209 80
11890 5924 8 11342 8965 28 7154 6415 36 5619 8084 64 1554 7259 74
12036 5067 4 9727 5528 12 5477 5216 27 4170 7207 46 1490 8151 70
10655 6241 8 7911 6946 19 8448 6243 35 4777 5957 50 2114 7195 73
9985 5772 9 13451 8253 31 5242 6602 40 6073 5544 30 666 9397 81
12773 6920 15 10870 7578 14 8112 7921 48 4895 8785 68 1926 6228 71
12558 6698 10 11762 7224 20 10539 7854 42 3848 7946 62 60 8272 88
8322 4908 9 9335 5277 10 6793 4788 32 3188 8230 68 1527 7108 77
10427 5601 5 10941 6351 16 9164 8327 44 2795 7665 65 2089 6354 69
11899 7484 9 12761 6397 30 8223 9149 48 5042 7315 69 1598 7172 76
16287 9249 11 12041 6622 32 8315 7706 41 6683 7938 59 125 7164 92
10378 6364 13 8002 5361 8 7556 9764 84 5673 6216 42 2928 7444 69
9242 4793 9 8954 5248 25 5776 6395 39 4852 8501 65 3766 6554 55
15281 7343 12 12826 10099 38 7918 8111 44 5423 8785 67 2019 5917 67
9606 6764 6 11733 8146 34 8591 6020 33 3752 8442 73 1965 8236 74
10976 7679 12 9611 6059 29 6453 7832 41 4449 5921 50 1803 6688 72
8771 4747 8 8795 6907 13 5851 5483 41 3280 8522 62 1873 5733 52
13122 7408 10 11100 6830 19 7196 8996 54 3002 7614 81 2577 6333 63
9847 5765 12 8784 5018 14 5569 6869 49 5853 8117 43 1892 6018 67
13897 8224 11 13782 8746 33 7854 5904 15 3707 7426 74 1243 8207 78
13127 7685 12 14869 9321 27 5478 7091 38 4437 6141 60 721 7468 86
9982 4680 4 7341 4488 6 5590 7788 55 5105 5529 49 911 6719 74
12631 8811 13 10551 6141 17 8400 8728 62 3482 8005 80 2732 6108 68
12728 6095 9 11416 7014 20 6648 5234 23 5583 7539 55 1349 7775 88
11400 6148 8 8592 6360 37 7387 7341 43 3944 6045 56 1121 6308 63
8543 4782 5 8892 5374 6 6164 5051 31 3859 6426 46 968 7353 76
9837 6093 8 9355 5775 9 4398 6694 63 4260 8581 62 2746 6229 46
11501 7531 10 11027 6182 20 6095 7537 50 3822 7338 68 3475 6243 58
13736 7677 12 9571 7223 25 6950 7253 41 4119 6978 57 2118 6927 76
6651 3323 11 9516 4660 17 5952 7526 58 2843 8382 75 4336 6583 45
10045 4323 6 11345 6671 9 6524 8245 51 5514 8517 63 2948 8208 69
12352 7188 9 9720 5208 10 5667 7829 48 3119 7741 69 2885 6296 63
15180 5186 8 10894 8616 25 6263 10464 57 4258 8648 84 2883 7596 73
12018 8007 7 12614 7856 21 8542 6326 46 5315 5650 49 552 8132 93
8989 6040 15 9796 6153 13 6413 8434 49 4539 8306 71 3651 7035 57
12599 6485 4 11482 8168 10 8607 6368 44 4547 5874 56 841 8146 91
11712 6256 5 12552 8184 19 6645 9250 88 6735 7283 38 1027 7631 76
10401 6569 5 7956 5499 15 7644 8647 63 4166 6426 54 1486 5744 66
11998 5586 5 13448 9703 37 7219 8186 53 3866 9124 76 2801 5872 58
12857 7738 10 9322 6845 14 7636 5179 34 4054 9101 88 2672 6765 59
15152 7166 8 10463 5264 10 7505 8056 36 4128 8870 73 2400 8320 70
12251 6942 8 10941 8438 16 6487 5121 23 4093 6845 52 265 7935 89
14468 7802 7 10369 7463 10 9559 5152 24 4709 8447 73 253 8782 86
9875 7094 10 12730 7063 29 6077 7818 55 4393 6716 56 2477 5875 58
12392 9101 13 11047 5898 16 8673 7703 47 2305 7584 87 2872 7244 64
8573 4673 4 9485 6194 14 5946 4918 20 3460 7119 68 2698 5254 48
11936 6685 8 13750 6480 24 8915 8904 47 4480 7978 52 1620 7488 77
8701 6651 4 9337 5226 9 8099 4942 32 3567 9057 87 3661 7344 53
12832 6495 8 9402 6435 13 6254 6754 48 5343 5584 37 774 8356 87
9670 4450 6 10584 7556 15 7267 5688 35 4072 6201 56 1931 7820 71
10105 4572 5 9570 5909 12 7718 6296 38 4641 7750 61 1106 7743 75
9790 5637 6 8925 6113 11 6508 7796 54 4000 7921 63 2271 6724 61
12368 5769 7 8656 6043 13 5803 6210 42 5326 6760 49 942 7806 80
11251 8352 20 12000 7753 23 7981 7291 38 4457 6491 60 1378 7866 76
7632 2735 4 7889 5289 25 5664 7628 50 3070 6667 53 3835 6079 42
11643 8082 16 11490 6826 21 8713 7036 44 4671 7033 79 2967 6144 59
10964 6971 7 12679 7141 16 9064 6685 36 669 10467 100 2973 6821 57
12180 7074 9 10077 6940 15 9324 7156 53 4491 7832 71 2082 8049 77
8164 6240 9 9428 6325 11 6186 6256 32 2043 8911 84 3617 5467 45
13822 7091 10 12802 9900 30 7547 8294 52 2809 7717 83 3144 6303 38
10058 5713 13 11272 7640 18 5110 6823 44 2698 9342 93 2729 5952 62
9722 5626 6 7426 5278 4 6791 4918 27 4344 6474 60 1785 6558 64
11235 5902 10 8209 7228 26 7474 6225 22 5101 4456 30 91 8650 87
11528 6927 10 11330 5994 22 6964 9070 57 4524 8750 65 1542 8196 79
12332 5300 9 7700 5287 16 8620 6737 34 4613 6905 62 1455 7381 90
12167 7151 4 11401 7049 15 6571 7746 52 7612 6513 46 966 8042 80
9454 5609 5 8414 6569 16 5225 4359 23 2563 5666 70 2413 7507 57
8576 6029 11 7487 5135 17 7060 4824 28 2487 9726 78 3306 3297 28
11032 7224 20 9475 6873 22 7623 5297 33 3171 7286 74 3134 5373 46
9805 5323 5 9830 6024 15 8099 8311 48 3771 7086 66 2621 7225 66
8444 4876 4 9365 6953 13 7007 3630 21 3013 5516 45 1100 7330 76
7161 4011 4 8228 3660 5 5276 5713 34 3307 7571 64 2068 4600 45
11224 6145 8 12261 8754 20 5261 7419 40 5332 7206 55 594 6424 73
13351 6828 5 10616 5828 12 7886 7044 38 3756 8564 83 2279 5896 65
9273 5331 8 10497 6047 13 6980 8166 44 5371 8580 82 2360 6725 61
9393 6579 8 9202 6041 16 6671 7495 47 3991 5677 47 940 7863 78
12899 7151 9 11366 8243 29 6780 5279 34 4540 7492 58 1276 9210 79
10437 7035 8 14592 7794 15 8304 8165 62 3991 9952 86 3282 6213 68
14588 9869 17 12272 6206 20 6639 7518 72 4678 5746 53 395 8883 78
6891 3266 4 5763 3366 1 4348 4890 35 3329 4790 25 518 8000 76
12360 5384 4 11241 7077 15 9232 9463 40 4250 7453 77 1302 6230 71
10852 6917 8 11212 8660 21 5866 7952 59 4439 6061 47 1897 7490 77
9891 6208 9 10580 6285 20 7321 7287 48 5288 5881 40 556 8129 89
10068 5691 4 11173 5545 17 5097 5429 27 4017 7398 62 1605 8558 76
11350 6238 2 8452 8364 30 6642 7181 54 3422 7971 72 3459 5838 48
13390 7697 4 13638 9906 35 8123 8351 48 3826 9175 79 2884 6483 69
10949 6087 9 10137 6843 26 6811 6705 42 2179 7952 74 1861 7030 59
11876 6241 13 10309 8074 10 9223 8976 56 3815 8206 71 2596 6872 68
11714 5864 8 8965 6617 23 7438 5976 43 4433 7913 58 3070 7598 67
7034 3981 3 10004 7592 10 7106 7450 49 4959 8190 66 2420 5364 65
15362 8607 19 15272 9896 27 8786 9732 44 1991 9509 105 2622 7523 57
11196 6143 5 8696 5592 25 6520 4878 16 2391 7052 60 1399 6567 72
10919 7116 6 11953 7248 18 7038 7280 47 3062 9531 82 2897 7048 60
10832 6316 10 11116 7424 27 5517 6679 53 5690 7436 54 3199 7228 71
10517 5717 7 7863 4540 15 4589 5549 31 3866 5755 54 1377 7377 78
11788 8802 17 12232 7871 28 6875 9171 51 4784 7232 64 1346 6954 74
11062 7019 6 12484 6540 11 5115 8124 59 4958 7283 62 1290 7061 68
7631 3691 7 9308 4863 11 4828 7118 45 3953 3786 29 1447 6441 68
9650 5782 5 8166 4439 11 6376 6507 42 5484 5561 48 338 8328 93
11389 7100 13 10332 6034 11 8983 8924 52 4971 7308 54 2076 6258 75
12691 6650 3 10489 7295 20 10091 5716 31 2725 7861 76 2301 8511 78
12801 6481 8 11742 7263 19 7901 8672 57 5280 8766 75 1533 8212 76
11105 7269 14 9156 5303 16 8918 7308 37 5359 6859 53 565 8606 83
9654 4170 3 7871 4854 10 6190 6660 42 4167 7670 55 1681 6812 72
9792 5634 7 7847 4344 3 6308 5490 35 3618 6093 55 1137 7945 68
11337 6180 5 12110 7540 38 5504 4811 27 3645 7793 80 1004 7487 85
10237 6785 4 8110 5686 13 8178 6112 42 5023 8227 69 2167 8185 72
5676 2963 4 6721 4690 5 5760 5319 21 2797 6929 61 3139 7799 68
11227 7430 11 8472 4646 9 6063 4855 33 4024 6414 58 1895 5608 64
11202 6848 12 9600 6058 20 6826 7105 34 7071 7637 52 739 8228 80
14767 7722 8 12241 10630 31 7337 9120 51 4281 8287 71 1726 7458 78
9525 5164 8 9718 6413 22 8044 6263 34 3709 7182 67 1726 6921 66
10173 6065 7 10099 7573 34 10466 7848 36 6138 6211 34 147 8376 95
11213 6602 8 9860 7207 22 6835 6905 36 5897 7643 58 2150 7798 70
12398 6787 10 11807 7584 16 7580 6087 46 4582 7193 60 905 7638 75
6711 5163 7 10071 4976 12 6854 5731 19 3359 4417 60 1848 8200 70
11447 6405 3 11164 7160 20 7431 8563 51 5345 6312 49 1370 7272 76
9472 6460 4 10887 7168 20 8478 7306 45 3581 8384 86 3713 6045 65
8329 5270 7 7176 5092 5 5230 5450 36 4257 6072 44 2255 6498 69
11914 6691 5 10103 5016 19 5626 6892 40 2860 7857 74 1133 5804 65
12497 8159 12 12218 6134 10 7587 7145 41 5077 6205 41 590 8016 86
12059 7461 9 8802 5958 15 8706 6637 33 4010 8036 75 2932 7025 70
12708 6863 16 12021 8683 26 5945 8527 56 3144 7857 80 3302 7765 67
11018 5761 8 10784 6580 25 6551 9391 68 4358 7435 71 4344 6897 47
13475 8463 22 13055 8917 30 9194 8910 55 5978 8610 62 320 7130 88
13925 7055 11 11432 7062 26 6782 9109 63 2943 7983 76 5013 5738 44
13376 7300 2 12046 7890 24 6525 7340 50 3598 6809 59 3934 6740 73
10149 5552 3 8198 6577 14 6971 7370 43 5059 7331 63 2124 6130 68
12320 7095 17 10440 6188 13 7782 5727 46 4340 6470 47 1588 7649 70
10091 5290 1 9092 5734 11 3452 3949 18 3190 6378 49 1365 6039 72
11602 8170 13 11522 7353 32 7754 7499 35 4085 9449 82 3884 6785 63
13999 8545 5 11102 6238 26 9277 8424 65 4292 9086 79 2355 7922 62
12649 6387 4 10704 7200 18 7393 7829 54 5063 6101 60 2718 6915 65
9427 6385 6 7941 5315 11 5311 7596 59 4425 4111 34 1064 8623 84
9942 7840 14 11377 5702 11 7886 8170 66 3432 8572 68 2426 6868 56
13434 7127 12 11845 7864 19 7868 7352 54 5246 8383 73 1261 7082 70
8323 5276 9 11698 7711 17 4933 7711 55 3538 7390 57 3181 6173 55
12156 6204 10 10650 5681 12 8225 7459 55 4146 6119 44 1013 8302 88
9710 4920 8 7333 5324 10 6385 7297 54 4848 7180 58 1071 6869 72
10463 5689 9 12530 6862 18 7795 9470 76 6660 8325 59 2863 6321 63
7195 4489 4 7422 3922 4 5480 5301 42 5135 5011 30 2109 7274 73
13743 8724 12 8591 6591 17 8302 6977 31 3781 6863 71 2109 6145 69
13140 6024 7 9407 6966 31 7352 6903 49 6414 6483 51 872 8119 89
11223 7000 19 10065 6440 16 5598 7597 45 2749 9078 89 3906 4929 50
14281 7847 12 8586 8082 16 9213 9162 66 4573 6785 48 2813 6218 73
12641 8421 16 11140 6190 12 6815 8039 62 6848 6025 37 1516 7255 83
10328 6333 7 9699 5428 7 3802 7043 61 6049 7584 50 1764 8141 78
13114 7782 14 9185 6131 12 5848 8689 75 5763 6921 41 1072 7554 77
9719 6217 6 8324 5932 18 5178 6141 47 4077 5658 46 2438 7598 59
8294 5441 8 5937 4404 10 5948 7397 46 4056 5987 54 1554 5807 71
8856 4857 10 9568 8053 23 4721 6139 63 3522 9643 81 4842 5296 42
10914 6280 11 11268 6984 16 4793 6367 42 5522 6867 52 1488 7999 77
10410 6116 16 10507 6232 9 9583 6817 29 1328 7086 74 2378 7884 72
10801 5851 8 9929 6079 21 5421 6621 57 5941 6429 43 722 6864 78
7494 4157 4 8002 4906 13 4008 5488 45 4516 5650 36 834 7646 84
10094 7048 6 10328 6529 30 5570 5299 19 3039 8506 85 3199 3653 34
7611 4415 7 7278 5866 25 6323 7587 56 5988 6383 44 2315 6509 60
11611 7552 15 12035 7106 13 8680 7016 29 2750 10744 89 2615 8205 66
10581 6190 7 12786 8934 22 10010 7718 47 6773 7309 50 1719 6501 96
12179 6754 7 11391 6023 17 6736 7955 50 3245 9887 88 2712 5116 42
6606 4012 5 8247 4985 23 7509 6398 38 3539 6351 53 1424 6283 65
12666 8045 11 13502 6969 33 7477 7754 39 4755 6734 58 1816 7474 74
8991 6653 13 9063 4855 15 7169 6398 49 3873 5163 42 1574 7883 75
10481 7021 13 10640 6755 18 8210 6642 48 4969 6925 60 983 7707 78
9604 5340 8 10345 6830 8 6138 6772 58 4528 6644 51 1358 7643 77
9303 5190 10 8863 5232 8 6454 5611 41 2579 6982 61 1415 7606 78
14441 7793 15 8509 6330 11 7955 5981 60 5782 6385 41 322 7484 90
12218 7177 7 14846 9183 28 6425 9947 77 5747 7946 65 3458 6819 55
8980 5040 5 5499 2604 3 4258 4538 41 2478 6370 65 1797 6851 56
14074 9332 13 11887 5853 14 5632 7383 53 4089 7917 80 3796 8889 60
10797 4736 6 7691 4326 10 5992 5246 31 3042 6191 44 1580 8404 77
11754 7658 14 9327 7783 24 9622 9264 62 5190 7478 66 3217 7564 73
10023 5491 8 11490 6964 18 5993 6323 50 4348 6417 42 1683 7599 80
13722 8437 16 10321 6748 15 8314 8467 58 3282 8041 76 3099 5956 57
12251 7814 15 10302 7636 26 8895 6947 39 3687 7893 75 2447 5744 57
12598 6202 10 8390 6178 30 6204 6592 40 3598 7897 58 2486 6201 60
7169 3556 4 9128 4429 10 6357 6093 34 4564 6246 51 1657 8377 76
12564 6421 9 9527 6592 14 8296 7124 46 2588 7864 70 1985 8137 86
8169 3799 4 8349 5444 12 7533 6918 36 2901 7570 72 2200 5494 64
9570 6567 8 11921 7442 20 6912 5945 26 3798 9256 79 2812 5799 59
11665 6251 12 8344 5151 6 7037 6615 43 4345 7104 52 657 7302 86
14587 7143 8 11780 8835 29 7078 6652 51 4318 6438 59 1427 7869 78
10916 4684 5 9008 5174 13 3873 8906 65 4017 7947 61 3733 5264 47
13157 7697 16 12332 10123 43 7675 6876 49 4326 7159 70 1839 7615 68
13522 8087 13 10868 7469 21 8456 6722 43 5148 6167 48 692 7216 85
9390 4873 5 8778 5038 8 7964 6098 22 4759 7704 66 1090 7111 83
12527 7177 10 8356 4929 6 6801 5624 38 5253 7932 66 2338 6970 70
15149 8329 16 12988 8713 21 8692 9417 56 4980 7689 68 1809 7658 72
11754 5393 10 11104 7603 31 6428 6244 29 4644 7478 49 777 8729 86
12059 8246 10 13555 8431 34 7424 9340 83 4005 8748 75 3447 6840 50
12050 8253 21 8620 4699 20 6097 9742 81 3919 7380 57 4517 5949 52
9184 5102 12 12633 8410 33 7644 7668 46 3855 7179 73 2836 5988 57
15228 8581 18 10925 6879 13 7807 6473 53 5514 6992 63 332 8841 81
8167 4295 6 10310 7851 25 8187 7707 47 3943 6589 58 2020 7738 70
7127 4321 4 9904 7499 19 8785 6868 40 5698 7438 58 3510 7221 62
9199 5767 8 13225 8943 30 6314 7700 51 4623 5546 49 2407 6333 64
11259 6285 7 10889 6801 25 9095 8205 49 5447 6000 41 984 8334 88
7143 3978 5 7555 3572 9 5950 6469 47 5784 6964 35 2522 6594 69
15596 11307 11 13805 8333 32 9698 7078 41 4445 8342 76 1356 6612 78
11478 7320 9 8371 5748 19 6756 6767 32 3840 6221 44 1044 5936 76
13043 7412 11 9654 7126 25 10086 9733 44 5468 7901 64 1808 8884 84
9256 5792 14 8830 5068 5 6518 7727 64 4675 6407 49 2521 5883 54
13644 8173 13 10880 7941 23 4708 7764 49 3440 8007 71 3118 6109 60
8125 4878 6 7839 4175 12 6648 7130 45 5440 5579 41 1924 7311 75
12574 7828 12 13562 9609 35 9912 8511 57 5193 8494 58 2336 6158 77
11204 4959 1 8137 7961 36 7738 8009 44 2860 6683 64 1508 6047 70
13479 7337 8 9340 5345 10 7729 6868 41 3907 7508 61 431 8502 87
9730 3813 5 9567 6650 22 8467 8536 52 4641 7915 78 3611 6352 51
13093 7168 7 11389 7496 23 6269 6840 38 3440 8965 89 2497 6071 68
8638 5070 6 9731 5447 13 7727 6858 42 4558 5918 51 1913 8173 67
13001 8191 7 13521 7587 12 8083 7867 38 4087 8092 75 462 7199 84
9315 6420 10 8798 5904 20 6282 4526 23 3609 7684 70 1808 5912 53
9545 6112 20 9033 4783 4 7942 5849 49 3048 7655 65 2601 7723 64
14791 7346 11 13560 8387 32 7239 10018 79 5519 7583 45 526 8879 86
8867 5546 6 13013 8718 23 9162 5398 20 4557 9335 83 930 7726 86
12973 7217 11 10696 9338 26 6831 8207 63 6123 6416 66 2777 6693 70
14407 8865 13 11299 8083 23 9587 7106 28 4475 8495 75 919 8484 83
9059 5846 6 9895 5741 7 6679 5926 39 5054 7896 52 390 7264 86
11255 5268 5 11975 7344 23 7053 6259 24 4341 7951 58 837 7647 82
11752 6358 3 14357 7632 23 6325 8094 53 2343 8658 82 1649 4767 47
13729 5466 9 11610 8183 25 6219 9048 78 6243 8405 50 2767 7010 74
10778 6050 9 11912 7957 21 8595 7855 40 4618 7208 60 945 7203 84
12174 7404 13 9363 5921 18 4699 5109 36 4480 7159 59 1608 7003 70
11709 7375 10 8968 7644 30 6965 7622 51 7960 6040 39 1975 7689 71
10023 6270 5 10185 6800 17 6289 6304 48 4203 5967 37 800 8684 89
