2642 3071 3 1638 2312 3 2683 3403 4 3865 2857 4 2121 2676 3
2357 2492 3 3187 3736 5 3010 2924 3 1830 3099 2 3355 4267 3
2679 2870 1 2903 4357 4 2752 3236 2 3278 3761 6 2883 2635 2
2137 2399 3 2575 2372 2 3301 2585 3 1964 2274 4 2391 2912 4
2308 2978 2 3184 3623 3 2384 3429 3 3223 2858 2 3488 3920 6
3815 3339 5 2624 2983 3 2635 4058 2 2519 2271 2 4148 3842 3
3251 5098 5 3234 3775 5 3470 3084 3 2790 2748 3 3020 3129 1
3253 3276 4 1991 2571 1 1835 3134 3 2222 3400 4 3096 2394 4
3175 4468 4 2993 2473 3 2867 3983 3 2841 3468 4 2583 3732 4
3559 4932 3 3744 4112 5 2781 2709 3 2674 2477 4 3734 3655 2
3214 3851 2 3588 3886 4 3089 3756 3 3287 2245 2 2752 3368 5
1864 3011 4 2961 3604 2 2689 2918 4 2568 2107 3 2408 3289 4
2824 2631 4 2932 2992 3 2307 2732 3 2476 3747 5 3307 3946 2
2183 2728 2 3029 4157 6 3005 3016 3 3077 3281 4 2622 3034 3
3428 3854 5 1366 1512 2 2495 4126 4 2813 3278 2 4043 4079 4
3417 3974 5 2721 2733 2 2565 4093 5 2724 2782 1 4061 4363 3
3867 3678 3 3201 3174 2 3702 3550 3 2015 2889 3 2060 2723 6
3209 3943 8 2565 3262 4 3302 3881 1 2579 2193 2 1501 1950 2
2410 3200 5 2502 3238 4 2540 2701 2 2687 2830 2 2690 3492 4
2584 3057 2 2508 2867 6 3083 2900 2 2738 3634 5 1934 2232 2
2420 3961 3 3137 2068 3 2601 3012 2 3483 2256 4 2592 4336 3
4034 4642 1 3759 4151 3 2957 3399 2 3474 4518 3 3820 3598 6
2658 2873 3 2355 1930 3 2645 2983 2 3358 3913 6 2245 3628 4
3120 3192 2 2179 3478 4 3020 3655 4 2596 3114 4 3790 3397 2
2576 2665 2 2340 2394 2 2719 3636 5 2354 3784 4 2981 2571 3
4452 4079 2 2213 2559 3 2855 4611 3 3186 2316 3 3942 2613 4
2999 2674 2 3051 4305 4 1943 2655 3 3084 2742 3 2260 2542 6
3829 4050 2 3554 2386 3 3237 4529 8 1985 3492 3 2798 2666 1
3640 4323 8 3144 2505 1 3295 4830 2 3121 4003 4 3264 2529 2
2942 3455 5 2139 3021 3 2990 2769 4 3109 3703 2 2506 2435 2
2838 3426 1 2107 3215 4 3416 3465 5 2947 3725 3 3942 4399 3
3637 4483 6 2798 3806 2 2751 2130 2 2014 2436 4 2691 3247 3
2364 2739 4 2836 3859 4 2038 2410 3 2775 2524 2 2132 2767 4
3430 4838 5 2674 2821 3 1950 2806 1 3583 2933 3 3922 3809 3
3447 2815 5 2767 3117 3 1367 2067 3 2207 2965 3 2608 2436 5
2519 4305 3 4322 3722 4 2773 4091 4 2947 3350 3 3332 2781 2
2261 4669 7 2621 3005 1 3140 4176 4 2836 2503 2 2973 2659 1
1544 2963 4 2093 3186 2 1689 2096 3 3476 2972 4 2334 2237 4
2567 2530 4 2681 3222 5 2369 3484 3 2279 3090 1 2926 2976 3
3253 3097 2 2926 4320 1 3111 2633 6 4465 4710 5 2468 2389 1
3290 4542 5 2487 2808 2 2327 3251 2 2931 3207 3 1986 1871 5
3964 5037 4 4586 5243 5 1948 2000 1 2836 2385 2 4030 3841 4
2642 3968 3 3044 3668 2 3690 3381 3 2175 3927 6 1301 1745 3
1561 2619 6 3091 3609 5 1677 1606 2 2911 3212 1 2119 2052 3
1872 2331 2 2502 2328 1 3296 3896 3 1826 2361 5 2930 5207 6
2500 2520 3 2545 3118 2 2206 2480 4 2290 3294 2 2661 3028 7
2063 2377 2 2106 2106 4 2890 3401 6 1544 1461 2 2071 2878 4
2279 2590 2 2046 1587 1 3445 3383 6 2928 2793 5 1508 3687 3
1462 2725 1 2105 3530 5 2645 2861 5 3633 3502 5 1839 1788 1
3069 3834 3 3053 3153 3 3952 3659 3 3152 4558 4 3183 3322 3
2832 3942 4 2913 3850 2 3185 3455 2 2626 3047 6 3401 3246 2
2992 2963 5 2592 2354 3 1989 4586 4 2572 2654 1 2938 3453 4
1806 2353 2 3928 4184 2 2923 3925 2 3104 3456 5 5604 4527 4
3519 4710 4 3291 4051 4 4144 4207 3 2149 2892 4 3371 3507 2
2675 2920 2 2949 4323 4 2642 2201 3 2648 2692 3 3328 3516 4
2669 3251 4 3020 1511 1 2560 3645 3 1984 3243 3 2595 3449 5
3628 4732 4 2693 4021 2 3667 4308 4 3609 3658 2 2947 2534 4
2871 2775 3 3628 3108 1 3135 3560 4 1763 3000 1 3341 3932 7
3768 3454 2 3219 4562 4 3314 4393 3 2885 2429 3 3512 3736 4
3069 3302 3 3431 4085 3 3169 2546 3 3300 4048 5 1945 2925 2
1526 3856 4 2799 3189 1 2816 2764 4 2438 2894 4 3312 3645 4
1615 2170 2 3007 2814 4 2733 3833 5 2419 3833 4 2481 2222 1
4398 4641 5 3342 3965 2 2920 2783 1 3651 4931 5 4456 3820 2
4061 3636 3 2085 2282 3 4010 2792 2 2260 3241 4 2255 3922 4
3750 4047 5 2037 2151 2 2471 2468 3 2308 2819 4 2581 3270 2
4801 4418 3 2418 3800 4 4432 4243 2 3018 4508 3 3861 3359 4
2859 3449 4 2438 4518 4 3039 2743 2 2466 3844 3 4444 3641 3
2660 3161 4 2542 2762 2 2435 2604 5 2539 2440 4 1145 1659 2
2562 2817 4 3000 2901 3 2542 2723 5 2374 3257 4 2066 3272 1
2082 3019 2 1588 1733 4 3050 3468 3 2148 2605 6 2378 2378 2
2540 3860 3 1565 2840 3 2679 2874 3 1881 2777 5 2668 2326 3
2558 2854 3 4520 4433 4 2177 2507 3 3119 3548 2 3201 3667 5
3162 3829 4 2827 3328 6 2314 2179 1 2770 3337 4 2663 2587 1
2259 2180 2 3727 4352 5 3779 3161 6 1635 1977 2 2624 3954 2
2489 3879 6 1886 2387 1 3396 2043 5 2292 3911 4 2433 2569 1
2806 2566 2 2357 2765 3 3210 3635 3 2537 3865 6 2360 1827 2
2898 3431 6 2754 3234 2 2937 3052 2 3077 3131 3 2396 2950 3
3540 3241 2 3709 3727 3 3024 2744 4 2904 3714 4 1620 2263 3
3192 4378 3 2553 2944 3 3482 3718 3 2718 3518 4 2657 2013 4
1534 2390 3 2069 2879 4 2098 2912 1 2672 2897 9 2012 2074 1
2098 2450 2 2593 3297 5 2489 3304 3 3212 3325 4 2274 2943 4
2630 3720 4 3996 2820 4 3157 2556 3 3275 6063 2 2856 2836 2
2806 3005 3 2512 2270 3 2815 2725 2 2054 3053 5 2086 3042 3
2206 2834 4 3198 2839 2 2512 3872 2 2805 3334 3 3331 3323 5
2625 3226 4 3241 2926 5 1658 3007 3 2627 2282 3 2406 2149 1
2064 2675 5 2449 2786 2 2718 2029 1 2518 2691 5 2595 3778 4
2722 2741 2 1602 2733 3 2885 3231 5 3468 3829 3 2743 2876 3
3654 3934 6 2617 4058 4 3254 3151 3 3006 2322 1 3244 3092 3
3101 4443 2 3115 2878 4 2802 3343 4 3106 4331 4 2302 2387 1
2061 2664 5 1704 1974 2 2451 2905 4 3375 3813 2 2208 2606 3
4736 5085 8 3713 4324 3 2141 2305 1 3098 3954 3 2540 3321 2
2351 3097 2 3655 5328 5 3182 4229 3 2239 2969 4 3455 2314 3
1965 2702 4 2386 2508 3 2985 3377 5 2747 3905 2 4860 4204 2
2305 3332 4 3795 4377 1 2489 4197 3 3869 3235 2 3307 3311 4
2043 2201 1 2163 2138 2 2786 3903 7 2478 2879 3 4240 4250 4
3844 4555 4 1712 2414 2 2293 2966 5 3380 3616 3 2527 2675 3
1551 2849 2 1811 3439 5 1774 2039 2 2556 3664 3 3665 2292 4
2918 4116 5 2310 1998 2 3246 4208 2 3243 2740 2 3215 3094 5
4020 3012 1 3445 2970 2 3242 3285 5 1849 2882 3 1790 3710 4
2804 2970 4 1948 2651 3 2152 2093 2 1909 2131 2 2293 2948 5
2230 3183 4 1936 2296 2 2199 3283 4 2796 2492 3 2076 2434 5
2911 2734 4 2416 2797 3 3189 3048 3 2773 4057 3 3799 3478 3
3024 2473 3 3410 4120 4 2370 2854 3 3497 4353 3 3650 4752 4
2392 3148 6 2803 2953 2 2624 3750 3 1850 3120 3 3392 1807 3
1864 3042 3 3897 2997 3 2933 3862 4 2695 3070 2 2440 2960 4
4186 4412 3 1200 2192 2 3513 3243 6 1969 3336 5 3186 2909 1
2552 2733 2 2589 3340 3 2821 3339 4 2610 3011 4 2637 2423 5
3217 3349 5 1953 3262 5 1750 2269 2 3152 3767 3 2304 1614 2
2768 3518 1 2927 2669 5 3197 3063 2 2363 3704 4 3098 3517 4
1650 2167 3 1889 1809 3 2115 2917 1 2778 3226 6 3305 2681 5
4199 3479 5 2300 1938 1 3507 4671 2 1970 2496 4 1864 3018 5
3553 3607 5 2825 2895 3 3063 3806 5 3361 2722 3 2727 2892 2
4061 4142 3 3778 4094 3 3483 4264 2 3519 3561 2 3921 3853 5
2914 3274 4 2625 3038 2 2793 2941 3 2819 3049 4 2209 2356 4
1544 2466 5 3744 3421 2 2138 3135 4 3004 3537 4 2514 2951 1
2712 4014 3 3553 4676 5 3181 2803 2 3308 3996 4 3487 3925 3
2279 4512 4 3782 4390 5 3387 3883 2 3330 3005 1 3551 3191 2
1860 3867 5 2651 2845 3 2166 2247 3 2969 2696 3 2883 2684 3
2867 4421 7 2958 3104 2 2365 2208 2 2153 2993 1 2404 2917 5
3501 3486 3 3657 4549 4 2311 2373 2 2813 3488 4 2561 3552 4
4770 3317 5 3576 3917 3 2890 2201 2 3472 4791 2 3787 3792 4
3089 4242 4 4500 4220 3 2723 2870 4 3289 3964 3 3820 4194 1
3702 5067 2 2460 3285 4 3770 3658 3 3483 3729 3 3641 4608 3
1979 2085 1 2935 3033 6 2856 3422 2 2487 3189 5 2767 2491 2
2703 3796 4 2008 3987 6 4219 5076 2 3924 3667 2 2975 1630 2
2351 3670 5 2948 3116 1 2523 2602 4 2618 2419 3 1600 3009 4
2455 2317 3 3193 3218 1 3835 3900 5 3020 4265 3 2401 2989 4
3576 3777 3 3328 3576 3 2692 2492 2 2932 2911 4 3347 3512 4
3477 3797 3 2314 2531 1 3479 3614 3 2344 2521 4 2050 4113 6
2743 2692 4 3916 4212 4 2140 2623 2 3753 3651 2 4018 4657 2
2792 4691 4 2213 2813 5 3403 4506 2 2838 2841 4 4365 2902 1
1583 3021 3 3243 3301 3 1805 2210 6 2607 2655 3 2517 2987 3
3567 3065 2 2816 3013 3 3348 5147 7 2508 3174 1 3749 3367 3
2806 3769 5 2929 3253 2 2523 3221 3 4129 3441 5 1864 1727 3
3240 2748 3 2368 3025 5 4600 3687 2 3422 4219 4 3022 4229 2
1653 1941 4 2427 3092 4 2296 2612 4 2003 3081 4 2061 1702 2
2809 5433 5 3629 3816 2 2377 3292 3 4020 3920 5 1552 1107 2
2764 3552 4 2801 2073 2 2618 2781 2 2184 2204 4 2191 3566 4
4473 3338 2 2364 1730 4 2954 3191 1 2978 4053 5 2066 3122 3
1862 2384 5 2949 3303 4 2246 3110 5 2161 2283 1 2192 2825 2
3281 2691 1 3337 3813 3 3055 3435 5 2600 3479 4 3117 3743 3
2426 3944 4 3775 3748 1 4152 4521 6 2827 3003 1 2991 3061 4
3949 4398 4 2817 3729 1 3570 3790 4 3031 3752 4 3568 2825 2
4003 4033 2 2852 3958 5 3869 3401 3 3089 2798 3 3191 3811 3
1689 2153 3 2112 1962 6 2089 3734 2 2489 2476 3 2894 2655 4
2709 3754 1 3728 4230 3 3643 3476 3 3972 3032 7 3619 3905 2
3185 3831 4 2345 3558 3 3730 3451 2 2216 2959 4 3188 3097 3
1872 2066 1 1410 1527 2 2261 2831 5 2809 2353 6 1312 2368 3
2421 4033 5 3653 1612 2 2339 2439 3 2447 3046 3 2314 3818 4
1405 1813 4 3099 2950 2 2326 2530 3 1524 1666 3 2926 2947 5
1564 3289 5 1585 2649 3 3052 1947 3 2607 3055 5 2231 2007 2
3071 5343 5 4104 3270 4 3334 3192 1 3603 4088 2 3683 3627 3
3659 3372 3 2459 2562 3 3417 3590 5 2365 3181 2 3358 5175 3
2185 2811 2 2297 1996 3 2342 3852 6 2315 1952 3 2031 2799 2
1543 2428 3 3319 4396 4 2608 2697 2 1879 3258 2 4618 2888 5
1897 2796 4 2597 3428 2 1858 2187 3 2459 2917 2 3354 2860 5
2427 2699 3 2214 2745 1 3046 4193 5 2619 2797 2 2401 3635 5
3998 3482 2 3596 4649 5 2857 3232 3 3555 4321 3 3644 3906 4
1988 1811 1 2992 2960 4 3163 3066 2 3090 2781 2 1715 3657 7
2124 3340 5 2565 2677 3 2599 3995 2 3463 3192 4 1509 1095 3
2325 3031 2 1378 1580 3 3691 3485 2 3020 3834 4 2173 2441 5
3582 2392 3 2749 2105 3 2082 2890 1 2505 5217 6 2962 3398 4
2287 4127 4 3543 3101 3 4224 2512 3 2725 4656 4 3229 2705 2
4308 3072 3 3014 3625 3 3002 4526 5 4188 3331 3 3986 4999 1
2847 2853 6 1489 2422 2 1817 2513 2 2417 3105 3 3694 2956 3
4553 3993 2 2801 2996 4 1763 1714 2 1881 2687 3 2490 4211 5
2510 2659 3 1842 2577 3 3168 3342 1 2643 3426 9 2319 2424 1
5156 3165 2 3106 3769 2 2567 3706 1 2119 3416 5 3750 4051 5
3030 3865 3 1692 2455 1 2541 4051 3 3366 3100 4 3888 3276 4
2009 1789 2 1911 2510 4 2486 2179 1 1832 2886 4 2035 1584 5
3089 3810 4 1790 3104 3 2780 3497 2 2681 2283 4 2497 2563 3
3997 2332 3 2217 3394 1 2972 3076 2 1952 3154 5 3543 2802 5
2546 2399 3 3488 3269 4 3551 4007 3 1552 1775 2 2410 3644 6
3452 4677 3 4502 4107 5 3506 3892 2 3066 4113 2 3825 3382 2
3259 3421 3 3445 3039 3 3370 3136 3 3495 4593 4 2283 3570 3
2045 2752 2 2273 2692 2 2439 2712 4 3445 3079 5 2336 3492 4
3414 3190 4 2309 4864 6 2057 2092 2 2735 2521 2 2354 2638 3
3429 3298 4 3458 3553 5 3797 3240 5 3164 3885 2 1846 2957 1
3466 4205 7 3311 4002 2 2837 3555 3 3162 3928 1 3837 2555 3
3505 2619 3 3497 4069 2 2599 2998 2 2367 3310 6 1573 2256 4
2170 3756 5 3741 2627 1 1972 3055 3 2337 2746 1 3614 3987 5
3318 3010 2 3792 3642 5 2922 4431 1 1915 3426 3 2868 3088 5
3855 4826 2 3097 3458 2 3684 5125 6 2712 2842 2 2914 3173 5
3864 2998 3 2628 3836 3 3085 2948 3 3071 3602 4 2751 3765 3
2724 3687 5 2344 1893 2 2585 3235 4 2843 3178 3 1668 2532 3
2884 3170 4 2656 3764 2 4041 2577 3 1991 2204 2 1525 2461 5
2625 3674 3 3775 4435 3 3467 4930 5 3065 2530 2 2896 2591 2
2593 2851 3 2509 3534 3 3434 3172 1 2247 3622 5 1948 2720 5
2348 3163 3 4909 4485 4 1895 2393 2 2190 3300 3 3601 5325 4
3418 3903 2 2366 2948 2 3748 4105 5 2659 3312 3 3615 3776 3
2488 2220 1 1955 2530 3 2209 2524 3 2257 2142 3 1652 3302 8
4439 4944 3 3572 4319 4 4003 3829 1 2313 3199 4 3432 3159 4
1995 2389 4 2257 3552 4 3862 3547 4 1864 3403 4 2934 3199 2
2304 2439 1 3228 3751 5 2811 3417 3 3151 3355 5 2823 2835 3
3012 3452 4 2027 2958 2 4482 4307 2 3700 3961 5 3172 3701 1
2778 2852 2 4009 3608 3 4893 5342 4 2673 3482 5 1954 2940 3
3168 3612 3 2510 3288 2 3284 4623 6 2363 2137 3 3450 2978 3
2376 2990 5 3952 3392 3 2658 3402 1 2990 6563 6 2932 2508 2
3094 3057 7 2036 3586 1 2020 3250 4 3548 2765 3 3437 3189 1
2537 4181 3 3819 3052 2 2062 2520 4 2122 3585 3 2974 2355 4
3144 2268 3 2141 3976 5 2572 3102 2 2998 3552 5 2475 1638 2
2311 2312 2 3943 4721 1 2204 3230 5 2637 1882 3 3150 3788 6
1720 2153 3 2016 2131 3 2269 3484 1 2035 3181 5 3548 2712 4
2492 3848 1 2890 2540 5 2672 3617 2 2097 3362 4 3260 3337 3
3165 2998 4 1645 1923 2 3474 4058 3 3656 3314 6 2339 3279 1
2069 2575 2 2682 3314 3 3126 3239 2 2840 3539 5 3522 3384 5
3662 4584 4 2852 3242 2 3484 3248 5 2459 3312 1 2791 3403 4
2578 2943 3 3277 3034 1 2970 3234 3 2152 3276 4 2697 2747 4
4725 6302 2 4353 3385 1 3147 3128 3 3956 4941 6 2260 2827 2
2029 2714 1 2336 2868 4 2282 2645 3 1578 1805 2 2836 3601 7
1956 2881 4 2073 2240 5 2967 2475 3 2851 3828 2 2815 2183 3
2598 3645 3 3727 2841 6 1869 2198 1 2849 4548 3 2684 2361 4
2185 2848 3 2044 2899 1 2367 3207 5 2319 1986 5 3069 3346 3
1915 2380 3 1978 2508 2 2256 3075 4 1962 2772 5 1887 1368 4
2341 2998 4 2242 3018 1 3617 4804 6 2762 2336 2 3088 3315 2
3477 2544 1 2653 3292 2 3381 5472 8 2675 3710 2 2731 1867 3
2620 4054 3 1864 2056 1 2653 3124 3 3462 3446 4 3140 2935 5
1934 3670 3 3588 3053 3 3130 3695 2 3217 4797 6 2143 2011 2
3933 3865 4 1835 2496 2 3137 3686 4 2315 3242 3 2525 2244 4
2611 2379 2 2880 3017 1 2997 3088 5 2777 3841 6 2063 2402 3
3692 5128 4 2301 3005 2 2889 3157 2 4886 3864 4 2563 4484 4
3672 2630 4 3349 3737 3 3006 3636 2 3030 3616 4 3443 4503 3
2713 3471 1 2939 3413 3 4192 3790 4 3775 4595 5 2652 2878 2
3242 3147 6 3066 4302 4 2705 3874 3 3167 3130 3 2222 2781 2
1859 4957 7 2594 3631 2 3206 2561 5 2432 2657 1 3055 2225 2
2511 2514 3 2025 2349 2 2506 2858 1 3259 3110 6 2472 3530 6
3849 4554 9 3290 3278 2 3598 2941 2 2986 3818 1 3533 3687 1
1880 2856 3 3691 3749 5 3523 4162 4 2412 3136 2 1357 2592 3
3412 3355 4 2969 3495 2 2443 3143 5 2512 3454 4 2867 3541 2
1690 3214 5 2200 3146 4 1545 1927 2 2397 3201 4 2802 2767 1
2998 3204 3 1642 2066 3 1876 2903 4 2108 2866 4 2315 2835 3
3058 3419 3 2660 1834 3 4230 3787 5 2601 3975 3 3261 4164 2
2209 2798 3 2191 2780 2 4031 4329 4 2380 3241 4 2906 3467 3
2169 3376 4 3232 3024 3 1817 2317 4 2819 3551 3 1585 2545 4
3830 4127 2 3505 3792 3 1648 2672 6 2095 2266 2 3711 4494 3
2528 2192 5 3420 3541 2 2852 2802 2 2706 2898 4 2197 4122 6
3009 4537 6 3528 3272 5 2435 2657 1 1948 3409 1 3791 2918 3
2496 4241 1 3991 3813 2 3222 3410 6 3035 3666 6 4146 4091 1
2751 2507 5 4181 5205 3 2733 2245 3 2706 3448 3 2833 3329 2
1580 2615 1 2075 2727 3 3354 3417 3 2723 3260 2 3670 3146 7
3190 4217 3 1314 1936 1 3060 3346 4 2553 2556 6 3738 3112 3
4509 3365 7 2529 2586 2 2584 4348 1 3127 3583 4 2956 2737 1
2175 3034 6 2782 3823 4 2723 3658 2 2919 3087 2 3793 3696 3
2291 2437 2 1763 2761 4 2752 2464 4 1935 1537 3 2116 2788 5
3608 3823 2 3158 3990 3 2791 3941 5 3533 4053 4 3849 3316 2
1907 3474 3 2971 2819 5 2800 3559 2 3221 3077 2 2098 2586 5
2217 3278 3 3076 3611 4 4660 5473 4 3107 3731 3 3759 3193 2
3289 3529 4 4083 3887 3 2581 2501 5 2034 2746 2 2678 3334 1
3527 3895 5 3742 5603 2 3370 3096 1 3051 3350 3 3556 3261 4
2834 3583 5 3920 3485 4 2186 3107 2 2528 3130 3 2892 1744 3
2440 3046 3 2702 2880 6 1673 2924 2 1937 2391 4 2465 3799 3
3398 3252 6 3475 3577 4 4436 3855 1 3626 3829 3 2770 3505 1
2756 3840 3 1772 1726 1 2504 3124 2 3323 4979 8 3749 2761 2
3154 3440 3 3965 3914 3 3568 3795 4 3783 4166 2 2500 3249 3
2312 3689 4 1865 2056 3 1510 2319 4 1434 2420 2 1971 1351 5
4174 3526 2 2007 2605 3 2973 4662 6 2506 2128 3 1668 2208 3
2901 4409 6 3282 2715 2 2132 3878 4 2839 2728 1 3252 3062 4
3331 3426 4 3158 2342 2 3012 3713 2 3555 3735 3 2186 2576 4
3437 3444 3 2510 2097 4 2401 3907 2 3465 3679 5 4106 3700 1
2784 2114 2 3293 3615 6 3346 2780 1 3359 3778 4 1736 3704 3
2844 4918 5 2520 2990 3 2162 2274 2 3287 3141 4 2733 2327 3
2406 2418 3 1889 3196 6 2683 3297 2 1927 1899 3 2152 3175 4
4011 4728 5 3300 3622 3 3245 3473 1 3430 2565 1 3408 4516 5
2149 2307 2 2320 2348 2 2295 3959 4 2293 2071 5 1893 2285 4
3194 3230 5 2875 3492 3 3917 3408 3 2504 3225 1 2816 2956 3
2270 2881 3 3891 3342 3 3601 4170 4 1904 4151 4 4375 2963 2
2639 2155 3 1822 3508 2 2461 3432 5 1442 2370 1 3883 2562 4
2893 3242 4 3163 2977 3 2413 4304 6 3747 4681 2 2167 2567 3
3196 3785 4 2901 4170 5 2496 2440 2 3172 3108 2 2935 2750 4
2053 3368 4 2335 2638 3 3050 3324 5 1884 2761 2 4337 3762 2
2931 2995 2 3062 3520 2 3346 3559 3 3576 4727 6 1790 3073 3
2699 3025 4 3435 2990 4 1902 1889 2 2836 4746 4 2976 2964 3
3490 5394 5 4895 3941 1 2923 2635 5 2889 3590 3 2700 2981 2
3028 3521 3 3034 3226 1 2298 3027 2 2315 2690 6 3235 3439 4
1893 2164 3 4180 3772 7 3552 2075 1 2866 4635 2 3481 4272 3
3084 2525 3 2313 3754 6 1816 1980 1 2455 2773 6 2648 2342 2
4245 3632 3 2317 4574 3 4234 4830 5 4479 4151 3 2716 2988 3
2733 2515 5 2504 2622 3 2278 4483 3 2542 1522 1 2381 3678 4
2688 3513 3 3813 4036 5 3276 4192 4 3359 3486 4 2574 1453 3
2676 2283 1 2516 2670 3 1940 3172 2 3171 2509 4 3143 4131 6
3545 3398 2 2550 2519 6 2684 5815 4 2947 2464 1 3468 2466 3
1625 2483 4 3372 4026 4 1584 2515 3 3353 2772 4 3157 2556 2
3506 4510 7 3912 4249 1 2479 3563 4 2992 3506 2 3554 3192 3
2146 3271 7 2554 3714 5 1748 2594 2 3148 2644 1 1764 1988 2
3313 3430 3 3497 3562 3 3289 3739 5 2016 2882 3 2985 3274 3
3540 3646 4 3059 3949 4 3582 4533 1 2013 2615 3 2297 3258 5
2930 3275 1 2222 2906 5 1988 2940 3 2482 2313 5 3088 3117 3
2258 2159 3 1577 2080 2 1942 2647 4 3234 4231 5 2089 1729 3
2125 2554 4 2243 2917 3 2177 2806 1 2553 2878 7 2252 2540 4
2833 4810 5 3557 3179 1 2359 2880 2 2427 2425 4 2072 2415 3
3106 3119 5 3658 3986 3 2904 2801 2 3379 3985 4 1480 1962 3
2359 2460 4 2350 2855 1 3877 4273 4 2793 3826 4 2114 3084 4
3086 2789 2 2587 2915 4 2919 3268 4 2752 4331 2 3238 3135 3
4015 2943 2 3814 4302 4 3671 3262 3 1492 3015 5 2250 2809 1
3028 2873 6 1867 3192 2 1995 2096 5 2346 2016 2 2191 2674 2
3231 3349 3 3644 5001 3 4467 3364 3 1820 2917 6 2398 3467 2
2480 3421 4 2512 2088 5 2683 3059 3 1109 1951 2 2353 2896 4
3149 3969 4 2234 3127 2 2370 3133 1 2703 2591 4 2513 2614 6
3207 3898 3 2860 2959 4 3147 4536 2 2623 3348 3 4147 3447 3
2845 3033 2 1974 3561 2 3858 3796 8 2210 2254 2 4245 3334 2
3238 3141 3 3008 2964 1 3683 4630 7 2391 3362 4 2992 3385 4
2724 3155 5 1828 2390 3 2482 2717 3 3092 3232 3 2595 2898 3
1797 2289 3 2119 2942 3 2211 3630 6 2094 2254 1 3482 3075 4
2196 2356 1 2133 3071 7 3559 4228 3 2514 2273 2 2570 2434 2
2810 4075 4 2842 3000 2 3500 4177 3 3865 4221 3 2921 3051 3
2602 3850 6 2281 2325 3 1656 3361 3 1953 1868 3 2807 2896 2
3577 2789 2 2436 3926 3 2729 3234 4 2335 3368 5 2727 3505 4
3181 2878 3 2058 3155 3 2041 3397 5 3234 3541 4 3245 2815 2
2328 2567 4 2915 3281 2 3438 4274 7 1978 2969 1 3482 3914 3
2639 4005 4 3452 3592 2 3362 3300 5 2579 2000 1 3969 4634 6
1719 2487 3 2853 3064 5 2029 2150 1 1893 3770 5 2313 1717 4
1202 2874 3 2260 1950 3 1806 2282 3 3192 3284 4 2536 3668 3
2465 3105 4 1992 2063 2 3077 3372 5 2374 2331 4 2343 2800 2
3006 2894 3 1968 2029 1 3693 3351 5 2099 2881 6 2631 3092 2
2646 2953 5 3132 4127 3 2542 3379 2 4427 4028 4 2139 2817 3
3819 4671 1 3450 3603 5 2324 2483 2 3718 4433 4 2884 2800 3
1905 1986 3 2898 4002 3 3392 3691 2 3703 4954 5 3028 3325 4
2682 3294 3 4058 4377 1 3748 4145 4 3187 2678 3 2616 3236 3
2639 3841 5 1715 2058 3 1815 2159 2 2479 2260 3 2426 3293 4
2486 3068 6 2310 2453 4 3924 2438 1 2190 2719 3 2571 3934 3
2613 2706 4 3822 3719 5 2692 2635 1 3002 3483 1 2274 2603 5
1805 2297 3 2539 4003 6 2496 1935 3 2216 2025 1 2684 2787 4
1990 2815 4 2242 2613 3 2768 3390 3 2856 3803 2 4055 3587 4
2685 2658 2 2723 2227 3 2969 2861 5 1648 2435 3 2757 3787 3
3794 3232 3 2997 2960 3 2507 3563 2 2424 2850 6 2067 2630 4
2737 3106 6 1621 2681 2 2098 2422 3 2420 3069 4 2678 2821 3
2436 3284 3 2332 2779 1 4063 3532 3 2911 4064 7 2107 2276 2
2598 3123 4 1711 2850 6 2936 2055 2 2118 2189 1 2587 3352 4
2225 2086 2 1979 3174 4 3202 2733 2 2912 3817 5 2606 3565 3
2978 3453 1 2953 4190 4 3407 3992 3 3567 3896 4 2900 2618 4
2745 3216 3 2156 2957 3 3725 4303 4 2590 2963 2 3149 3406 3
2470 2696 4 2374 2568 2 1588 2290 1 3306 4080 6 2827 3830 3
3380 2235 3 2730 4092 5 2012 2056 4 2765 3525 3 2674 3229 2
2530 3314 2 2564 3455 3 2591 3175 4 3415 3865 3 3239 3490 4
2491 2716 4 1313 2293 4 2588 3622 3 2114 2214 6 1177 1444 1
2722 3282 6 820 1093 3 3445 2720 2 2601 2971 4 1696 1851 3
2685 2986 3 2541 2920 2 2234 2865 4 2441 2892 2 2689 3653 7
2691 3735 2 3256 3814 3 4784 4778 5 2346 2959 5 2392 2522 2
3132 3370 2 3572 3595 3 1958 3676 3 1606 2628 5 3069 2092 3
1990 3512 3 2861 2853 2 4178 4399 3 3794 4510 5 2798 2291 3
2247 3737 2 3585 3586 3 2582 4175 3 2949 3006 6 2671 2439 2
3179 3379 5 2014 1758 2 2189 2440 3 2883 3794 7 1521 1744 1
3409 4943 2 3646 2956 2 4004 5021 5 2839 4067 3 3870 2331 3
1999 3288 3 3094 2438 3 3094 3575 2 4969 4255 2 3784 4166 3
3455 2630 1 4217 4234 2 3794 5683 6 2582 3073 3 2710 2620 3
2442 2168 5 2523 3809 3 2743 3439 2 3996 4353 3 3887 3479 3
2061 1885 2 3230 3345 3 1409 3899 1 3108 3436 6 2813 1493 5
2808 3696 5 2310 1143 3 2372 3750 4 1591 2519 3 1862 2269 3
2055 2250 4 2513 2254 2 2075 2235 3 3099 3940 5 2074 2981 2
3728 3616 1 2795 4805 5 5088 4085 3 2987 2502 1 2705 4972 6
2617 3831 2 2495 4036 6 2123 3093 2 1898 1756 4 2377 1750 2
2945 4611 5 3858 3303 3 3633 3850 3 4030 4401 5 2540 1855 1
2100 2953 4 2596 3199 2 3278 1972 2 2348 3973 8 2322 2793 1
2815 2906 3 3794 3076 3 2360 2914 3 2636 3657 3 2584 3968 4
3542 2547 2 1783 2897 4 2144 2174 3 3111 3025 2 2721 3716 5
3385 2957 5 2311 2542 3 2381 3264 3 3482 4128 2 3564 4892 4
3466 3174 2 3000 2197 2 2686 4190 6 3650 3264 2 2027 3041 4
3376 3644 3 2568 2405 3 2660 3634 4 3180 2605 5 2204 3599 2
3206 4330 5 2745 3286 4 2461 2914 1 2527 3570 3 3232 3280 3
2348 3426 5 3278 2977 2 3151 2293 3 2407 3054 3 3711 4454 3
2255 1974 3 2902 3924 4 1542 2924 4 1704 1695 3 3039 2350 4
3139 3366 7 2359 3708 1 3130 3227 3 1947 2944 3 2775 3398 2
3962 3438 5 3235 4181 3 2898 3381 4 2398 3825 2 2422 1845 1
2892 3270 5 2252 2721 4 3543 3923 3 2644 4009 2 2379 2038 2
2467 3179 2 2583 2543 2 2380 2674 2 2211 3706 6 3268 3317 5
2194 2627 6 2250 2165 4 2351 3509 3 2277 3302 3 1515 1541 1
2018 2912 2 3227 3390 4 3985 3125 2 2804 3727 3 2012 3078 5
1485 3002 4 2471 2601 2 2706 3424 4 1861 2507 2 3990 3048 4
2916 2785 4 2412 4259 3 2268 3265 3 2780 3492 3 3140 3382 4
2514 1696 4 1464 2109 4 1481 2562 3 2239 2921 4 829 1409 3
3249 3260 2 4118 4140 5 1905 2491 1 2498 4893 6 3546 3283 2
2416 2204 4 1985 3014 4 2591 1986 1 3091 3619 5 2833 3193 3
3240 4312 3 2732 3223 5 2631 3143 5 2916 2674 2 2974 2873 2
2366 2631 3 2201 3035 2 2325 3347 5 2044 2903 1 2605 2059 5
3159 2772 2 1881 3157 3 3340 4441 4 4018 3412 4 2953 4235 3
3369 3802 2 2419 3435 2 2590 2726 4 3510 3489 3 3099 2472 5
1594 2737 2 3273 2035 1 2229 3049 3 2716 3144 1 3828 4313 9
2199 2174 2 1847 2636 5 2497 2513 4 2300 2704 2 2700 3553 3
2069 2423 1 3795 3615 2 3217 4746 5 4113 4213 4 3419 3289 3
2432 3323 4 1903 1606 2 2032 3598 6 2552 2577 3 2699 2170 2
2320 3211 3 2579 3515 6 3665 2485 3 1951 2022 3 1516 2349 3
3168 3824 2 1775 2745 3 3102 3287 4 2869 2554 4 1763 1851 3
2514 2490 4 2506 2741 2 3454 4017 5 3233 3824 2 1641 2777 2
3677 4433 2 3725 4665 2 2790 3915 5 3073 2941 2 3205 3173 4
2287 2892 3 3667 4549 4 2740 3177 3 3731 4051 3 4070 3525 3
3040 4532 5 2828 2684 2 2363 3076 3 2564 2724 5 1558 2838 3
2441 2555 3 3271 4185 4 1652 1649 4 3031 2858 5 3096 3810 2
1749 2350 3 2011 1880 1 3144 3599 3 2140 2204 3 3251 4069 7
3540 5084 5 3037 2882 2 2834 3338 5 2260 4086 2 2941 1786 3
3156 3718 5 1908 2292 3 2807 3383 4 2749 2633 1 3574 3583 3
2840 2760 2 3335 3657 3 3286 3497 3 2536 3146 4 2552 2788 3
3446 5328 4 2713 2920 5 1931 2197 1 3694 3804 3 3490 4052 2
4003 4237 2 3241 4075 2 2307 2225 3 3278 2854 2 3179 4505 7
3800 3747 4 1571 2467 3 4393 4279 3 3813 4256 5 1830 1619 1
2453 3530 3 3251 3575 3 2134 4321 2 2492 2254 2 3598 2272 6
2157 4543 2 3960 3240 4 1911 3018 3 2376 2778 6 2267 1581 2
1568 1915 3 2413 3826 5 2488 2536 4 2011 2436 3 2152 2508 3
3711 3492 4 2472 2902 2 3741 3281 6 2536 3009 1 1854 2628 6
3878 4038 2 2951 3117 3 1712 2366 5 2931 2857 2 1919 2737 5
2275 2083 1 2681 3364 2 2714 4093 5 2064 1984 4 2645 3437 6
1941 3254 3 2518 2243 3 2304 3674 4 2510 2512 6 2325 3103 2
2558 3826 3 3780 3809 5 2299 3451 1 4170 3408 2 3663 3085 4
2137 1967 2 1372 2057 3 883 2427 2 1219 2788 6 2340 2142 5
2907 3577 2 2649 2353 1 2869 3033 4 3449 4613 9 2378 2814 1
4397 3547 3 3264 3991 1 3148 3400 4 3127 4386 3 3525 4018 4
3091 4937 5 3427 2114 4 3243 3459 2 2357 3104 2 1475 2359 3
3074 3784 4 1789 2024 1 2509 2140 2 1763 2083 4 2749 1524 5
3548 4624 4 2512 2505 2 3131 3680 5 2522 3120 3 2961 2388 2
1821 3168 2 2864 3331 3 3096 3456 3 2930 3292 3 2928 2613 5
2267 3060 6 2623 2751 1 3180 3188 5 2939 3340 2 2353 3383 2
3076 3384 2 2002 1978 2 3199 4544 3 1898 3107 6 2925 2042 3
3017 3270 2 3467 2998 4 2129 3573 4 2628 3568 3 2155 2966 4
2746 2952 2 2154 2495 3 2678 2877 4 2627 2922 3 2923 4057 4
3210 4331 4 3452 4183 2 3145 2535 3 1498 2374 3 3199 3469 4
3974 4416 2 3661 3887 2 3262 4260 4 2320 2365 2 3421 3150 6
2286 2355 3 3893 5421 5 2650 3507 2 3890 3620 5 3258 2457 2
2358 3180 4 2326 2766 2 2610 3405 3 2092 2680 6 2931 3760 3
2953 3929 1 4474 5207 7 2460 3393 5 3432 3077 1 3379 2720 2
2067 1777 3 3308 3728 2 3423 4867 7 2905 2698 1 4092 4071 3
3217 3525 5 3180 4158 5 2488 2848 4 2198 1952 2 2540 2736 3
2953 2740 3 2906 2174 2 2108 2496 3 2777 4173 6 1361 2167 2
4120 3530 3 2744 4572 7 3348 4173 1 3292 3514 3 2655 3128 4
2973 3110 5 2550 2189 2 2711 4687 6 2166 2716 2 2569 2314 2
2550 3897 4 2065 3096 4 3597 4378 2 2408 2635 3 2052 1961 3
4255 4120 2 3600 4136 2 3549 4740 6 3122 2684 4 3306 2843 2
3014 5015 4 2609 2607 1 3279 3822 3 3700 3211 4 3164 2866 4
3675 3683 3 2547 2644 3 2815 3005 3 2513 2625 3 3536 4572 2
3650 3088 4 2732 4445 2 2271 2827 1 2959 4789 7 2710 2904 3
3333 3206 2 2313 2856 2 3609 4288 3 3216 4992 6 2884 3309 3
2305 3406 5 3483 3943 3 2468 2280 1 2083 2476 2 3006 2074 4
3055 3214 4 1974 3168 5 3262 3857 2 3150 2783 2 2466 3174 4
2880 2123 5 2982 3588 5 1664 2710 3 1953 1291 2 1706 3209 2
2607 2841 1 3948 4336 1 2647 2843 4 3883 4360 7 3730 3178 4
3568 3306 5 3378 3881 1 2399 2820 2 2276 3194 4 4190 3524 3
2614 3604 3 3355 4007 5 3566 3606 2 3017 3405 4 2794 3433 2
3884 4609 2 4280 4303 3 1816 3307 5 3118 3515 4 2493 2601 3
2188 2500 5 1649 2788 3 1931 1573 3 2391 2104 3 2196 2878 4
2414 3407 2 4213 4539 3 2291 3562 2 2697 3071 5 3901 3030 3
2253 2474 3 2179 3684 2 3034 2937 4 2151 2716 3 3765 3833 3
1490 2490 4 2606 2833 2 2293 1739 3 3470 4567 5 3133 3626 3
2858 3165 3 2949 3416 5 2894 3915 4 2603 3548 2 2549 2474 2
3190 2600 2 2706 3430 2 2086 2888 4 3003 3140 5 3952 4069 2
1257 2902 2 2666 3245 5 2404 2263 1 2178 2851 6 2424 2577 3
3058 3264 2 2214 2524 3 3262 3035 3 2993 3268 5 3041 3465 2
2343 3357 2 2653 2720 3 2273 3618 3 3351 3293 4 3692 3841 4
3565 3530 2 1699 2064 1 2076 2630 1 3053 4805 7 3976 3525 5
3336 4604 3 3624 4312 5 2645 3754 3 3209 3339 3 3187 2412 2
2906 3642 3 2568 2903 1 3437 4463 6 2796 3041 4 3992 4317 2
4287 3922 2 3797 4553 3 3729 2660 5 2536 3574 3 4166 5083 2
3431 3324 4 2407 4018 4 2165 3182 3 2247 2212 4 2301 2552 3
2373 2677 3 3010 2503 4 2016 3133 4 1604 2876 6 1554 1569 1
3855 6367 5 2664 1751 2 3438 3422 4 3400 4223 4 2177 3113 2
3347 2838 5 2801 3648 2 2386 4415 3 1985 2411 2 3463 2982 4
3516 2961 3 3800 3181 2 3250 4829 5 2954 3635 3 2405 3553 3
1694 1833 1 2905 5013 8 2732 2937 4 1047 2690 4 3096 2589 1
2043 2066 2 2472 3459 5 2614 2831 4 2372 2996 3 3314 1950 3
2624 4103 5 2417 2834 2 4056 3601 3 2560 3512 3 4427 3570 4
2506 2498 2 3416 3998 8 1675 3318 1 2531 2882 4 2119 2047 2
3268 2982 3 2655 3639 4 3205 3268 3 2720 3672 3 2940 3496 4
1918 2157 3 2814 3129 4 2241 3203 3 2515 2908 4 1641 3628 4
2348 4115 1 4897 5098 10 3864 4059 1 3936 3945 3 2727 3031 1
1586 3354 3 3509 4578 2 2372 2998 2 5559 4410 6 3418 2239 1
1685 3001 5 2265 2486 3 1463 2168 1 2021 2556 7 1820 2379 2
3472 3184 3 3026 3681 4 3706 3561 4 2565 2938 4 3711 3536 2
3704 3712 3 4172 3477 4 2461 4531 5 3535 3985 2 2250 1991 1
3565 2748 2 2780 3656 4 4191 4657 4 2411 2576 2 2282 2399 3
2173 2913 4 1789 1874 2 3714 2988 2 2430 3904 6 2727 4155 4
2948 3223 1 3111 3636 3 2073 2373 4 3590 3169 2 2159 2203 6
4252 3559 2 2169 3726 3 2937 4046 2 4502 4920 6 3407 2826 3
2128 2632 3 2449 2708 3 2091 3313 4 2481 2395 4 2714 1931 3
2741 4096 1 4019 4643 4 3111 2860 4 3643 3968 3 2855 3275 4
2672 3479 2 4713 3986 2 3579 3141 6 2340 3242 3 3096 3866 3
2329 2856 4 2384 3113 4 2771 3517 4 2658 2864 2 3229 2679 2
2115 2586 3 2974 3389 3 2560 2269 3 2590 3792 2 3234 3878 4
3176 2852 4 3053 3279 2 3226 3293 2 2950 3148 6 2724 3816 3
3578 3794 5 2827 3005 2 3041 3271 3 2730 3118 3 2915 3839 3
2321 4035 3 2323 3901 4 2145 2889 3 3188 2081 4 1892 2466 2
4062 4231 4 2669 2846 1 3103 4028 4 3369 5404 3 3296 3067 3
2220 2004 1 2940 3212 4 2758 3115 1 1398 2718 5 2000 3255 6
3393 3253 3 3596 3533 3 3251 4104 5 2638 2876 2 2644 2991 3
2647 3020 3 2219 2440 6 1935 2974 3 2495 2290 2 2520 1666 2
1512 1893 4 1909 2788 3 2883 3135 3 2284 2515 4 2225 2891 3
2329 2966 2 2176 4496 3 2968 3417 3 2958 3192 1 3471 2558 7
1613 3249 4 2759 2550 4 2125 2324 3 2597 2639 3 1731 2465 3
2005 3473 3 3310 3842 1 3178 2591 3 3122 3679 5 1873 2289 3
1693 2901 3 2716 3601 3 2230 3138 5 2631 2220 2 2089 1796 5
1805 2808 2 2185 2589 3 2931 2869 5 2920 3646 2 2790 3544 4
1915 2942 1 2858 3369 4 2586 2704 2 3079 2554 4 2376 2820 5
2634 3456 4 3477 3153 2 2358 3465 1 1555 2461 6 2598 2212 5
2544 3002 5 2898 3463 2 1968 3079 3 2754 2653 2 3788 4371 4
2096 2718 1 2417 2698 3 3285 2957 4 2921 4365 6 3010 2699 3
2080 3134 3 3259 3934 3 3253 2653 5 1606 1673 2 3202 2999 4
3351 3549 3 2632 3599 2 2700 2911 2 3652 3653 2 3551 3780 6
2412 3741 2 3128 3801 3 3386 2762 3 2116 2916 2 3801 4457 5
2606 3973 6 2765 2814 2 3194 3189 4 3049 3423 3 2857 3451 2
4128 3956 3 2571 4499 6 3596 4022 3 2519 2072 2 4043 4744 4
2545 3863 4 2574 3178 4 2193 3237 3 3674 3484 3 3865 3153 2
3946 3537 2 3002 4193 4 3481 4024 3 3469 4276 4 4168 3578 3
5160 3205 2 3378 4563 5 3372 4319 4 1733 1924 2 3471 4724 3
4429 4426 2 3417 3278 2 2900 3770 4 2884 3729 4 3465 2314 4
3781 4130 2 2394 3964 4 2608 2818 3 3693 4747 2 3996 3468 2
4712 5828 2 3128 3449 2 3296 2638 2 2111 3616 5 3418 3239 5
2720 4316 4 2617 2267 2 3067 3453 3 2764 3590 3 3475 3577 3
3002 3602 4 2511 2487 2 1867 2362 5 4685 3427 3 2119 3275 3
2128 2736 3 3072 2823 4 1212 1712 5 2681 3313 3 2579 3061 2
3271 3022 3 3440 2707 5 1917 2779 2 2745 2388 4 2501 4103 3
2321 3570 5 2467 2921 5 2070 2977 2 3006 2248 3 3075 2389 2
2647 3714 2 2513 3109 5 2303 2547 3 3644 3368 2 1991 2690 4
2506 2936 2 3500 2954 4 2675 3309 1 2319 3479 5 3389 2829 4
1719 3125 8 2323 2125 2 2999 3658 4 2051 2234 1 2237 2970 2
3268 2826 1 3551 2913 5 2048 3542 3 3354 3235 5 2248 3038 3
3833 5462 3 2382 2891 2 3448 4664 5 3597 3218 3 3917 2432 2
3425 3880 6 2052 2794 2 3814 3310 2 3807 3916 3 2260 2983 3
2714 3528 5 4531 3470 2 3248 3030 4 2673 3645 3 2399 3511 3
2319 2944 3 2745 3093 5 2852 3491 5 1595 2087 1 3008 2483 3
4187 4183 3 4047 3667 3 4162 3820 2 4038 5847 5 2105 2593 2
2195 2716 1 1091 2537 2 3815 4414 6 3134 3188 4 2485 3104 4
2592 3442 2 3056 2965 5 3280 2576 2 3446 4149 4 3076 3786 3
3154 4828 1 3505 2926 1 4127 3422 3 4234 4778 2 2509 4513 6
1925 2968 2 2440 3927 4 2432 1761 3 3308 3387 5 2894 3313 2
3499 3359 3 3777 3939 4 3149 3160 3 2288 3089 4 2433 2607 3
2252 2295 1 2920 3246 5 3580 3928 2 2669 3543 2 3176 3682 5
1936 2302 3 3308 2859 3 2936 3258 4 1426 2064 3 3415 3708 4
2402 3238 4 2750 3146 4 2493 2666 1 3374 3117 4 2012 2132 4
3580 4858 3 3199 3087 2 3985 4198 2 3358 4246 7 1750 2518 1
2438 2159 2 1532 2490 2 3738 3624 5 2481 3033 3 2471 2190 5
1663 2611 4 3250 2912 4 2453 3118 2 2510 2065 5 2269 3870 3
3111 2465 3 2177 3161 3 2249 3256 5 2532 2957 5 1305 2327 2
3245 3372 2 4115 5997 2 4110 4188 3 2563 2813 5 3151 3087 2
2773 3872 5 3409 4228 4 2687 2919 1 3221 3295 4 2745 2115 2
2894 2920 1 3600 4228 4 2555 3889 4 2905 4557 3 3482 3326 5
4788 2555 2 3687 3385 3 3548 4159 3 2385 3805 2 2474 4069 6
1997 3396 3 2736 4342 6 3501 3487 3 3020 2636 2 3241 3753 3
3778 3989 5 2663 3794 3 2705 4160 2 4633 3744 3 2118 1791 2
2547 3437 4 2469 2531 1 2271 3651 3 2677 2985 5 2999 2831 3
2443 2898 1 2391 2719 1 2697 3480 7 2313 3127 3 3753 3134 3
1884 2577 2 2748 3357 4 2685 4023 4 2120 3145 2 4758 3481 4
3695 4181 2 2636 3782 2 3731 2955 4 2906 3424 1 3124 3954 6
3457 3563 5 2952 3714 4 2596 3446 1 1561 2652 4 3378 2063 3
1561 3130 4 2082 2384 3 1885 2194 3 3032 3088 5 2588 1824 2
2488 2572 3 3340 3095 5 1975 2708 2 2068 2890 4 2044 3492 3
1841 2857 3 2363 2669 3 3446 5335 4 3996 2693 3 2312 2454 4
3009 5286 3 4050 3144 3 1649 2543 4 3071 3337 4 3410 2683 1
3352 4012 4 3947 3201 4 2341 2926 2 2576 3354 5 2619 3307 2
2345 2899 4 2309 3236 6 1568 2581 1 3224 3042 4 1503 1814 2
3144 4261 5 3869 3339 2 3387 3732 2 2850 3099 3 2558 3497 4
2892 2166 4 1235 1800 3 3102 3084 5 2133 3421 2 1913 3221 3
3999 5266 6 2671 2574 1 3400 3321 3 2419 3489 2 3859 3586 4
2371 2887 1 2982 3508 1 2595 4042 6 3419 3308 6 2279 3138 3
3588 4100 3 4962 4432 3 3652 4912 4 3292 3776 2 2275 1443 3
3243 2188 2 2899 3442 4 1993 2673 2 3167 3536 4 2626 3342 5
3730 3605 4 2739 3708 3 3326 4312 3 2154 2449 4 3211 3117 4
2906 2827 3 2885 3181 3 3589 3510 3 3939 4602 2 2175 2103 4
2507 2888 4 3550 2616 3 2555 3939 3 2064 2972 5 2533 2727 3
3437 4578 3 4422 3535 5 3140 3859 4 4081 3895 1 3102 2872 2
2633 2252 4 3152 2960 4 1818 2678 3 1416 3125 3 2836 3881 2
2538 4639 5 2360 2126 2 2854 3021 1 4451 4872 6 2603 3046 2
3261 4250 2 3025 3203 3 2391 2736 2 2355 2765 5 4914 3670 2
1865 3062 3 3088 3860 5 2958 3538 2 3420 2973 2 3166 3057 4
1424 3051 3 1171 1702 2 2707 2292 5 1945 1567 1 1127 3047 8
2826 4135 3 3015 3912 4 2938 3636 1 3885 4001 4 3398 3110 4
2573 2351 5 2224 2933 3 2335 3371 2 2357 3473 4 2197 2315 2
3720 5233 4 3518 3642 3 2679 2294 2 3779 4367 5 3583 3632 1
3103 5456 4 3339 4561 3 3148 3397 3 3229 1852 2 1713 2360 5
2837 1996 2 3152 3211 4 2450 3420 7 1894 2653 1 2501 2635 3
2553 2415 1 2627 3747 5 1653 3226 4 2521 3013 3 3659 3317 4
2965 4439 5 2684 4566 2 2943 2570 5 2812 3108 1 2646 2215 3
2956 4103 4 3543 3426 4 3853 3536 3 3545 3661 5 2802 2868 1
1778 2283 3 1994 2377 3 1854 2582 5 3093 3322 4 1613 2776 2
3531 3936 4 3943 3186 2 3011 2881 2 2679 3865 3 4023 5077 4
3586 2695 4 2899 3554 2 2866 3052 4 2239 3586 3 2554 2748 3
2732 3475 4 3432 4391 3 3023 3080 3 3401 2696 3 2893 3783 4
2593 2165 3 2685 2063 2 1649 2371 3 1177 2166 5 1708 2612 4
2549 3392 4 3970 3892 2 3201 4475 4 3636 3290 3 2961 3423 3
1924 2065 3 1963 2752 5 3110 2793 3 2611 2908 3 2525 2723 3
2984 3469 4 1645 3689 6 1727 2059 3 2117 3531 3 2719 1903 1
2053 4269 8 2987 2238 2 1619 2020 1 2271 2281 4 2556 2136 3
1528 1691 2 2470 3583 5 3850 3721 2 2677 3070 4 2475 2601 3
2010 2988 5 2391 3223 3 2805 4812 3 3307 2449 2 3853 2686 3
2591 2172 3 2319 3368 2 2380 2988 5 1254 1507 3 2947 3210 5
3217 2806 2 3816 3593 3 2942 4707 4 2945 3595 5 3242 4095 3
1508 3638 3 3239 2891 4 3570 3579 3 2854 2878 4 2008 3328 3
3684 3668 7 3004 3420 2 3044 4576 2 1878 2512 2 3132 3416 3
2607 3787 3 2624 3278 4 3333 2937 4 2453 2207 3 2413 2722 4
1880 2764 3 1530 2062 3 1698 3009 4 1808 2039 4 2730 2506 3
2070 2760 4 3242 4366 7 2382 2940 2 3719 3383 2 2113 2745 2
2552 2708 4 3137 4595 3 2783 2740 3 1553 1738 6 1346 1672 2
3446 3026 4 2366 3459 4 2865 3339 3 1924 2334 3 1855 2728 2
2785 3234 1 2898 2988 2 2310 1787 2 2425 4275 8 3098 3406 3
2937 2680 2 3942 4679 4 3122 3386 4 2017 3783 6 3594 2635 1
4129 4070 4 3034 3368 4 2817 3967 2 2896 2702 3 2500 3664 5
3220 3293 4 1982 2286 1 3133 3481 5 2402 2813 5 1155 2466 2
2793 3555 4 2953 2488 2 3267 3757 2 3463 4266 5 3322 4484 4
3162 4647 4 4114 4210 2 2780 3098 2 5128 4921 6 2290 2672 1
1647 2535 3 1308 2181 4 2319 2448 3 2899 2645 5 2012 2348 2
2649 2640 2 4122 3829 5 2718 3451 5 2091 2313 2 2385 2892 3
1705 4139 4 3247 3173 4 3966 3171 1 3548 3383 4 3288 3988 3
2289 2939 2 2998 2512 2 3178 3304 3 1759 3006 4 3063 3519 5
3245 4181 5 2667 3175 5 2307 3572 3 3933 3285 2 3434 3345 1
3033 2788 1 3371 3463 4 2101 2821 4 2862 3854 3 1838 1714 4
2252 2873 1 4491 3553 3 3543 4871 4 2617 3125 5 3136 2294 2
2976 2923 3 1760 3041 5 2436 3461 2 2604 3423 3 2779 2745 3
2760 3122 4 3577 3463 4 3682 4308 3 3637 3770 3 2229 2640 2
3282 4247 2 3012 3407 3 2528 1688 3 3659 3884 6 2277 2484 2
1763 2469 2 3983 4154 4 1892 1603 1 3133 4063 4 3834 4765 4
1663 1672 2 3297 2932 4 2336 2949 3 1755 2480 5 2262 2688 3
3224 4125 3 3072 2800 3 3327 4944 2 4155 3425 4 2318 2640 5
3367 3451 1 2910 3522 5 2603 2520 2 2774 4055 3 2462 2906 7
1568 2898 3 2727 2642 1 2911 2587 4 2078 4302 4 2785 2481 6
2901 3381 5 3692 3382 4 3601 4557 4 3002 3501 2 3356 3240 2
3217 3046 4 3576 3312 2 2934 4109 3 3186 3697 2 2174 2280 4
3331 2747 4 3290 3877 3 1760 3135 3 2103 2608 3 3926 3141 3
2427 4068 5 2797 3564 2 3241 3434 5 2734 2885 1 3203 2964 4
3499 3817 2 3865 4334 4 3155 3249 2 2431 2918 3 2788 2487 5
1353 2848 6 3341 3801 2 2588 3277 4 2808 3423 3 3289 2187 2
2940 3374 2 3572 3765 3 2037 3514 3 3353 3648 5 2985 3358 4
2597 2494 4 2065 2254 5 2100 3465 2 2310 2581 4 2108 2942 3
3981 4641 6 3023 4017 3 3209 3364 1 3627 3726 5 3600 3114 1
2986 3778 3 3381 4237 2 3747 3678 2 2042 3555 4 2652 3545 5
2240 2355 3 2204 1731 3 2884 3753 2 2226 3041 1 3062 3218 7
4193 3443 2 3330 3321 4 2795 4126 6 4154 4743 2 2568 3260 2
3472 3125 4 2684 3957 3 2854 2899 5 2681 4087 2 3646 3374 1
3399 4064 4 2809 2974 3 2395 3233 1 3808 3672 6 2561 2626 3
2604 2561 3 2500 2594 4 2705 4366 3 2808 3530 4 2178 2030 2
2761 2899 2 3731 4083 4 2677 3671 4 3480 4233 2 3061 4296 4
2290 2619 1 2576 3101 3 3435 4309 6 3186 2014 1 2908 3371 4
2753 3086 3 2550 2618 3 3130 3291 4 3060 3674 3 1842 1884 3
3331 3661 4 1953 2277 2 3648 3092 4 2019 2959 4 2098 3002 2
3269 3436 1 2589 3437 5 3142 2320 1 3097 2684 3 2821 4365 5
2152 3103 3 2522 2827 3 2173 3176 4 2320 3830 5 3264 2789 2
2374 2325 5 2832 3022 3 3718 3333 3 2173 3272 2 3581 3671 4
3075 3381 2 3703 4638 3 2697 2523 2 2318 3118 3 3339 4152 6
3204 3962 2 2611 2384 4 2496 3172 1 4157 3304 3 2737 3536 6
2927 3603 4 3279 2664 4 2440 2951 2 2948 4283 3 2779 3341 2
2838 5036 4 1799 2520 2 2363 2465 4 3902 4597 4 2198 2026 3
3629 3573 3 2813 4003 8 2065 2001 2 1226 2311 1 2400 3007 3
4075 4135 5 3575 5165 2 3663 2668 3 2594 4569 3 3982 4047 4
2181 2577 4 2647 2700 4 2638 3159 3 1730 1728 2 2330 2609 3
3368 3515 1 3843 4080 3 2010 2062 1 2868 4317 6 2653 2678 5
4055 4017 4 3798 5069 3 2880 3272 4 2116 2696 3 2350 2158 2
2270 2750 3 2082 2503 3 3771 4379 2 3364 4481 7 2844 2597 1
3681 5151 4 2088 2797 3 3363 4260 2 2238 2970 3 3175 3152 3
2668 3257 2 2308 2000 4 3369 3367 2 2962 3187 5 2962 4013 3
3610 2677 6 2254 3543 3 1834 3840 3 3205 4152 2 3378 3175 3
2300 2351 1 2474 3558 1 3232 3607 5 3484 3213 3 3179 3809 5
2312 2644 4 1927 2725 4 2998 2982 2 2752 3324 2 1800 3017 4
2709 3154 3 2916 4434 2 3188 3850 3 4359 3715 4 2857 2648 4
3369 4008 5 3173 3962 3 3004 3582 4 2830 3981 3 3146 3093 2
3388 3800 4 2854 3596 3 3146 3479 3 3849 3318 3 2480 3225 3
3451 4784 6 3080 4259 3 3455 3659 4 3328 3260 2 2992 3693 1
3634 3692 4 2392 2613 1 3228 3795 6 3155 2840 2 1112 1885 4
2101 2396 3 3862 2986 3 2003 2465 4 2883 4318 2 3203 3267 4
2405 3205 4 3057 2667 2 2105 4049 4 4113 4034 3 3751 3528 3
2920 3172 2 2750 2485 2 2871 3897 3 2530 4032 4 3371 3121 5
1976 2805 3 2617 3198 2 3605 3851 3 2804 2451 3 2674 3275 6
2635 4150 5 2394 2287 2 3418 3075 4 3362 3753 3 2983 2448 2
2546 3569 4 2161 3618 3 3484 3847 5 3552 3775 2 3060 2076 1
4433 5318 4 2865 2395 2 2828 4302 4 2689 2922 4 1762 2766 4
788 2661 5 2320 2579 3 2451 2738 4 2368 2450 4 2957 2830 2
3531 4265 3 3296 3924 3 1393 1030 1 3130 3313 4 3139 3882 4
2410 3245 3 2850 3863 3 2542 2622 2 3779 3516 7 2038 3163 1
2450 3689 5 2517 3201 2 2581 2618 2 3359 2433 5 1867 2258 3
2802 3556 3 2163 2060 2 2470 3518 4 3065 2984 5 2514 3234 2
2147 2574 4 3559 3223 2 1755 2363 2 1864 3556 5 3991 4045 4
2763 2851 4 2771 3474 2 3277 4174 3 4452 5514 4 3146 2837 2
2844 3757 5 3998 4577 3 3192 2927 4 2313 3761 1 3289 3512 2
2396 2751 2 2543 2274 1 3232 4504 6 2842 3130 5 3084 2895 3
2129 1786 1 2257 2576 3 2723 3345 5 2090 2545 5 2455 2450 3
2557 3337 5 2462 3164 2 2185 2831 2 3084 2969 3 2254 2163 5
2056 3878 4 2842 2034 2 2979 4366 4 3095 2807 2 3172 3597 5
3697 4524 4 2163 2869 2 2803 2830 3 3062 3290 2 2799 3908 4
3472 3267 3 2763 4216 6 1833 2879 1 3716 3363 2 3625 3133 4
2792 4153 2 3651 4006 4 1928 2743 3 2293 2637 4 3059 3083 3
2363 2865 4 3058 3261 2 2756 3686 2 3082 2982 3 1937 2254 4
1908 2507 5 2652 3384 2 2437 3398 5 2573 3186 3 2988 2647 2
3384 5119 2 3224 3865 3 3520 2967 3 4081 3445 4 2385 3497 3
2297 3203 6 4012 3556 2 3061 3300 1 2239 2878 2 2154 2903 5
2846 2685 3 3587 2987 5 2721 4416 4 2195 2356 2 1927 1776 4
2440 3513 4 2422 2645 2 3375 3438 2 1986 2902 4 2927 1944 4
2239 3091 4 2130 1983 2 2424 3504 3 2594 3119 4 2653 3196 4
3631 3746 2 3686 3522 2 4193 4479 1 4200 5638 5 3792 4687 4
3982 4666 5 3102 3788 5 3646 4459 2 2326 2399 3 3497 3526 4
3593 4372 4 3616 3488 4 2038 3366 2 4456 3911 4 2583 2085 1
2815 2683 3 4194 4338 4 2447 3453 5 2763 3741 1 1622 1858 3
2391 2683 3 2696 3691 2 2156 3943 7 3033 2098 2 2526 3135 3
2251 3304 3 2389 2159 1 3429 3360 5 2790 3566 3 2457 2654 4
4160 3961 3 2765 3613 3 3306 5282 7 3591 3213 2 3112 2785 2
3863 4072 5 2791 3158 1 2714 3126 2 2911 2898 4 3540 5120 4
3300 3462 2 3081 3802 5 4041 3715 5 2436 2734 1 2439 3495 3
2196 2818 2 2574 3398 3 4337 3705 6 3989 4629 3 2665 2357 2
3501 2939 3 2520 3079 5 3020 3839 1 2887 3152 1 2365 2723 6
3108 3166 2 2772 2899 3 2028 3178 3 2093 3138 6 2375 2148 3
3393 3561 4 2157 3630 3 2330 3520 3 2757 3273 2 2902 3059 3
3189 3440 3 2548 3016 3 3748 4543 5 1717 3251 5 2220 1823 2
2446 3925 3 2992 3690 2 2839 2505 3 3212 3686 2 3317 4008 5
3248 3827 4 2815 3537 5 2562 3276 4 1558 2415 1 3346 2636 3
2175 2826 3 4020 4634 1 2884 4021 6 4651 4529 4 2422 3244 2
3047 2821 4 2047 1848 2 2185 3190 5 2118 3906 4 2737 2548 2
3557 3563 3 3147 4532 5 4406 4357 2 2564 2693 3 3832 3435 3
3215 3489 2 2462 3275 2 2757 3233 6 4069 3874 2 1980 3161 4
3963 5153 5 4228 4595 4 1829 3153 1 2764 2252 1 2335 3800 6
2051 1975 2 3971 3775 5 1570 2091 3 2298 2377 2 2679 3245 6
2644 4402 3 2888 3033 3 2687 3821 5 3288 2154 2 2496 2418 3
2498 2338 1 2602 2512 2 3714 3298 4 1121 2050 6 3510 3604 4
2261 4130 5 4202 3654 4 4672 3417 1 3305 4109 3 2825 3488 3
2735 2758 2 3207 3905 3 2637 2738 2 3953 2881 3 2289 3665 6
3462 2892 4 2489 3513 3 2497 2272 4 2648 3013 1 2878 3540 4
1984 3181 2 2544 3595 1 4124 4094 5 3612 4442 5 2143 2622 4
2814 4539 4 2710 2532 2 3342 3058 4 3455 2731 4 2669 3574 3
2285 2609 5 2505 2922 4 2077 2554 4 1764 2059 2 2382 3032 2
2395 3014 4 2293 3211 2 2699 2231 4 1704 2531 4 2250 2521 3
2424 3702 5 3650 2678 3 1825 2429 3 1800 3884 2 3638 2759 4
2872 3924 3 4599 3104 1 3241 4936 5 2456 3681 5 2927 3010 2
5035 5425 7 2630 3237 2 2983 3310 1 3235 4766 3 1955 2151 4
1817 3089 5 3349 3950 4 3558 3570 3 2559 3693 4 3426 2561 1
2167 2575 2 3251 2119 1 2601 2770 4 1086 1638 1 2279 2815 9
4826 4503 4 3213 3668 4 3571 4402 3 2871 3361 2 3541 3220 3
2289 3622 2 2480 2889 3 3671 2621 3 3118 3749 4 2428 3477 5
2048 2935 2 1908 2921 2 2467 1810 4 2748 2335 4 2981 3634 4
2252 3052 5 2981 2660 2 2538 3089 3 2333 2245 3 2436 3238 3
3816 3789 3 3678 4634 4 2566 3058 3 2867 3541 4 3593 3731 2
3359 2768 2 3278 2809 3 1471 3428 5 2006 2304 2 1906 3206 4
2475 2899 1 3244 4005 2 2539 3375 3 2595 4017 7 3444 2093 4
3691 3091 3 2807 2363 3 2133 3978 3 3045 3355 5 1969 1508 2
2142 2433 4 3934 3994 4 3038 3944 5 2337 3997 3 3144 2904 1
3319 4748 6 2092 3105 4 2620 2228 1 2239 3494 5 2305 2010 1
2576 3451 2 4245 3600 5 3964 4481 3 3310 4076 1 2254 2830 4
2606 2603 3 4057 4004 6 2443 3143 2 2493 3335 4 2789 3262 2
1436 2184 3 2441 3188 5 3189 2453 2 2346 3335 3 2058 2906 4
2308 2685 3 2197 2422 3 2352 2774 1 2689 2538 2 2459 3128 8
5235 4624 3 3110 3436 2 1734 2163 2 4179 5519 7 2408 3679 1
2413 3294 3 2969 2845 3 2485 3181 6 3042 2774 2 1946 2206 3
2107 3827 4 3358 3337 5 2549 3175 2 2356 1818 1 3834 5034 3
2873 2353 4 3025 2917 4 2835 3571 2 2896 4099 4 3467 4294 4
2302 3452 2 4033 4273 6 1604 2053 3 2750 2599 2 3544 3728 3
1985 2683 2 3789 3335 2 3089 4449 4 3318 4989 5 3229 2547 4
3509 3682 3 3860 4604 4 3332 2939 4 3633 3216 2 2376 3146 3
2260 2214 2 1483 1298 3 3543 5130 4 3256 3260 5 2034 3249 3
3663 3418 5 3292 4187 5 2400 1710 1 2377 3409 2 3961 3970 3
3122 3469 3 3322 2913 5 3195 3656 4 3512 2972 2 2479 2521 2
3561 4084 2 2022 2660 5 2872 3660 2 4025 3026 5 2024 2249 2
2855 3713 3 3099 3460 2 2172 2898 4 4230 4015 3 2882 3473 6
2039 2083 3 2175 2476 3 2886 3928 5 3060 2825 2 3264 3400 3
3122 3083 2 3645 3798 4 3144 3570 5 3895 4707 3 2809 3225 2
2204 3106 4 2373 2743 7 3510 3480 1 3092 3713 4 3421 3646 1
3348 4314 3 3784 6083 4 2986 2819 4 2975 2336 3 3811 3669 3
2210 2872 2 1944 2027 1 1991 2637 4 2344 2486 5 3739 3140 3
2790 3653 2 2368 3707 4 3293 3327 3 3866 3476 3 2353 2931 4
1880 1950 3 1465 2520 2 2568 2235 3 2351 4006 3 2799 2799 7
2260 2547 4 4803 4811 3 2638 2805 3 1478 2874 2 2709 3880 3
3173 4145 4 2411 2979 7 3345 3533 1 2296 2685 1 3000 3584 3
3094 3027 2 3680 2883 4 2131 3066 5 2568 4063 2 2509 3228 4
2686 3321 3 2904 3327 3 2157 3090 4 2687 3028 2 2786 3100 4
2669 4588 6 5032 3627 3 2996 3187 2 3066 4370 2 3738 3614 3
3213 3802 2 3496 2776 3 4295 4485 5 3697 5183 3 2424 3444 2
3028 4102 6 2260 1661 2 2992 3685 5 2265 2629 2 2900 2575 3
2510 2953 3 4241 4099 3 3319 3271 2 3329 4167 4 2967 4354 4
2708 3110 4 3098 3099 2 1958 2784 5 2878 3226 4 2316 2010 1
3154 4399 6 2440 2574 1 3089 3256 3 3107 3717 7 2095 2139 1
2646 4133 5 2607 3149 3 1961 3133 5 1811 2060 1 2617 1784 2
3422 5005 6 4434 3463 3 2666 3071 2 2835 4430 3 1774 1713 2
2488 3115 3 2417 3115 3 2845 2657 2 2188 3966 6 3382 2841 2
2930 3643 2 2371 3655 3 2322 2499 2 3355 4722 6 2739 2372 2
1913 2042 5 3279 3730 4 1815 2186 3 1388 2480 1 2276 2967 4
3192 3385 4 2040 2627 5 2279 3238 2 2785 3791 3 1840 2052 3
3022 2454 5 2642 2603 2 2526 3247 2 2661 2979 4 2216 3854 4
2449 3419 1 2740 3282 2 3582 2896 5 2794 2720 4 2148 2344 5
3494 4195 5 3254 3921 3 5112 3551 2 3264 4848 3 2688 2937 1
1719 2231 3 2115 3575 6 2950 2822 5 3011 3254 1 1451 2009 2
2516 3402 4 2823 2146 2 2720 3054 4 1735 2797 1 2329 3438 6
2648 2310 4 2263 2881 2 3221 4020 4 2522 3400 5 2695 2141 1
2676 2955 2 4258 5108 3 2994 2562 2 2806 3121 4 3410 4240 4
3126 3562 4 2243 2095 1 3391 3299 3 4146 2961 5 2066 3531 3
2380 2493 5 2717 2684 4 2320 3284 3 2484 2889 3 3233 2764 2
2304 2441 5 3321 3851 2 2585 3161 1 2847 3419 4 3627 3636 4
3684 4457 2 3637 3917 4 2231 3654 5 3951 3784 3 3498 4514 2
3131 2980 5 2039 2570 4 2610 3438 3 2447 2839 2 1636 2021 4
3995 2858 4 2456 3817 4 2769 3198 2 2822 2146 2 2581 4575 4
2297 2164 3 3063 3485 5 2860 2549 3 2555 2498 2 3603 3990 2
2506 3225 4 1518 2845 3 1795 2251 2 3204 2619 6 1282 1863 2
2781 3910 4 2346 2463 4 2593 3069 4 2961 3127 2 1743 2012 2
2711 3019 3 3654 5020 4 3095 3978 4 4940 4719 2 3648 3642 3
2887 3128 2 3077 2911 3 1745 1777 3 2909 4475 4 2969 2632 5
2376 2233 2 2317 3299 3 3278 4890 6 3548 3350 3 2614 2698 3
3536 4726 4 2611 3120 3 3080 3004 4 3307 3517 4 2909 3793 2
3282 4579 4 3172 3456 3 3254 1896 3 2349 2494 1 3522 3787 3
2590 4166 5 2307 2199 4 3255 3424 5 2155 3236 2 2451 3105 3
2677 3543 3 2811 3199 3 3561 3474 1 3448 5005 5 2858 3157 4
1887 1759 3 2041 3231 6 3142 3891 3 3045 3782 4 2442 2537 1
1906 2718 2 4387 4411 2 3771 4496 3 1764 2978 4 2929 3040 5
3297 3139 4 3195 4408 4 3047 3043 1 2708 3954 4 2569 2517 4
2244 3806 2 3227 2266 2 4040 3863 2 3543 3738 5 2948 3181 4
2424 2884 1 3000 3135 3 1763 2053 3 2617 2511 7 3566 4263 1
3137 5113 6 2902 3861 1 2844 2575 3 3128 3662 4 3469 2528 2
2604 3615 4 2111 1979 3 3293 3358 3 2722 4443 2 2814 2708 4
3513 4525 3 2389 2712 2 4453 4010 3 2748 3934 1 3226 3114 7
1658 1840 3 3716 3933 2 2207 3237 4 1484 3206 4 4092 3171 5
1970 1781 3 1604 2740 3 1399 2601 3 3534 2250 6 1742 3218 3
2769 3644 3 3455 2919 3 3529 3870 2 3458 4048 5 1896 2180 3
2774 4024 3 4293 4015 1 2673 4434 3 2732 3263 4 2906 2704 5
3499 4061 4 2453 4082 3 3735 3563 1 4185 4580 5 3302 2587 3
2424 2747 5 2597 3808 4 1862 2120 4 2788 3096 2 2208 1796 3
2596 3447 4 3207 3103 2 3134 3405 2 3221 3322 2 3452 5073 5
3378 2787 3 2318 3633 2 3586 3545 3 2540 2758 4 1780 3319 6
2726 3255 5 2292 2805 2 2765 4172 4 2009 3031 4 2753 2870 3
2804 2927 4 2389 2684 4 2237 2921 5 2626 2398 3 2207 2734 2
3645 3659 2 2038 2798 2 4245 2947 1 1788 3114 7 2721 3109 3
2564 2980 2 1742 2864 5 2689 3077 3 2465 2971 5 2511 3033 2
3723 3130 1 4413 5961 8 4257 3378 1 2418 2774 1 3985 4664 4
3994 3524 3 1785 3082 4 3680 4143 1 3019 4587 7 2592 2466 2
2562 3179 3 2729 2665 3 2877 3385 3 2204 2423 5 1579 2282 3
2620 3638 1 2591 1639 4 3173 3798 4 2794 3080 3 3681 4928 4
1241 2620 3 2751 3641 3 3397 3239 3 3342 3358 3 2316 1969 5
2631 3230 5 1852 2200 3 2574 2469 3 1656 1652 3 1841 2864 4
2120 2858 2 3383 4251 6 2731 3584 3 3440 3013 3 2396 2503 3
2829 3782 4 5002 3834 4 3422 3240 1 3038 3849 3 3548 5019 4
2488 2357 3 2958 3180 2 2995 3741 5 2119 3441 4 3501 2754 2
2092 2035 2 2497 2528 3 2816 3583 1 2038 3628 6 3194 3533 5
2806 2958 2 4487 4967 5 3200 4091 7 2556 3019 2 2605 2989 1
2508 2524 2 1673 2262 2 2088 3027 4 1851 1940 3 2194 2193 6
1975 2461 7 2857 3576 3 1980 2430 3 2865 3609 3 2939 2131 1
3418 4512 6 4016 4856 3 2822 2742 3 3352 4047 1 2933 2695 3
1850 1969 2 2902 4232 5 3522 3626 4 2143 1984 2 2036 2184 3
3295 3825 4 2642 3330 2 3954 3598 3 2995 3754 1 3958 5178 5
3703 3489 5 3264 3282 6 2461 3602 1 4437 5096 3 3257 2923 2
3211 3679 3 2598 2040 4 2923 3660 2 2144 2964 4 4987 3991 3
3592 2994 1 2556 3002 3 3740 2559 2 3158 3150 2 1695 4192 8
2383 2346 4 3294 4092 5 3942 3342 3 2953 4058 2 1785 3185 3
1601 2669 3 5087 3333 3 3311 3014 2 2435 3602 4 2389 4537 4
2335 2771 5 3901 3779 3 3348 3589 3 2743 3248 2 2819 3200 2
3303 3575 4 3186 4696 7 4149 3739 3 2521 3311 2 2759 3100 2
3162 2221 2 2532 4011 4 3073 2289 2 3142 3055 2 2732 4249 5
4326 4827 2 1833 2946 3 2345 3103 4 3466 2724 4 2341 2338 2
2116 2648 4 2503 2856 4 2335 3170 2 2921 2941 3 2273 1945 3
1929 3143 4 2376 2460 4 2985 4889 4 3090 2408 2 2688 2291 3
3456 3189 2 3797 5033 5 2208 2521 2 4122 3457 4 2129 2936 4
1248 2462 2 3151 3854 4 4713 3528 2 2933 3510 5 2930 3210 3
2725 4412 9 4170 3925 2 2444 1875 2 2012 3889 1 3011 3247 1
3038 2617 3 2856 4129 5 3473 4727 3 3631 3979 1 2513 2133 3
2990 3567 2 2446 3150 4 3775 5074 5 3888 3656 1 2911 1891 3
2829 2856 3 2647 4114 5 3181 2666 1 2704 4326 3 2224 2467 3
2224 2359 3 2516 2117 1 2676 2793 3 1989 2766 4 2537 3268 6
2075 2775 5 1352 3921 4 4059 3423 2 2412 3009 2 3327 3096 4
2460 2137 5 1396 3285 2 2276 2001 2 1669 2103 6 1624 1690 3
1089 2329 5 2071 3392 6 2810 1374 1 1757 2725 3 1989 2513 3
1617 2566 4 2044 1884 4 1094 2452 3 1816 2283 4 2218 1990 3
3306 3695 3 2633 4070 5 2655 2407 4 3272 3040 2 2749 3268 2
3169 3594 4 3007 3882 5 2040 2262 3 2717 2961 3 3397 2861 1
2666 4213 5 3522 3592 4 1676 2494 2 3151 4089 4 3399 3025 1
2937 3119 4 3978 3837 3 3345 4259 1 1793 3021 6 3796 3912 4
4002 3246 3 2144 2478 3 3126 4340 4 3495 3004 3 2880 4155 3
3577 3832 4 2789 3188 2 2913 3352 3 3807 3816 6 3076 3363 3
2005 2849 2 3639 2840 2 1984 3529 4 2119 3259 3 4152 2858 5
2739 3171 3 3503 2403 1 2735 4039 3 3095 3803 6 2408 3010 4
2777 2382 2 2638 2627 3 2282 3334 4 2181 3559 5 2267 2905 3
2554 3398 3 2028 2665 3 2123 2439 2 3563 3023 6 2887 3400 4
2196 2940 1 4346 3833 3 3766 3082 4 2275 4082 5 2921 3468 3
1957 3197 3 3902 4083 3 3349 1907 2 2878 3496 4 2624 2805 5
3527 4154 5 1911 2919 4 2673 3390 3 4171 3619 2 1966 1791 2
2138 3703 3 4253 3693 5 2546 3421 2 3695 3144 3 2101 1865 3
3273 4012 3 4171 3772 3 3092 3895 1 3175 3847 6 2571 2627 3
1754 2131 4 2263 3449 3 2664 2755 5 1346 2515 3 3030 3851 3
3123 2855 1 3079 3460 3 4189 3993 3 3168 3989 5 2410 2844 4
2619 3064 3 2765 3560 4 2619 2781 2 2228 2589 2 2932 2923 5
2793 2827 4 2543 2839 4 1929 3032 4 2481 2996 2 2991 3172 2
3527 3285 4 2225 2539 2 3487 4072 2 2860 3872 4 3057 3909 3
2805 3950 6 2654 4975 4 3786 2478 3 2804 2740 1 2853 2998 1
2391 4109 2 3624 3327 2 2485 1893 3 2026 2307 2 3407 5116 7
3194 4112 3 3273 3771 2 2415 2745 2 3011 3620 4 3291 4365 5
3066 3456 6 3700 3092 2 2770 3380 1 2252 2597 4 1833 3454 4
3235 3793 1 4800 4143 4 4042 4181 4 2702 2931 1 3651 4538 5
2293 3595 2 2018 2639 4 2307 3121 3 3273 2701 4 2505 3102 5
3765 3660 2 2634 3270 2 2843 2746 1 1926 3817 8 3072 2525 2
3193 4367 3 3034 3615 4 2922 4231 5 1489 1802 2 3076 2205 3
1917 3406 4 3372 2466 4 1648 2016 1 1925 2749 6 2765 2645 2
3266 3237 5 2767 4291 2 3697 3354 3 2297 2676 1 3218 3776 5
2675 3028 3 2670 3323 6 2249 2333 4 1969 2159 2 3910 4529 4
1598 2105 2 3404 3444 6 2570 3620 4 1780 2281 3 3576 2934 3
2585 3509 4 3243 3208 2 3338 3357 1 2088 4230 6 3099 2902 2
1950 2014 1 2522 3231 6 1918 1485 4 1743 2189 2 2135 3330 5
3245 4399 3 2757 2901 3 2984 3721 2 3031 3863 6 3714 3035 1
3922 3809 5 2506 3678 2 2802 3471 3 2960 2854 4 2877 2851 2
3289 3415 5 1885 2310 2 2388 3897 4 2638 2732 2 3561 2903 4
2154 2341 4 3375 3578 2 3036 4191 6 2343 2531 3 1726 1689 2
2656 2735 3 2796 3482 6 2220 3319 3 2335 2310 1 2320 2505 4
2173 2375 3 1699 2000 2 3265 3464 4 2518 4181 5 1986 1880 3
3027 4862 4 3199 3051 2 3320 4800 2 3121 3253 5 1788 1588 4
2641 3690 7 2650 3209 1 3304 3723 2 3322 3445 4 3408 3020 3
3406 3246 2 2230 3294 2 3692 3656 5 2027 2386 4 2387 3202 3
3796 3337 2 2407 3754 5 3068 3367 5 2827 3045 1 4770 4567 4
4209 4147 7 3485 3018 3 2514 2587 3 1819 3506 1 3215 2608 2
4035 4203 1 2948 3896 4 3423 3641 2 3469 3524 3 4076 4064 4
4237 4916 4 3598 3375 3 2354 3250 2 3398 3311 3 3592 3958 3
1837 2921 2 3198 3834 5 2429 3101 3 2727 2962 4 2230 2115 3
3227 4714 3 2942 2867 4 3056 3891 4 3285 3569 3 3035 2739 2
3680 4564 2 2644 1867 2 4271 4172 8 2913 4132 1 2301 2173 3
3624 3893 2 2345 3738 4 1898 2952 3 2412 3052 4 2745 2649 2
1931 3136 3 1927 2432 5 2134 1944 2 1282 2136 5 1801 2181 3
2693 3326 4 2884 3549 2 2413 2171 2 2124 2842 2 2503 3245 6
2629 2900 3 3402 4599 2 2820 2935 3 4048 3840 4 2074 3728 4
2605 3237 1 2567 2041 5 5657 5389 1 2930 3953 3 3770 2865 5
3513 2693 3 1652 2554 4 3277 3034 1 2760 3695 4 2351 4218 5
3205 4704 2 3050 3633 4 2753 2600 3 2363 2440 4 1823 2127 5
2284 1841 3 3425 2753 4 2184 2771 5 2737 3868 1 2764 3258 4
1527 2227 5 1584 2765 3 2013 3016 4 2142 2958 3 2827 3556 4
2390 3443 2 2231 3037 5 2881 3247 2 2402 2301 2 3923 3792 5
3420 2430 2 3000 5723 3 1362 2274 3 4094 3897 5 2955 3237 3
2757 3057 3 3505 3686 2 2936 3326 3 4057 3822 4 3177 3546 4
3618 3476 3 1648 3087 2 2518 2827 4 2586 3882 6 2498 3008 3
2977 3359 4 3619 3759 2 2542 3812 3 2823 3503 4 2668 3979 4
2325 3129 2 3484 3980 3 3759 4607 4 2999 2087 2 2499 3024 7
2494 3704 4 3023 2896 3 2144 2441 3 2923 3699 4 3041 2303 2
2258 3169 3 2358 1772 3 3197 3605 2 2442 2102 3 2796 3043 5
3221 4303 2 3650 4575 2 3900 3420 2 4603 3761 5 3796 3977 4
4847 5746 3 2687 2366 2 4062 4974 7 3126 2737 1 4634 4012 2
2266 2947 6 3475 3177 3 2466 3314 3 4577 3639 3 2732 3305 2
3123 3443 2 3166 4048 5 2769 2403 2 3649 4528 3 2639 3105 2
2523 2418 1 3201 3913 5 2358 2570 2 4265 3827 4 2263 2760 4
2407 2772 3 3784 4009 2 3272 3141 4 2608 3196 4 2516 2514 4
2964 3277 2 2041 2503 1 2688 3727 6 3050 3628 4 3286 2583 3
2568 3516 4 3797 3217 3 3909 5280 2 2877 4401 5 2887 3565 3
3731 4073 3 3907 3073 2 3004 3358 3 2840 4044 3 3554 4008 5
1863 2130 4 3381 4667 3 4854 3580 3 1787 3048 2 3258 3165 6
2452 3879 2 3160 3373 3 2188 2417 4 3386 3479 2 3172 3070 5
2658 2652 3 2543 3328 3 2016 1895 2 3015 2614 5 2269 2517 4
3897 2535 3 2569 2665 4 2420 4291 3 2689 3250 5 3090 2969 1
4126 3736 1 2662 3497 2 3738 4320 5 4038 3760 4 5141 5117 2
3778 3307 4 1904 3893 3 3066 2944 2 3729 3738 5 1740 2660 3
3256 2953 3 1913 2576 2 3030 3891 3 1604 3613 6 2570 2556 3
1338 2388 4 2833 3150 2 3043 2721 5 2026 1979 2 1642 2351 5
2646 2877 3 2740 2469 1 3525 3647 2 2631 3730 4 2370 2617 6
1874 3873 2 3408 2705 1 3231 3068 3 4767 4761 6 3753 4112 4
2845 3719 3 3093 3755 3 3072 4170 2 3286 3709 3 3168 3171 4
2384 2864 2 3223 3088 6 3480 4297 3 2406 2561 3 3225 3665 3
3573 3654 2 3067 3170 1 2459 3407 5 2918 3187 4 3613 3568 3
3025 4439 5 2712 3810 2 4134 4208 3 2670 2291 2 3042 2698 4
2219 2782 2 3269 4321 5 3160 3481 4 3562 3691 2 3770 3805 4
2069 2781 3 2714 3635 4 3155 3346 5 2455 2999 3 2659 2052 2
2860 3112 2 3488 2852 3 3670 3038 3 3131 4153 5 1810 3348 3
2860 3254 3 3514 3482 3 2978 3292 4 3146 3710 2 1268 2810 4
2609 2972 4 1686 2333 4 3242 3059 4 2863 2304 1 1702 3345 4
2898 3113 4 2758 2472 3 2427 2791 4 2486 2431 4 1901 3080 2
2206 2569 3 2281 2910 3 3597 4077 2 3433 4277 5 2217 2518 4
1882 2421 3 1802 1676 3 1881 1857 1 1429 3624 5 2746 2059 5
3854 3649 5 2637 2750 2 2495 3277 6 1917 2388 2 2212 2275 2
2850 3315 2 2661 4258 8 4279 4072 3 2433 2879 1 2389 3048 3
2009 2664 4 1953 2217 4 3262 3673 5 2105 2507 3 1840 1292 2
3726 3233 1 3791 5196 4 3284 2543 3 2594 3169 3 2605 3542 4
1971 2378 2 2833 3649 5 3437 3257 2 3468 4706 2 2427 2756 5
4599 3773 1 3917 4215 3 2891 2861 2 2992 4056 2 2630 2752 5
1815 3057 6 3149 4189 3 2906 3828 2 2049 1598 2 3398 2871 5
2335 3054 1 3128 3005 5 3049 3025 2 2711 3543 5 2609 2598 3
2943 2784 3 2641 4123 5 1964 1480 2 2558 3277 3 2733 2942 4
2959 3885 4 2153 2104 2 3196 3488 2 2616 4008 5 3293 2064 4
2610 3361 5 3035 2274 4 3726 3236 2 2826 4527 3 2686 3802 1
2016 3031 3 3135 3824 1 2920 3339 6 2936 1594 4 1719 2880 2
2600 3355 5 2383 3404 2 3518 2775 5 1619 2453 2 3852 3440 4
1910 2602 2 3795 2959 2 2691 2362 6 2851 4159 2 2014 4533 4
2635 3279 4 2649 3557 4 3686 3480 6 3052 4116 1 3178 2673 1
3088 3483 3 3452 2987 3 2320 3450 1 2570 3166 5 3214 3338 5
3939 3882 3 3580 4107 1 4029 4618 5 2771 3513 4 2062 2588 3
2107 2465 5 3700 3685 4 1970 3163 1 2330 2559 3 2699 2446 3
2742 2792 2 3808 4114 4 2451 3612 5 3408 2897 3 2950 2562 3
2418 2429 3 3618 4422 2 3009 3193 3 2512 3216 2 3042 3817 5
2208 2953 3 2386 1811 1 2698 2947 4 2737 3378 6 2347 3216 2
3569 5442 4 2400 2981 3 3924 3240 4 2786 3740 5 2116 1338 1
2919 3185 4 3824 4302 4 3089 4214 1 2826 3665 3 2525 2731 5
2292 3143 1 3339 3274 4 2644 2489 4 3479 3307 3 2196 3245 4
3221 4279 2 4664 4716 4 2673 3955 3 2913 3753 6 3452 3678 1
3746 3345 4 3324 3361 2 2672 3649 2 2705 3220 4 2696 3123 3
3328 4700 5 2212 2459 3 2770 3213 3 2519 3097 2 2237 2366 5
3849 4108 4 3832 4304 4 2752 2677 5 2542 3860 1 2548 2380 2
3814 4734 4 2531 2346 4 3833 4578 4 2334 2390 3 3084 2729 3
3919 4166 3 3428 4151 3 2045 3072 4 2885 4145 3 3069 2554 4
2157 2238 4 1375 1837 1 2086 2542 2 2999 3765 2 3153 3928 7
2930 4423 5 4129 3342 3 1999 2898 1 2427 3363 7 1468 724 1
3163 3897 2 3081 2596 4 3621 3457 3 2650 3148 4 2315 3266 3
2524 3442 7 2846 3176 3 2705 2575 1 2057 2736 3 3473 2989 3
3424 3776 2 2268 2519 3 2903 4338 6 3339 3084 4 2792 3490 1
2066 1994 2 2054 2433 2 2506 2406 3 1837 3690 4 2560 3512 5
2004 2753 1 2881 2558 2 1804 3374 3 2240 2995 5 2893 3116 6
2522 4045 5 3806 3238 3 1670 2118 1 3448 4259 5 1453 1597 3
1796 2368 4 2055 2649 1 2157 3686 4 2531 2502 3 3190 2632 5
5387 4947 4 2885 4218 2 2547 2690 3 3877 4874 4 4039 3383 2
2969 2791 3 2566 3862 4 1737 3132 3 2575 3493 4 3220 2417 1
3399 3829 4 3840 3401 4 3373 4766 3 3624 3462 1 3526 3207 3
3315 4219 4 2172 1940 2 3750 3696 1 3040 4894 5 3161 4130 4
3201 2710 3 3203 4300 3 3482 4453 3 3659 3869 4 3553 4161 3
2993 2509 4 2903 4142 2 2909 3948 4 3084 4120 3 2277 2614 4
3167 3373 2 3385 3098 3 3410 5472 3 2989 3726 5 2356 2242 2
2252 2237 3 1413 2448 2 2690 4493 5 3379 2875 4 2850 2697 2
2498 3224 5 2368 2190 3 2092 2547 3 3029 3456 4 2827 2864 2
1940 3893 6 3065 3198 2 3017 2395 4 3774 3264 1 1718 2022 4
1440 2273 3 2914 4298 3 3689 3199 2 3728 3234 4 3227 3807 4
2658 3233 4 2306 2474 4 2823 2763 3 3237 3614 2 2363 2254 4
3271 3663 3 2369 3695 5 2331 3157 2 2736 2887 1 5027 3552 4
3504 3251 1 2418 2954 2 3456 3590 5 2776 3572 4 3580 3409 3
1989 2861 4 2003 3446 3 2698 3015 6 2033 2433 2 2595 2131 2
3426 4198 2 2607 3570 3 3095 3833 2 4297 4263 4 3632 4132 4
3198 3454 4 2438 2081 4 2785 3693 2 2182 3139 2 2633 3003 4
