3345 2231 3 2583 1978 3 1244 1535 4 2228 3407 3 2089 2187 4
2304 2034 2 2051 2399 4 2779 3685 5 1784 2022 2 2110 2714 4
1960 2071 3 2122 1535 5 2495 2681 3 1997 2894 4 2023 1597 2
2639 3088 4 2341 2555 5 1992 1644 2 2087 2736 5 1327 1110 2
1686 2184 3 2891 2061 2 2494 2730 5 2197 2172 4 997 1659 3
2040 2921 3 2931 2615 5 2495 1743 4 2022 2200 1 2199 2642 5
1768 2246 4 2098 1595 1 2500 3329 4 3356 3171 4 1793 2283 3
2460 3479 6 2719 2128 3 1925 1314 1 2450 2119 4 2087 2198 4
2822 2336 5 2224 2985 3 2646 2123 4 2553 2882 3 1487 2615 4
1173 2371 5 2926 2229 2 2511 2238 5 2015 1747 2 2251 2264 4
1468 1931 2 2889 1822 6 1590 1546 3 2575 2429 3 1988 2453 4
1855 1541 4 1838 1648 1 1983 2025 4 2543 2042 4 2019 2646 5
1887 1407 6 1497 2081 2 1295 1641 4 1265 1651 4 1779 616 3
2102 2673 7 2819 2836 5 2710 1833 1 1310 1846 3 1855 1789 2
2576 2437 2 1792 1943 5 2361 1963 3 2956 3289 3 2274 3581 4
2261 2436 4 1860 1749 4 807 410 1 1217 1254 5 2860 2191 4
989 2146 5 1416 1781 3 1795 767 2 2275 2018 3 2742 2233 5
2995 2685 4 2718 2953 3 2267 1627 3 2166 2391 4 1400 1858 4
2522 3020 2 2421 2616 3 2712 2187 3 1944 2269 7 1685 1806 3
2300 2610 5 1712 2599 2 1762 2774 6 1477 1593 2 2240 2386 3
1899 1395 2 1434 2996 5 1474 2247 2 2861 2829 6 987 1526 2
2040 2495 1 2510 2933 2 2731 1491 4 3281 3757 2 1699 3270 8
1802 1740 3 1964 2831 1 1710 1503 2 2442 1967 5 1954 2525 7
1993 1465 3 1651 1720 4 1563 2143 2 1799 1935 3 1469 1020 6
3493 4023 4 2273 1905 4 2412 2920 4 2312 1898 3 1150 1553 3
3159 2973 2 3767 3215 4 2537 3250 1 2939 3531 2 3130 2513 5
2266 1815 3 2665 2947 5 891 1224 4 2403 2843 1 2126 2197 4
2008 1749 3 3442 2734 5 1917 2004 2 2698 2916 3 1690 2536 4
1553 2940 5 1942 1541 3 1920 1854 3 2056 1560 4 1122 1112 3
1741 2349 3 1840 2332 5 1784 1693 2 3036 2575 2 2336 2093 5
2501 3235 2 2037 1648 2 2066 2802 9 2225 1805 2 2272 2507 2
1842 2446 3 1390 1626 3 1718 1692 5 3073 2875 2 1225 1862 4
1585 1013 3 1156 2133 5 1420 1436 3 2213 1180 2 1111 1558 5
1472 1416 2 1595 2065 4 2199 1822 2 1706 2312 4 2029 1973 6
1442 1497 1 1707 2396 5 1762 2109 4 1641 1862 4 1828 1236 4
2030 1244 3 1768 2320 2 1207 2722 3 1292 1939 6 2164 1273 4
2477 1652 4 3367 2663 4 1696 1566 1 1840 2925 4 2746 1993 4
1831 2393 4 2106 2030 2 3438 3540 4 2651 3119 4 1779 2525 3
2181 1475 1 2395 3179 5 2456 2206 5 2550 1898 3 2462 2772 4
1488 2634 5 2472 2322 2 2019 2588 5 2049 1930 3 2297 1197 2
1704 2573 1 1924 2461 4 1293 1902 1 2459 1577 7 2825 2256 4
2026 1832 2 2496 2274 4 1623 2056 5 2152 2748 4 1984 2138 2
2757 2807 1 2661 1737 5 1642 1816 4 1672 2198 4 2081 1402 3
2263 2054 5 1459 1907 3 2109 2679 3 2513 1817 3 1972 2628 3
2893 3244 3 2146 2772 4 3467 3118 2 1863 1823 2 2294 2424 5
2934 2785 6 2949 2279 3 1594 1727 2 2903 2891 3 2443 3031 3
2399 2964 4 2246 1897 5 1984 2579 2 2747 2973 2 1832 2385 5
3997 2677 3 2467 2188 3 3121 2256 3 1321 2060 3 2518 2266 6
1869 1589 3 1442 1458 2 2099 3158 1 2562 1967 7 1385 1467 5
1589 1697 3 2269 1519 3 3004 2732 4 1503 1715 1 2826 3424 6
2105 2181 5 1531 2629 1 1780 1198 2 1868 1883 2 1839 1188 8
2029 2619 5 2814 2778 2 1947 2460 7 1417 1152 3 1024 1287 2
1833 1807 2 1999 3042 4 1775 1536 4 2398 2302 4 1518 2684 4
2009 1656 2 1982 2098 6 2158 2073 3 1206 1835 2 1556 2330 5
1848 2631 5 2333 1977 1 1448 1575 3 2385 2118 4 1989 2417 4
1423 1838 3 2932 2661 2 2146 1763 3 1678 2038 4 2620 2760 4
3057 2862 6 2368 2391 2 2467 2711 2 2527 2336 5 2049 1831 2
1829 1395 5 2256 2938 4 2251 2183 3 2189 2588 2 2234 1975 3
2302 2313 1 1433 965 2 2463 2938 5 2004 2950 6 2455 2260 4
1830 1738 3 2294 3323 8 2163 2552 2 2513 2871 2 2056 1616 3
2320 2938 3 1684 2523 3 2237 2029 5 2006 861 1 2831 3230 5
1832 1057 2 1422 3049 4 2213 2877 2 2287 2752 5 2029 1539 5
2576 2118 3 1325 2481 3 2478 2004 3 2613 2419 2 1363 2641 6
1968 1988 5 1389 2312 2 1892 2287 3 1712 1982 3 1203 1570 5
2347 2522 4 1746 2713 2 2563 2939 4 1822 2032 4 2786 1926 3
3020 3052 3 2180 2417 2 2794 2450 5 1350 2323 3 1055 1273 5
2061 2634 5 2412 3579 6 2662 1868 2 2178 2764 1 1948 1158 3
1899 2038 5 1691 1350 4 1395 2007 3 2301 2592 2 2337 2466 3
2321 2288 5 1846 1753 4 2461 2625 2 2182 2385 4 1502 1325 3
1773 1218 2 2258 2584 5 2457 2368 1 2887 2081 4 1281 2439 5
2324 2288 5 2057 1827 3 3034 3251 1 3340 3020 4 1669 1633 4
2433 2391 4 2561 3237 3 2310 2969 5 2629 2666 1 2799 2305 3
1763 2328 5 1839 2155 3 2092 1850 5 1857 1608 2 2094 2427 3
1565 2691 2 2173 1913 4 1624 2232 6 2289 2565 2 2076 2030 3
3685 2498 5 1753 2899 3 2991 3308 2 2475 3095 3 2598 1488 2
2188 2902 4 2246 1786 2 2773 3091 6 2136 2324 4 1083 1949 2
1921 1828 4 1644 1207 2 1801 2519 5 1553 949 1 1725 2009 5
1477 1530 3 1039 963 2 1273 2361 5 2382 3300 5 2221 885 3
1329 1248 2 1408 1433 3 1522 1627 6 1889 2261 4 2016 1488 2
2369 2390 3 2488 3282 1 1998 1296 2 1762 2660 6 1548 1883 6
1504 2049 2 2694 2575 5 2025 2368 4 2494 1730 2 1801 2730 4
2228 1795 4 1575 1497 3 2103 1997 4 1893 2532 3 1759 1777 4
1929 1735 5 1375 2099 3 1136 1641 1 2477 2502 6 1924 1571 2
2494 2829 5 2137 2584 3 1813 1929 4 2170 1366 2 1876 1266 3
2199 2988 4 1876 1854 1 2138 2286 2 2462 2792 6 2028 2576 4
2692 2069 4 2014 1745 2 1524 2433 3 1717 2077 7 2028 2422 2
2428 2710 7 1642 2121 2 1874 1920 3 2138 2070 4 1464 904 2
2304 2152 2 1556 1478 2 1615 1711 3 1353 1965 6 1361 996 4
2122 2045 3 2006 1927 4 2097 2185 4 3315 3420 4 2159 2052 3
1668 2145 4 2414 2734 3 1856 1933 4 2487 1800 3 1528 1265 4
901 1051 6 1194 1617 2 1819 2001 2 1823 1100 2 1792 2070 6
1181 1271 3 1391 1561 4 1694 1806 3 1499 1935 5 1546 2282 4
2119 1280 2 1497 1625 3 1209 1397 5 1658 1675 2 2244 2739 5
2434 1343 3 1952 1874 1 1650 1995 1 3247 2503 3 2004 3088 8
1889 1896 3 2084 2849 2 2348 2342 4 3365 2059 4 1359 2641 4
2308 1792 3 2558 2852 4 2036 2378 2 2471 2251 1 1536 1795 6
1834 1580 1 2348 3125 7 2314 2150 3 1359 1528 3 2185 2054 3
3055 3224 2 2574 1952 4 2257 2679 3 3172 3446 3 1655 2869 4
1677 2108 5 1680 2181 5 2164 2174 3 1939 1368 3 1660 1480 3
1518 1625 3 1034 1221 3 2371 2771 6 2907 3346 1 1630 1635 4
1304 1930 1 1696 2136 3 2241 2284 4 2823 2531 6 2320 2981 4
2606 1815 3 1649 2620 5 2290 2783 3 2432 2402 2 2298 2299 4
2077 2321 2 2854 3480 4 2583 2203 3 2301 1941 6 1637 2174 2
2634 2336 3 2025 2037 3 2560 2838 3 2795 3625 3 2182 2731 5
2666 2381 4 2699 3432 4 1584 1935 2 1680 2192 5 1936 2114 3
1858 3019 4 3031 2849 5 1700 2218 3 2721 2248 2 2795 2533 3
2293 1695 3 1940 3158 6 1210 2683 2 1755 1667 1 1362 1154 5
1748 1923 2 1846 1935 5 1511 2210 5 1833 1577 2 2060 2071 5
2193 1999 3 3590 2421 3 3307 3629 4 1875 1855 2 1667 2171 5
2329 2223 3 929 1462 3 2046 1968 1 2447 2232 6 2258 1162 4
1282 830 6 1808 1563 3 1023 1253 2 1227 2195 4 2027 2300 3
1833 2163 4 2028 1219 2 2066 1922 4 1543 2119 3 1853 2467 6
1977 1866 5 2082 2566 7 1964 1905 1 1405 2086 1 1503 1292 4
3790 3910 3 2631 2723 2 2827 3679 2 3446 2764 5 2289 1857 4
2854 3332 4 1752 1365 4 2293 2996 2 3477 3408 2 1965 2585 5
2406 1327 2 2479 2218 3 2077 3285 3 2702 2929 6 1129 2401 3
1752 2899 5 1517 2360 2 2970 1799 1 2250 2893 5 1683 2219 3
2043 1991 3 2016 2804 4 3193 2881 3 1919 1621 5 1915 2547 2
2079 2169 4 1352 2158 4 2556 2850 5 1902 2218 2 2970 2591 3
1444 1136 1 1663 1064 3 1440 1884 7 2269 2120 4 1492 1803 4
2271 1370 2 1561 2499 3 1819 3080 4 1516 1969 3 2743 2296 5
2793 3359 3 2782 1951 5 1746 2695 1 2423 2856 4 3388 1668 4
1622 1846 2 1743 1982 5 1466 2095 5 1302 1655 4 1384 1121 3
1655 1667 1 2105 2401 8 2382 2267 1 2328 3217 3 1617 2107 4
1405 2433 3 1899 2555 3 991 2309 5 2324 1691 5 3088 2727 2
2149 2084 4 2511 2898 4 2824 2873 2 2807 2313 2 3497 4090 4
1709 2346 3 1441 2054 3 2627 1549 2 1521 1879 5 1385 1066 5
1251 1304 4 2493 2992 4 1999 1611 2 2216 2279 3 2234 2019 4
1940 2337 3 2380 1957 4 1688 1983 3 1674 1420 3 1818 2845 4
2214 3360 3 3208 1615 6 2482 2192 2 2821 2961 3 1320 1722 4
2223 2241 1 1977 1542 4 2446 1934 4 1956 2903 5 2297 2000 3
1755 1904 2 2354 2158 4 2921 3725 4 2633 3140 1 2342 2108 6
3901 3226 5 2096 2025 4 3438 2494 2 2844 2721 1 2818 3512 5
1930 1710 4 1969 2015 2 2505 2851 6 1399 1447 1 1633 1984 5
2186 2956 5 2705 3357 4 2972 2728 3 2641 2158 1 2499 2042 3
2098 1951 4 1663 2415 5 3194 2072 2 1575 2356 4 1539 1135 3
1561 1969 3 2077 2135 1 1463 1591 3 1423 1788 5 1300 1661 7
1941 2700 6 1708 1760 3 2650 1881 1 922 1684 4 1911 1442 4
1752 2240 4 2971 1592 3 2145 2922 2 2584 2101 6 968 1034 2
2532 2620 1 2393 2874 4 2608 2647 2 3076 4134 5 2029 1891 4
3149 2722 2 2243 2290 5 2542 2633 2 2993 3314 3 2029 2067 5
2387 2530 6 2167 2686 2 1581 1538 3 2260 2191 3 3328 2227 4
1370 1816 2 2342 2369 6 1677 1648 3 2741 2732 1 919 1411 5
2385 2424 4 2182 2074 4 2180 1997 6 1993 2067 2 1762 1969 2
2254 2697 3 2454 2979 4 1505 2053 1 3176 2141 3 1840 2783 5
1560 2030 8 1394 1680 2 2394 2214 4 1629 2349 1 1337 902 4
2785 2889 7 2230 1840 1 3217 2460 1 2043 2889 4 2056 1685 4
2182 2191 3 2098 2331 2 2333 3062 5 2295 2228 3 2087 2062 3
3258 2326 3 2307 2367 5 2271 2824 3 1131 1350 2 1676 2244 4
1828 2022 3 1810 1911 4 2425 2398 4 1139 1744 2 2568 2756 5
1656 1809 3 1832 1479 2 2440 2244 2 1494 2183 5 2186 2626 6
1394 2217 4 1351 1557 4 2433 1942 2 2357 2316 2 1658 2459 6
3150 3362 2 1170 1332 4 2763 2221 3 3144 2793 4 2377 3069 3
2434 3108 6 2619 2288 2 3049 2953 5 2094 2612 1 2584 1508 4
2519 2783 5 2838 2936 3 1518 2076 2 2906 1486 1 2770 3200 4
1071 1784 4 1271 2073 2 3314 3037 3 2225 2470 3 1797 2199 4
2038 2541 5 2242 2551 3 2512 1993 5 2346 2057 2 1432 1482 2
2658 4067 6 2128 2510 4 2747 3491 2 2630 2221 2 2542 1825 3
1154 2491 3 2886 2210 2 2120 2219 1 2449 1532 5 2569 2927 6
1777 2140 4 3182 2850 3 2258 2720 5 1536 1994 3 2022 1830 3
1568 2094 3 1068 1975 4 2973 2077 1 1738 2063 5 1954 1960 4
2353 2083 2 2023 2536 4 2765 3209 3 2267 2741 3 2241 2218 4
1913 1019 5 2030 2837 2 1669 2620 6 2394 2113 2 1398 1130 2
2662 1919 5 1300 1686 3 1461 2281 1 2489 2607 2 1617 2277 5
2569 2405 3 1210 2096 4 1154 1754 3 2422 1232 3 2918 3412 5
1916 2194 2 1701 2180 3 1494 2189 4 2647 1670 6 1116 1056 3
2166 2252 4 2325 2061 4 1964 2291 3 1875 1882 2 2005 2125 4
1652 2078 2 2119 2419 3 1497 2596 4 2407 1819 4 1550 1746 5
1996 2857 2 2752 2642 4 1273 1871 4 2032 2629 3 2413 2330 3
2134 1940 6 2088 2574 3 1489 836 2 2543 1669 2 1526 1697 4
2317 3387 4 1668 2018 2 2703 2869 4 1594 1722 3 3463 2717 3
1010 1784 2 2341 1579 4 2160 1785 5 1408 2076 3 1420 1740 4
1403 1873 3 2049 1418 3 1438 1316 4 2442 2694 1 2370 2649 6
2267 3031 3 2456 2487 3 2976 1824 4 2414 3385 4 1724 2436 3
2358 2162 2 2434 2642 2 1292 1396 2 2119 1316 4 2451 2705 8
1661 1190 1 2623 1703 4 1260 2799 6 2958 3605 3 1791 1983 3
3734 4051 1 2417 2485 3 2031 1847 5 2009 2612 5 1623 2068 3
2115 1725 2 1997 2467 5 2440 2832 2 3535 2848 4 1542 3217 3
1701 2417 3 2314 2187 3 1671 2052 2 2386 2410 4 942 984 5
2130 1586 2 1260 1827 3 1895 2700 4 1495 1380 5 2501 2367 3
1172 1924 6 2286 2273 1 1803 1551 3 2101 1773 3 1773 1591 5
1673 1308 5 2025 2375 5 1333 1282 2 2547 2904 3 1833 2358 3
2495 1985 4 1628 1945 5 2356 2348 3 1244 1273 3 1420 1669 3
1810 3044 5 2269 2080 3 2847 2601 4 2613 2033 3 1442 1481 3
2411 2055 4 2248 2440 2 2257 975 2 1998 2907 5 2976 4115 4
1793 2600 4 2840 2550 4 2595 2435 5 2603 2455 2 1522 1807 3
1769 1790 5 2597 2257 2 2971 2231 2 2272 2867 3 1117 1364 7
3151 2394 6 2650 2692 4 1255 1742 1 2886 2263 2 1081 1663 3
1476 1746 7 1044 1925 2 2606 2328 2 1401 1660 3 1448 1489 3
2191 1966 4 1698 2241 3 2099 2124 1 2508 3735 6 2203 2451 5
1531 1587 2 2075 1474 4 1383 1624 3 1523 2609 4 1983 2072 4
1929 2386 3 1252 1256 3 2347 2689 2 1134 1483 3 2362 1727 6
1795 1279 4 1719 1834 4 1179 1820 2 1784 2247 5 1729 1707 3
1940 1932 5 1745 1578 2 1591 2200 6 2469 2620 2 1621 1783 2
2623 3006 4 1782 838 2 2502 2886 4 1723 1558 2 2193 2843 5
1390 2698 3 2342 2314 4 1986 2358 2 1888 1511 5 1307 1189 4
2153 1993 3 1826 3221 5 2161 2711 4 1941 1204 3 1777 1810 3
1839 1752 2 1805 2705 3 898 2292 3 3061 2670 4 3451 2748 5
2094 2375 3 1516 1293 5 1661 2746 4 1847 1676 4 1217 1639 2
1758 1508 3 2550 3171 4 2048 2909 4 1879 2576 3 1506 1975 4
3091 2199 2 1958 2902 6 2387 2067 5 1401 1178 1 1532 2027 3
2570 2616 5 2120 2864 2 1697 1840 4 1571 1927 2 2117 1119 3
2389 2056 5 1575 2007 2 2975 2918 3 2638 3173 3 2696 2401 4
2534 2281 2 2210 1956 5 2027 1641 2 2230 2694 6 1557 1960 3
3122 3548 3 2622 1618 4 2530 2804 2 2550 2389 5 2415 2610 2
3883 2139 4 2223 2812 3 2353 1935 4 1159 1607 1 1493 1841 5
1870 1991 4 3035 2634 1 2464 3124 4 1900 2740 5 2199 2046 3
3186 3055 2 2712 1699 3 2102 2816 7 1441 2054 1 1789 1811 5
2170 2814 3 2899 2523 5 1666 1472 2 2556 2058 3 2430 2627 4
1242 1950 2 2178 2444 3 2345 2683 7 2316 1779 1 2172 2629 5
1795 1668 6 1873 1906 4 2086 1948 1 1527 1951 3 1396 1112 3
2353 3588 3 2862 2609 4 2568 1718 2 2372 2602 4 2312 1354 5
3025 2136 3 2222 2752 6 2734 3704 3 2388 2148 3 1759 1916 3
3530 3982 2 2869 2568 4 2562 2649 4 2997 2966 5 2929 2536 2
1868 1198 3 1323 2830 3 1980 2204 4 1484 930 3 1404 1561 4
1739 1800 1 2370 1714 5 1662 1507 2 1937 2396 6 1327 1789 3
1882 2140 3 1169 1230 2 1603 2041 5 1430 2327 6 1730 1390 3
1041 1503 2 1569 2187 4 1593 1802 4 2017 1051 3 1459 2323 5
3414 2004 4 2305 2750 2 2115 2193 3 1702 2840 4 1467 1842 4
1912 3098 5 3098 2969 3 1388 1356 3 2124 1477 2 2323 1600 4
1561 3080 3 1565 1343 1 1357 1722 7 1441 1428 2 1712 1510 5
2462 2468 6 2160 3191 3 1838 1957 3 2452 1894 2 1140 1286 3
1172 1290 2 1699 1789 5 2390 1203 2 1826 2488 2 2237 2102 6
2956 3416 6 1181 899 3 1617 2003 2 2654 2544 3 1787 1388 3
1949 2618 5 2194 1572 5 1523 2036 2 1647 2116 2 1584 1285 4
2524 3086 2 3179 3183 1 2784 3161 6 2547 2459 3 3005 3578 6
1531 1670 2 2417 2052 6 2837 3020 3 2806 2967 2 2141 2536 3
860 1721 3 1846 1439 4 2702 1380 5 2846 2810 3 1344 1332 2
1738 1807 5 2312 2825 3 1337 1444 2 1780 1096 3 1507 2090 5
2245 1958 3 1784 2798 4 1745 2311 4 2027 2509 3 1753 1146 3
1850 2255 4 2399 2083 3 1049 2008 3 1392 1346 5 1398 1340 3
2823 2492 5 979 1150 7 1962 1894 1 2138 2346 1 1810 1688 3
3338 2676 4 2574 2041 2 2197 3276 4 2409 3308 4 1437 1382 2
1974 3074 2 2732 2339 3 2940 2994 2 3551 3144 4 2188 2315 5
2585 2783 5 2000 1637 4 1022 1674 2 2834 2817 2 1339 2027 4
2714 3563 4 1656 2057 4 2589 3192 5 1791 1437 1 2522 2401 4
1895 2171 3 2352 2296 1 1678 2496 2 2019 2335 5 2829 2025 6
1211 1510 2 2015 2746 5 1527 1570 1 2094 3086 4 1949 1905 4
2172 3180 2 1846 984 3 2336 3130 10 2187 2009 1 1796 1606 2
1523 2400 2 2356 2888 3 2128 2348 3 1711 1721 7 2349 1434 2
2893 2882 2 2136 1704 4 2756 2187 3 1479 2403 4 2382 2477 4
2661 3024 5 1550 1239 3 2649 3170 3 1645 1939 2 1955 1219 4
2905 2600 6 2035 1720 2 2771 2885 5 1681 1807 2 2668 3020 2
3306 3295 3 2366 2273 8 2264 1931 1 2572 1912 3 2038 2853 3
2085 2051 3 3225 3201 4 3697 2693 2 1848 1852 2 1919 2313 5
1706 2124 2 1964 2321 2 1416 2754 6 1912 2427 3 2695 2214 4
1131 1129 1 1525 2362 3 1967 2051 4 1831 2625 4 1018 1206 5
1705 2255 3 2153 2635 2 4649 3822 6 1520 1935 3 2513 3239 2
2824 2939 7 1269 1918 3 2630 3083 3 2809 1985 3 1687 1704 2
1893 2634 3 1854 2585 6 1678 1936 1 2236 2101 4 2233 1046 3
2210 2745 1 1540 2213 4 1535 1893 4 2491 3164 6 1086 984 3
2093 2378 5 1618 1939 3 1094 2049 1 1417 1624 4 2145 2086 5
1564 2235 3 1773 1244 3 1498 1440 2 1156 2627 6 1974 1233 4
2513 2428 2 2071 2361 3 2743 2426 4 2486 3017 4 1351 2089 3
1037 1991 7 2276 1269 1 2365 3060 2 2892 2554 3 2914 2644 4
1629 1577 3 2257 2534 5 2158 2228 4 1371 2087 1 2783 3531 4
1355 1187 3 2608 2069 4 1748 1722 6 2012 2376 2 1520 1240 3
1856 2072 3 1813 2449 2 1707 1379 2 2086 3313 6 2727 2330 4
2243 1832 2 2244 2181 4 1481 2324 4 1299 1782 4 2568 2590 4
2928 3201 6 1910 1370 2 2596 2985 4 2487 2660 3 2104 2543 3
1314 1768 2 2047 1976 4 2447 3104 4 2295 2350 3 1569 1442 4
1771 870 4 2459 3628 5 2070 2655 2 2913 2237 3 2211 2697 4
2742 3203 5 1239 1369 3 2025 2815 2 3615 3440 1 2527 2249 5
1829 2326 6 1930 1851 3 1889 1536 2 1673 1667 2 1280 973 5
1564 1751 1 670 1011 1 1949 2604 7 1810 1734 4 2352 1606 5
1883 3162 3 2097 2044 2 3276 2218 3 2997 3552 5 1178 1658 3
2159 2980 5 2164 2331 3 1676 1942 3 1723 2408 3 1953 1620 4
2553 2815 5 2110 1963 2 1847 1651 3 1939 1891 3 1638 2578 5
1676 2032 2 2567 2924 2 1658 1984 3 3451 3370 6 1750 2068 4
2136 2602 2 1655 2633 4 2071 1731 2 2123 2397 7 1900 1368 2
2295 2243 5 2773 2989 5 2655 3066 2 3075 3312 3 1653 2299 2
2172 2640 7 1996 2603 2 2912 2859 4 1509 1861 2 1651 2109 2
2452 2254 2 1935 1534 2 2213 2389 3 2355 2187 2 1930 2454 8
1730 2947 5 1615 1380 3 2248 2170 1 2720 2287 5 1300 1835 3
2070 2199 1 2489 2578 4 1763 2001 6 2963 2158 4 2156 2278 3
1153 1966 2 1413 1286 4 1452 2300 4 2021 2031 3 1531 1262 5
3770 3380 3 2880 3444 4 2636 3146 3 2364 2109 2 2496 3188 3
2289 2411 2 2451 2842 5 2254 2835 2 2036 2206 4 2417 1303 4
1438 2003 2 1947 2406 3 3147 3377 8 2799 2927 2 1548 2336 3
2191 1153 5 2278 2336 3 1578 2082 3 1894 1628 2 2411 1923 4
2433 2068 1 1841 2134 4 1986 2710 6 825 1719 2 2257 3475 5
1231 2025 4 2180 2983 3 1411 2539 5 1588 1938 2 2324 2111 4
2030 1260 2 2219 1795 2 2289 2763 5 1307 2000 3 1816 1619 5
1778 2325 2 1636 1665 4 3498 3605 3 3049 3349 3 2656 2693 5
2443 2890 4 3158 3088 4 886 2870 4 2259 1522 1 2501 1428 3
2425 2090 4 2194 2873 5 1954 3061 2 2514 2257 2 2463 2574 3
1714 1389 3 2555 2500 5 3061 2942 2 1627 2089 3 1653 1838 5
1966 2226 5 1699 1905 4 2494 1830 4 853 1027 1 2023 2484 4
2456 1663 5 3045 3353 5 3066 2940 1 2144 2182 1 2643 2969 4
1799 2516 1 2606 2392 5 2556 3117 4 3784 4052 3 1404 2071 4
1722 1691 5 1824 2639 3 1978 983 3 1774 1659 2 2157 1765 4
1631 2530 5 2081 2617 3 1866 2338 3 2877 2962 2 1673 1619 4
2600 3249 1 3885 2742 4 2771 3052 3 3221 2419 1 1475 2717 6
1760 2141 4 3753 1891 6 1247 1978 1 1820 1685 3 1980 2139 3
1956 1554 3 2058 2031 3 2080 2479 4 1590 1552 5 1552 1965 4
2382 2091 5 2533 3068 6 1269 1122 2 1496 2719 2 1719 1445 3
1663 1392 3 1659 1769 4 1642 2118 6 2125 2197 3 1370 1585 2
1925 2460 3 2068 1677 2 3257 3289 5 1790 2298 5 1074 1895 2
1747 1883 4 2687 2914 4 2945 2322 3 1403 2456 5 2283 1681 3
2472 2276 3 1750 2010 2 1613 2892 4 2915 3008 2 1904 1817 5
1353 1652 3 1914 792 1 2404 3527 5 2122 2065 4 1501 2199 4
2662 2323 2 3361 4437 4 2185 2185 5 2591 2271 2 2851 2959 4
1671 2769 5 2205 2516 3 2466 2237 4 2139 2167 3 1032 1720 3
2594 2912 1 2450 3179 5 3859 3175 5 2226 3043 2 1800 1826 3
2054 1997 2 3055 3165 6 1638 1403 4 1908 1864 1 2775 2956 4
2246 2958 1 3051 3327 5 3180 2576 4 2564 2568 2 2482 2945 5
2051 2410 6 1405 1887 4 2569 2636 3 1655 2662 2 2262 1380 3
1779 2279 1 1926 1721 2 1566 1829 7 2358 2056 2 1847 1980 5
2569 2655 3 2704 1962 4 2074 2972 4 2500 2206 2 2082 2428 4
2078 2447 4 1830 2131 5 2008 1658 3 2235 2128 2 1381 2180 5
1246 1923 7 1321 1489 1 1626 1942 3 1482 2145 4 1918 2175 4
3225 4324 3 2865 2350 2 2680 2852 3 3629 3369 2 1700 2748 4
1931 2048 2 1981 2479 4 3134 2154 3 2683 3160 2 2657 2175 6
2255 3086 6 1294 1758 2 2781 2386 2 2162 1895 3 1996 2498 5
2469 1457 4 1355 1856 1 1261 2170 6 1918 2089 3 2471 1776 3
1647 1361 3 965 2401 1 1420 1349 3 3556 3364 6 2104 2300 5
3251 2605 5 2006 1971 3 1492 1501 3 1454 1628 4 1755 2364 3
2165 1698 3 2839 2794 5 2354 2195 2 1658 3079 3 2095 1460 5
2725 2864 3 2390 2695 6 1876 2397 4 1693 2145 2 1313 1199 3
3280 3513 6 3212 2633 1 2164 2258 1 2272 2651 3 2330 2130 6
2872 3409 7 3587 4032 2 3145 2666 3 2450 3566 3 2077 2284 2
2651 2442 6 2531 2074 2 2015 1993 2 2344 996 1 1940 2850 6
2402 2248 3 1362 1995 1 2521 2746 6 2494 3266 2 2408 2537 4
1760 1656 3 2206 2474 2 2027 2877 5 1807 2384 4 1556 2142 2
1902 1401 3 2363 3210 3 2229 2476 2 2199 2787 2 2922 2183 6
2708 2937 2 3336 3600 4 1049 1148 7 2611 2356 2 1814 2235 2
2493 2227 2 2510 2332 7 2625 2674 3 1667 2334 2 1464 1619 3
1591 2118 3 2228 1902 3 2642 3102 8 2693 1901 1 976 1312 2
2604 2235 1 3115 2687 5 1850 2258 3 2650 3527 2 2792 2509 4
1684 1935 4 1294 3272 3 1798 2235 1 2960 2173 3 1838 1682 6
1824 2066 4 1773 1768 1 3198 1905 5 2586 2680 1 1890 2445 6
1278 2158 5 1568 1359 2 1774 2093 4 1599 1453 4 1369 1095 4
2786 3048 7 2067 2596 3 1918 2126 4 1739 1624 1 738 1440 3
1666 2001 6 2359 2664 2 2646 2568 2 1773 1381 3 1553 1113 5
1822 2148 5 3263 2801 2 2878 2478 2 2034 2411 4 2930 2736 3
2884 2803 2 2050 2207 2 2262 2829 7 2172 2534 2 1994 1848 3
1282 2237 4 2499 2146 3 1667 1453 2 2219 1906 3 1952 1774 5
1571 2035 3 3194 2216 3 2061 1971 3 2365 1987 4 1856 2056 4
2342 1785 3 1965 2739 5 1792 2142 2 2009 2037 5 1676 1924 2
2083 1950 4 2080 2891 3 2123 2196 1 2713 2367 5 1662 2723 3
2510 2348 4 2010 2234 2 3175 2129 4 2131 3110 4 1647 1456 4
2281 2307 1 1909 3374 8 2219 2247 1 1761 1359 2 2174 2117 5
2942 2902 3 2649 2118 4 2926 2552 4 2603 2437 2 1390 2064 3
1870 2294 2 2227 2427 5 1200 1811 4 1804 1583 2 2208 1812 5
1628 1824 3 1280 1835 5 1804 2205 4 2117 1602 2 993 1241 4
2393 3925 4 1778 1546 2 2144 2089 4 2232 1744 3 2197 2101 4
2973 3070 2 2247 3011 4 1442 3304 4 2491 1972 3 3261 1658 5
1128 1642 3 2354 1693 2 1744 2156 5 2809 2744 3 2280 2159 4
1549 1959 4 1982 1886 2 2277 2262 5 2443 2144 1 2116 2291 5
1914 1810 1 1529 2142 5 3055 2487 3 2196 1774 2 2597 2888 6
2895 3046 6 3353 2667 4 2070 2074 2 1906 2124 2 2010 1854 4
2204 2626 2 3602 2892 3 2986 2802 3 2349 2890 2 2589 1636 6
1630 1401 5 1752 1584 1 1832 1649 7 791 1578 3 1515 1180 3
2174 2660 3 3381 1981 5 2069 2678 1 2123 3179 5 2229 2152 3
535 1247 3 911 1474 3 877 1929 3 2681 1776 4 1640 1080 5
1486 2114 5 1882 2401 5 1577 2279 4 2806 2371 1 2110 1809 3
1922 1983 2 1937 2320 6 1653 1997 4 1714 2186 3 1732 1634 3
1790 2197 3 2234 1935 2 2165 2141 4 822 2248 5 1978 1340 4
2406 1869 6 1472 3138 5 1579 1900 1 1309 1466 1 1264 1873 4
1380 1685 3 2076 2322 4 2070 2383 4 2377 1466 3 1471 1965 3
2815 2842 2 2335 2422 3 2829 2421 4 2652 2676 4 3016 2505 4
1118 1775 2 2274 2205 5 2792 2035 2 2094 2658 6 1153 1522 3
2757 3183 6 2292 2323 3 1742 2145 4 2231 2137 2 2118 2207 3
1521 2161 2 2163 2287 5 2219 1785 3 2515 2126 1 3456 3689 6
1736 1803 7 2160 2716 6 1303 1794 1 1028 1600 1 1175 1348 3
2167 2210 3 1916 2211 3 1947 1616 4 1904 2561 2 2036 1967 6
2471 2824 6 2226 1887 3 1909 2739 3 1879 1996 2 1554 1134 3
2581 4381 2 3149 2881 3 2507 2963 2 3630 3364 4 3971 2703 4
2168 1658 4 3058 3506 2 1591 1887 2 2936 2855 2 3361 3750 6
2217 1919 3 2190 1960 2 1164 2411 3 1903 2112 5 1673 1437 4
1970 2983 2 3275 3398 4 2173 2148 1 2546 1843 3 2204 2809 7
2129 2472 3 2907 2065 2 2592 2262 6 2358 2828 4 2699 2755 2
2430 2629 1 2651 2646 1 2914 3410 10 1788 1832 2 2139 2367 2
2474 2915 4 2068 2736 3 1805 1743 2 1872 1647 6 2086 2058 3
3154 2989 2 2952 3052 4 2407 2221 3 2498 2880 4 2086 1209 3
1598 2276 4 2387 2438 3 2315 2526 2 1552 2074 2 2140 1649 5
1233 1051 2 1526 1596 3 1973 2382 5 1813 2051 2 1316 1151 5
1945 2104 4 1309 2197 3 2662 2115 4 2286 1815 3 1816 1952 4
2009 2384 6 1879 1915 1 2450 2633 3 2118 2278 4 2877 2641 3
1539 1898 2 1604 2102 3 3152 3039 5 2136 2119 2 2898 3008 5
2955 2419 2 2588 2843 2 2272 2829 3 3362 2547 4 2125 2890 6
2165 1961 4 2198 2797 3 1507 2043 3 2561 3116 3 1901 1759 4
2104 2161 2 2139 1706 2 1862 1306 3 2077 2482 6 2260 3331 4
1542 2023 6 2776 2958 5 1443 2051 1 3097 2229 2 1992 1708 3
2959 3064 3 3031 1996 5 2577 2736 4 1985 1965 2 1879 1868 4
2299 2281 4 2542 2226 2 2605 2247 3 3393 4274 5 1725 1609 3
1904 2550 3 2346 2614 3 2043 2022 1 2171 1696 3 2522 2650 7
1971 3218 3 1342 1856 3 2692 1586 3 1704 1953 3 2970 2655 5
2277 2829 2 2130 2141 1 1723 2139 6 1624 3209 5 2782 2207 3
1783 1541 4 2118 2722 6 2465 1841 3 2692 2119 2 1348 2204 2
1510 911 4 2635 2007 1 1634 2688 8 1582 2551 3 1587 1318 2
2104 2141 2 2560 2768 5 2105 1380 2 1754 2724 4 2594 3255 5
3071 1910 2 2913 3534 4 2297 1936 2 2571 3602 4 1626 2295 3
1886 3070 6 2903 1885 2 2013 2164 4 1908 2707 3 2238 1814 3
2608 3045 3 1807 1847 3 1950 2604 5 1745 1278 2 831 2145 5
2296 1581 1 1932 1500 1 2484 4239 7 1981 2002 3 1496 2006 7
1413 2777 2 1429 1988 3 1339 1712 7 1982 1405 4 2089 1741 3
2011 1783 3 2013 2552 5 1833 2052 7 1484 1479 2 1427 987 2
1145 1892 4 1608 1693 2 1536 1649 2 1990 2588 4 1863 2065 6
2476 1579 3 2509 2811 3 1401 2470 4 2888 1989 3 2166 2747 4
1413 1512 4 1777 1499 2 2767 3421 3 2905 2644 4 2161 2322 4
2885 1556 2 1046 1997 6 903 1635 3 1421 1856 4 1408 2136 3
2366 2907 2 3239 2749 2 2710 2050 3 3034 2786 2 2583 3002 6
3084 3603 4 3308 3007 4 2705 2734 4 2673 3164 3 2761 2383 2
2969 2095 5 2445 3711 5 2306 1523 2 1475 2957 2 1939 2157 3
1220 1423 3 2049 2484 4 1528 2337 6 1695 1518 1 926 1243 4
1093 2249 2 2082 2163 5 1746 1471 2 2223 1497 3 2190 1876 5
1657 2085 2 1549 1779 6 1727 950 4 1584 3080 3 1090 1719 3
1999 1781 3 1780 2358 3 2850 2377 4 2125 2883 3 2251 2308 4
1840 2374 5 1705 1078 4 1617 1174 2 1459 2086 2 1912 2291 5
1915 2148 5 2097 1866 2 2668 2279 4 3255 3889 3 2928 2814 3
2314 1611 4 2060 2003 5 1512 1400 2 1658 1676 4 1368 695 3
3077 2582 4 1997 2441 3 1988 2527 5 2150 2403 1 2944 3137 3
1458 2536 5 2350 1554 4 2661 1103 6 1684 2224 2 1703 1550 2
1750 2052 3 1596 1730 3 1877 2918 5 1887 1499 1 1365 2016 6
1843 2473 2 2420 2026 4 1650 1577 3 1846 3159 4 2097 2117 4
1505 2020 3 3448 1979 2 1268 1771 5 2003 2543 4 2811 3258 4
1921 2197 3 1992 1740 3 2906 2076 4 1863 1850 5 801 898 3
1419 2396 3 2642 2706 5 2182 2752 2 1861 1609 5 1764 2223 3
2381 2936 3 1940 2754 4 1669 2017 4 1811 1946 2 2026 1792 5
1620 1401 4 914 2234 2 2053 2082 4 1928 2479 4 1993 1855 4
2405 2146 2 1702 2803 2 2408 3149 5 3194 2120 3 2571 3170 4
1959 2894 7 2449 2944 4 2076 2102 2 2227 2003 1 2291 2248 3
2853 3645 4 2101 2232 4 2381 2649 3 2984 3266 3 2034 1578 2
2289 2346 4 1728 1910 2 1778 1930 2 1865 2474 3 1251 1864 5
2806 1580 3 2201 3106 1 2827 2199 1 2207 2991 7 2483 2827 4
1907 2274 2 2472 2414 2 2283 2052 4 1565 1974 4 2040 2640 5
2077 2232 4 1598 1486 1 2152 2008 7 926 1148 1 1892 2238 5
2793 2390 1 1991 3293 4 1904 3328 7 3081 2472 1 2181 2151 4
1664 1789 2 2309 1866 6 1823 2235 4 1914 2452 3 1177 1255 3
1675 2076 3 2603 3037 4 2250 3292 4 3040 2663 4 2366 2816 2
1189 2145 3 2361 2181 5 1643 2386 4 1548 1759 3 2676 1690 2
2142 2362 2 1399 1886 4 1067 2257 2 1642 2279 4 1867 2099 5
2999 2445 2 2800 2381 3 2190 2331 5 2232 4471 3 2714 2663 3
2454 2332 2 1625 2465 3 2111 2447 2 2852 3021 8 2313 2136 3
2473 3235 6 2712 2819 3 2824 2734 5 2096 1569 1 2255 1761 2
2459 1923 4 1946 2112 2 1694 3143 4 2080 1706 2 1773 2545 6
1873 2153 2 1999 2401 5 2704 3047 3 1195 1866 5 2127 1505 3
2992 1604 3 2404 2342 4 1713 1865 3 1962 3690 6 1622 1116 2
1673 1669 3 3422 2235 2 1799 2186 5 1664 2292 1 2055 2453 6
2749 2602 4 2206 1779 4 2317 1962 3 2323 2004 2 1384 2045 4
2737 3146 4 3129 1974 3 2314 2194 3 2593 2388 4 2369 2388 4
2220 2470 2 1925 1629 4 1852 2438 4 2098 2004 2 1639 1739 5
1756 1925 7 1832 1305 3 1530 1873 2 1299 1730 2 2930 2152 4
2533 2147 1 1328 1598 2 2931 2521 3 3007 2819 4 1856 2708 5
1516 2266 2 1704 1644 2 2077 1297 2 2420 2806 5 1857 2491 6
1968 1534 1 2201 1880 7 2938 2504 4 1439 2038 2 1653 1705 5
1961 1980 4 2636 2585 7 2468 1830 1 1225 1896 3 1925 2474 2
2918 3250 3 1858 2940 1 3328 3223 3 1849 1928 6 1796 1544 3
1737 2224 3 2225 2198 2 2847 2555 4 2264 2804 7 1733 1204 2
1317 1708 3 2046 2132 4 1857 2099 3 2601 2018 2 1185 1703 6
2299 2973 5 2174 1658 3 2591 2828 4 1381 2728 2 2657 1367 3
1802 1948 4 3104 2510 6 2466 1718 3 1860 2314 1 1329 1431 3
1147 1480 4 2398 1331 3 2313 2105 3 1870 3108 3 2557 2530 5
1697 2147 3 2336 2246 4 1547 1978 3 2144 2214 2 2173 2344 6
2275 2870 6 2589 2363 1 2478 2915 4 3005 2359 2 1494 1563 3
2702 2974 2 2693 2496 6 2688 2019 3 1423 1061 2 1949 1441 4
2578 2057 4 2161 2020 2 1451 2320 3 1528 2370 3 2276 1561 5
2024 1646 3 1690 2041 1 2758 2468 2 2283 2743 6 1864 2719 5
2689 2379 4 1894 2370 3 1289 2557 5 2145 2590 3 1714 2141 3
2691 3096 2 1903 1914 3 1354 1085 2 2737 2425 5 1678 2984 5
1996 2391 1 1848 2330 2 2399 2376 5 1941 2774 6 1674 1314 4
3692 1937 3 2061 2715 2 2671 3359 5 1364 1788 4 2562 2033 4
1101 3004 3 1995 1651 5 1675 1190 2 1534 1162 4 1868 1620 3
1802 3327 3 2160 1987 6 2495 1896 1 1643 2283 3 3159 1576 5
2399 2382 4 2748 3570 2 1914 1832 3 2162 1981 3 1884 1652 6
2416 2422 4 2487 3453 3 2323 2491 1 2223 2288 4 1634 2339 6
1179 1345 2 1843 2061 3 2032 2700 3 2972 2895 3 1850 2174 7
962 2325 5 1160 2050 2 2608 1939 4 2346 1836 4 1287 963 3
2242 2310 5 1797 2527 2 2422 2125 2 2256 2956 4 2518 2110 4
1386 1948 3 1124 1670 4 897 1022 2 1507 2103 2 1657 2228 7
2194 2466 5 2800 2948 1 1947 1686 3 2236 1602 4 2853 3130 4
2864 1897 3 1650 1241 6 1807 2641 2 2704 2446 3 1474 1517 3
2872 2561 5 1449 2083 2 1920 2154 6 1711 1030 1 2606 2030 4
2345 1941 2 3467 2435 2 2303 3187 3 3400 3073 3 2006 2133 7
1847 2135 2 2733 2010 6 1883 2814 6 1488 1782 2 1927 1997 2
1986 1466 4 977 1667 3 1732 1856 5 1200 1229 1 2171 3459 6
1760 1982 2 2309 2418 3 3176 2477 4 2583 2423 5 2305 2637 3
1381 1993 4 2635 1757 5 1410 1876 3 1787 1497 3 1919 2928 3
1853 1133 3 1816 1834 3 1054 1908 4 2140 2325 4 2089 1710 4
1564 2304 3 1328 2198 4 1738 1737 2 1763 1977 4 1264 1479 4
1729 1550 4 2491 1634 3 2090 2342 3 1482 1548 4 1698 2468 3
1865 2296 5 2133 3086 5 2725 2271 2 1327 1867 2 2304 2316 4
2398 2528 1 1956 2686 5 3046 2353 4 2236 2442 2 3493 3168 4
2373 2281 4 1654 1811 5 3127 1747 3 2156 2848 4 2091 1403 2
3143 3530 5 3643 3488 4 2491 2718 3 2062 2266 1 1214 2128 4
2467 2326 2 1819 2167 2 3158 1981 5 2116 3199 3 2101 2093 5
2888 2626 7 1726 1759 2 2573 2184 2 2368 2732 2 1609 1517 4
1730 2024 3 1674 2330 1 1534 1767 3 2473 1806 4 1256 2098 6
2977 2066 3 1345 1946 3 889 2192 3 2543 3120 4 2048 2464 3
2079 2416 1 2070 2476 6 2598 1422 2 1316 2058 5 1506 1445 5
2572 2123 4 2135 1738 4 2352 3275 2 2442 2644 2 1729 2963 5
1965 2373 6 1899 2359 3 2443 2213 4 1630 2554 3 1975 1670 2
1259 2982 4 2961 3072 4 2020 2737 4 2002 676 2 2968 2063 3
2257 1986 7 2118 2593 2 2803 2961 2 1602 1679 5 2345 1566 3
1903 1833 5 1367 1305 4 2054 2867 2 2519 2784 2 1313 2149 5
2034 2609 2 2413 1794 4 1593 1761 2 3174 2515 5 1152 2177 4
2417 2709 3 2310 3049 3 2366 2217 3 3049 2480 5 2475 2496 2
2613 1597 3 2658 3269 2 653 1081 1 1535 2060 7 1546 2369 4
1353 1884 4 1661 1072 2 2854 2425 4 1470 2495 4 2147 2667 3
2558 1614 3 1706 844 1 2289 2966 6 1764 2108 3 1559 1738 5
2166 1609 2 2537 3404 3 3823 3361 2 2950 2895 4 2297 2420 5
2122 1271 2 2926 2791 1 2019 3242 4 2256 2317 5 2092 3009 4
2290 2565 4 1565 2195 3 2053 3162 4 3223 3090 3 2556 1714 3
1835 1792 1 1531 1608 4 1220 2431 6 2484 1372 2 2114 2022 4
3207 2865 4 2124 1536 2 1542 1813 1 1671 1959 4 2639 2672 7
1703 2157 2 2133 2140 4 2125 3022 3 3219 2090 3 1781 1734 4
2119 2167 3 3305 2884 1 3026 2712 4 1955 2556 6 1879 1545 3
3649 2361 5 1055 1713 4 1133 2158 4 1286 2013 3 1090 1753 2
2416 2331 3 2472 2367 2 2773 2554 3 2499 2627 4 2934 2875 6
1441 995 5 1845 2134 6 1779 1984 3 1132 1199 1 1669 1658 3
3191 2428 4 3600 3291 4 2715 2579 1 2140 3181 2 2166 2955 6
2062 1299 4 1946 1213 3 1906 1688 2 1613 2299 4 1836 1643 5
2367 2732 2 2342 1313 5 3064 4200 5 2512 1760 2 1559 2004 4
2380 1748 2 1444 1782 2 1554 1944 4 3984 3021 5 1565 2725 3
2838 2874 5 2694 1994 3 2171 1767 1 1982 2804 3 1786 1904 5
1748 870 2 2686 1876 5 1901 2163 2 2467 3103 4 1981 2228 4
1963 1821 5 1898 1791 4 1908 2972 3 2131 1644 1 2613 2043 4
2339 2549 3 3238 3324 3 2647 2555 4 2936 2641 1 2073 3020 6
2141 2192 4 2255 1649 2 2252 2275 4 2667 2849 5 1407 1689 2
1748 2641 4 3029 2922 3 2338 2300 3 2939 3456 3 3013 2365 4
3075 2912 2 2160 2705 7 2185 2620 2 2245 2563 2 2532 1902 4
1656 2610 5 2029 1670 6 1420 1364 3 1912 1016 2 1541 918 2
2261 2629 3 1175 1781 3 2949 2273 3 1331 2174 3 2088 1176 5
2152 2116 4 2408 2859 7 2856 3362 2 2682 2656 1 1981 2205 3
1665 1119 2 2158 2659 1 2856 3942 10 1677 2311 1 2136 1605 3
2875 2345 3 1424 1288 3 2357 1997 3 2861 2611 3 1927 1503 5
1618 1133 1 2240 2452 5 2139 1756 5 1429 2612 2 1394 2325 5
2368 2382 2 2187 2487 3 1421 2500 6 2178 1928 3 1780 1858 4
1983 1718 3 1501 1245 3 1541 1546 3 1773 1554 3 1387 1719 7
1904 3321 5 2513 2303 4 2226 1665 2 2339 1893 2 2482 3064 3
1956 2546 2 1915 2119 2 1582 2049 4 2264 1451 4 2403 2947 5
3008 2690 4 3106 3624 1 3482 3159 2 1630 2483 3 2133 2036 7
2599 1118 3 1393 2088 3 893 1635 2 1686 2305 5 1068 2175 5
2956 2591 4 2104 2456 3 2562 1672 2 1832 2914 4 2276 2495 4
2615 2424 4 2323 2663 3 1723 2213 3 1313 1503 3 2981 2675 5
1640 1217 1 2199 1934 4 1826 2093 7 2326 2542 4 1450 2155 2
3005 2769 4 2169 1474 3 1934 3200 3 3743 2896 2 1069 1661 5
1885 1920 3 2416 2324 1 1575 2111 6 1153 1146 4 814 1617 4
1030 1291 2 2741 2596 3 1792 3086 5 2201 2587 3 2252 1056 5
2750 1610 2 1299 1342 2 2137 3660 3 2281 1192 6 1682 2687 4
3105 2778 1 2258 2773 3 2709 2656 3 2499 2364 2 1892 3060 8
2184 2713 2 1158 1830 3 2337 2176 4 2459 1613 5 2109 1902 3
2024 1334 4 2199 3333 2 1672 2367 5 2267 2110 2 2888 2916 3
1967 2020 3 1541 1392 3 2278 2011 3 1881 2194 7 2031 1304 3
2416 1893 5 2307 2997 5 2379 1709 3 1910 2555 1 1769 1407 2
1660 2067 4 1421 1648 1 2367 2723 6 2481 2360 2 2484 2634 4
1664 1890 4 2888 2147 3 2067 1975 4 1735 2376 1 2225 2440 5
1558 2352 3 2139 2320 4 2292 2302 4 2169 1238 3 1892 2117 4
1828 2541 4 2017 2390 4 2126 1386 2 2593 1450 4 1608 2133 2
1804 1381 3 2596 1292 3 2023 3997 4 2469 2178 3 1602 3064 5
1405 1782 3 2234 1900 4 2461 2982 4 2178 2117 5 1165 1522 2
1825 1633 1 2564 1833 5 2001 2666 3 1903 2179 3 1762 2190 5
1823 1629 4 2737 2181 6 1667 3703 4 2282 2804 1 1952 1588 3
1661 2074 3 1630 2593 2 3175 2275 4 2072 1621 5 1820 2339 3
2364 1473 1 2807 2089 5 1845 2580 2 1817 2496 5 947 1338 5
2273 2561 3 2772 2615 6 2090 2387 3 1483 1779 2 1714 1514 4
2699 2763 5 2371 2369 4 2396 1838 4 1818 2383 2 1789 1295 3
2563 2119 3 1283 1698 2 2970 2653 5 1680 2300 2 2963 2812 5
1806 1745 3 1615 1731 1 2318 3098 5 2487 2568 4 2119 2530 3
2558 3089 3 3044 2851 2 2279 1873 4 3049 2605 4 2712 3038 4
1032 2307 4 1882 1710 4 1111 1094 3 3220 2628 5 1731 2042 2
2645 1846 2 2147 2611 4 1837 2193 2 2355 2381 4 2303 2430 6
1808 1573 3 2085 2436 6 2126 2722 4 1927 2108 3 1577 1964 3
2286 2321 1 3547 2542 7 1131 1926 4 1432 1900 3 1007 1658 2
2501 1801 3 2655 2381 4 2415 2612 3 1985 2724 2 1240 1782 4
975 1451 3 1469 1337 3 1396 2162 6 3051 2139 3 1518 1584 4
3185 2811 5 2114 1658 1 1736 2552 4 2451 2379 5 1734 2813 3
1826 1415 1 2382 2637 3 3308 1810 2 1222 2752 5 1818 1631 6
1687 1521 4 1744 2068 2 1322 2592 3 2737 2244 4 1942 1873 4
1545 1821 3 1597 1564 2 1883 2037 5 2492 2565 3 1291 1194 4
1655 2230 3 3223 2477 6 2750 3063 4 1887 2467 2 2153 2554 3
2267 2105 2 2051 1611 4 2146 2584 4 1201 1305 2 1499 1614 6
1151 1958 6 1549 2178 3 2405 2335 3 2731 1222 3 796 1647 2
1600 2120 5 1701 2665 4 2256 2250 3 2360 1982 1 2132 2222 4
700 1529 3 2276 1797 3 1896 2103 3 2041 2188 3 1900 2788 6
1635 1949 2 1820 1515 3 1902 2668 8 1992 1972 3 1012 1785 2
2270 2203 3 2426 3729 4 3156 3293 5 2655 3203 3 2074 1088 2
2423 2031 2 1877 2302 2 2265 1624 6 891 1593 4 1630 1504 4
2191 2163 4 2520 1875 2 1278 1083 3 1363 2244 6 1303 1506 3
1836 1553 2 2322 2825 5 2405 2827 4 1859 1906 3 2111 1800 4
2433 2222 3 1966 2437 3 2226 2897 2 2257 1407 7 1806 2246 2
1950 2079 4 1779 1575 2 2018 2351 4 2722 2952 5 1908 2578 2
2955 3324 5 2078 2683 4 2140 2407 3 1477 1936 1 2823 2390 3
2149 2632 3 2210 2855 4 3577 3088 3 883 1774 2 2464 3176 5
1480 2284 4 1467 1083 2 2035 2055 7 1709 2108 3 1459 1443 2
2463 2641 5 1316 1121 2 1617 1949 4 2219 2154 2 2433 2461 5
1871 1612 4 2266 3296 6 2463 2333 3 2137 3321 1 1759 1864 3
2649 2766 2 2476 1686 3 1966 2196 4 2461 2127 3 2270 2866 4
2032 2205 2 2696 2049 5 1223 1999 2 2232 1977 3 1741 2425 5
1606 1997 1 2499 2287 4 3030 2315 1 1956 2459 3 2238 2545 8
1775 1405 4 2436 2938 2 2287 2269 5 1924 2619 3 2231 2807 3
2467 2343 6 1854 2123 3 1936 2093 2 2008 1982 2 1720 2403 5
2570 2209 6 2000 2539 3 3092 2815 4 1893 1281 2 1454 1502 2
1760 2147 5 2216 1661 4 1441 1699 4 2062 1663 3 1724 1695 3
1688 2176 2 1885 3053 5 3847 2983 4 2598 2056 1 2116 1919 4
2104 2897 5 2266 1646 3 1304 1253 2 2675 2536 3 2179 2288 4
1503 1724 2 1775 2323 4 2333 2498 3 1360 1652 4 2740 2949 4
1837 2444 1 2398 2420 4 1990 2768 2 2092 2236 5 1466 1239 6
2266 2160 5 2715 2625 4 2431 3217 1 3147 2979 5 2504 2123 3
1568 1693 3 903 1796 4 1450 1627 2 2450 1200 6 1429 1090 4
1418 2551 4 1573 1641 2 2655 2441 5 2273 1886 2 2530 2515 4
1889 1364 2 1098 963 2 2397 2198 1 1475 3080 8 2326 2442 4
1509 2167 5 2526 1642 3 2647 2184 4 2275 2365 2 1672 2113 3
1250 1881 3 2656 1911 3 2199 2292 3 2009 1975 6 1766 1915 2
1040 936 4 2638 1912 4 3199 2852 4 2042 2983 3 1494 1141 4
1375 2239 4 1520 2746 4 2567 2499 5 2017 1807 2 1174 1984 2
1725 3160 2 2769 2243 1 2625 1801 2 2440 2246 7 1705 2589 4
2081 1953 3 2766 1767 2 1509 1746 6 1797 2262 2 1903 2433 5
1806 1298 2 2314 2020 4 1896 2230 5 1321 2680 3 1483 964 4
1858 1860 6 2825 2214 3 2547 2417 1 2122 3130 6 1203 1304 2
2249 2048 5 1983 2159 4 718 1082 2 984 1384 4 1482 1520 3
2436 1926 4 1095 1783 2 1999 1801 4 1879 2566 4 2124 1001 4
892 1750 1 2295 1983 6 2206 2275 3 1915 1826 4 1791 1830 3
1415 1858 4 2374 2207 3 1800 2380 4 1483 2586 4 2098 1934 2
1748 2092 5 2974 1951 4 2816 3147 5 1728 2563 1 2154 1859 2
2256 3117 3 2642 1773 6 1662 1863 1 1320 2553 1 2379 2020 5
1870 1856 3 2353 3534 6 1530 1692 3 1423 1862 3 1703 1445 3
2029 1892 3 1957 2297 5 2056 2243 3 2349 2063 3 2257 2567 3
1884 2396 3 1679 2231 3 1953 1553 5 1041 827 3 1914 1222 4
2627 2196 5 1138 1916 4 1186 1804 2 1968 2524 3 1837 1727 3
1383 2020 3 1304 1777 2 2328 2767 6 2011 2179 1 1838 1780 6
2353 1652 3 2062 2837 5 1781 1989 2 1817 1568 3 1839 2381 4
3160 3236 4 2059 1895 4 1761 2430 2 1704 2292 5 2293 1535 2
1714 2184 6 2609 2161 1 2205 2401 4 2711 2659 1 1672 2177 5
2056 1867 2 2009 2219 5 2033 1376 2 1900 1767 5 1315 1866 3
3049 1807 3 1681 3101 2 1978 1979 5 2093 2176 2 2021 2354 5
1363 639 2 1673 1555 4 1575 1687 2 2229 2594 6 2001 2112 4
1224 2788 4 1678 1147 2 2489 2298 4 2428 2955 4 1577 1186 3
1217 1364 3 1463 1999 6 856 1690 5 2760 1850 2 1700 1588 2
2440 2471 2 2319 2118 4 1606 1641 4 1108 1909 4 1478 2014 4
1884 2388 3 3166 3125 4 2185 2041 2 3183 2845 3 1865 3197 5
2234 2088 4 3060 2982 3 1801 2408 3 1999 2328 4 2301 1464 3
2381 2219 1 2112 1506 5 2993 1931 4 2473 3124 2 1830 2213 5
2558 2650 3 3051 3279 4 2486 1630 1 1410 2216 5 2557 3177 5
1793 2142 3 1853 1246 5 2173 2174 2 1860 2789 2 2354 2481 6
2510 2864 1 2726 2395 2 2384 3279 4 2394 1728 6 2654 1922 4
1440 2047 3 2051 2492 4 2731 1842 3 1852 3351 4 1480 1764 3
3571 3154 4 2789 3913 3 2512 2544 3 1942 2356 3 2366 2424 4
2019 2100 2 2236 2060 3 1642 1790 5 1377 1992 4 1807 1958 4
2204 1928 4 2084 1980 5 1786 2603 1 2619 2190 1 2223 2503 7
2282 2468 4 1816 1328 5 2067 2383 2 1538 2402 4 1618 1562 3
749 1775 5 1417 1460 1 2269 2097 3 1492 1730 3 2130 1880 6
2066 2278 2 2115 2485 6 2851 1679 1 2263 2679 4 2608 2630 3
2344 2228 2 2476 1785 2 2189 3228 7 1742 918 2 1422 2116 5
2107 2468 4 1058 1189 1 1518 2211 4 2051 2199 5 1415 1185 4
1779 3104 4 2583 1739 3 2223 2793 2 1791 2112 6 1689 1685 3
2211 2175 3 1424 2417 2 1838 2462 2 2675 2235 4 3140 2297 5
2895 3000 4 3077 2297 5 2602 3367 2 2741 1946 3 2804 3373 3
2119 2551 2 2857 2487 2 2006 2443 8 2081 2133 1 1904 2321 4
2114 2386 1 2462 2501 5 3179 3297 5 2544 2183 2 1587 2656 4
1802 1610 4 2090 2130 3 1300 2551 3 2389 2049 4 2276 1809 4
1099 1483 3 1739 2242 4 3483 2700 3 2206 2711 4 2541 2463 3
1701 1926 2 2504 1589 5 2106 2745 2 1236 1494 5 1220 2163 4
2641 2659 9 2022 3190 1 1815 1418 2 2687 3083 3 1886 1955 2
1998 1843 3 2232 2135 2 2832 2980 3 2454 2918 4 2184 1979 4
2126 2501 4 2064 2333 6 1623 1467 2 1771 1171 1 2690 2822 4
2653 3087 6 1599 1738 2 3042 3145 4 1708 2019 2 1081 1129 3
2378 2330 3 2835 2520 5 2432 2693 4 2382 2027 2 1534 2218 3
2157 1666 2 2193 3512 3 2259 2841 4 2604 1903 4 2591 2015 4
2426 3053 1 2148 2931 4 1450 1497 1 2842 2425 5 1907 1465 6
2200 2052 6 2138 2104 3 2643 2368 2 2516 3500 4 1456 1309 3
2699 2796 6 3127 2242 2 2009 1982 2 1926 3876 4 1593 1963 3
1453 2048 4 2519 2124 4 1983 2079 2 1585 1960 2 1731 1554 7
2417 2288 1 2193 1683 3 2042 1614 6 1635 2408 3 3299 4376 4
2342 1508 5 1884 1980 4 1028 1597 4 1561 2531 3 1313 1365 2
2166 1525 4 1738 1604 3 2060 1641 1 1559 3116 7 1501 1059 3
2759 3165 6 2833 2393 2 2098 3220 3 2570 2731 2 1603 2446 3
2105 2658 5 2617 2108 3 2319 2990 7 1331 1715 2 1138 602 2
1922 1985 2 1920 2586 4 1985 2200 5 1439 1949 3 2594 2130 5
3160 2901 4 1609 1758 4 1421 1492 2 2581 2142 3 1997 2533 4
2365 3484 2 1515 2101 4 1554 1835 3 1939 1789 5 2679 2315 5
870 1661 5 1183 1773 3 2764 1731 3 2303 2365 4 1175 1476 2
3334 2367 3 1641 1577 3 2723 4011 4 1892 2345 2 2035 2031 4
1908 2714 2 1995 1732 3 2477 2158 3 1477 1981 6 3249 2156 3
2799 2328 6 1685 2245 2 1697 2075 2 1540 1730 3 1651 1743 5
2295 2401 1 2377 3137 5 3072 1723 3 2675 2986 4 2743 2313 3
1852 1695 3 2342 2093 5 3388 2863 4 2854 3187 3 2320 2237 2
1882 1737 5 1772 1760 4 1788 1902 1 1765 2235 4 2020 2319 3
1511 1543 4 1951 2268 3 1673 3142 5 1580 1934 2 1472 1908 4
1148 1649 4 1804 2118 4 2828 1681 1 2483 2343 4 1053 1816 5
2921 2919 2 2058 1669 4 1453 2341 2 2124 2579 3 2300 2445 6
2444 2686 3 1896 3588 3 1428 2032 6 1160 579 1 1656 1578 4
1228 1818 6 1742 1930 2 1923 1928 1 1913 1772 5 2438 2246 4
2174 1471 2 2383 2286 2 1533 2700 2 3109 1973 6 2058 2606 5
2457 2138 3 2368 2851 5 1844 2498 6 1926 1765 2 1823 2246 2
2702 3732 6 2293 2973 3 2833 2092 2 2526 2271 1 3723 2908 4
4315 2569 2 2695 1602 2 2026 3529 8 2272 2757 2 1868 1793 3
2258 2229 5 2591 2923 5 2135 2317 2 2301 1665 1 1549 1693 5
2297 3067 3 1744 1361 3 1941 1815 5 1770 1595 2 1606 2243 5
2214 2496 1 1846 3472 8 1947 2021 2 1779 1533 5 1455 1821 2
2362 2979 4 1993 1867 2 1655 1650 1 3223 3689 4 1603 1891 5
2086 2555 4 2503 1687 4 1324 1746 4 1859 2147 2 1665 2131 3
1599 2849 2 2558 1990 2 3059 2358 4 2801 2852 5 2308 3458 4
2091 2372 3 2355 2529 4 2146 2690 1 2644 2249 7 2046 1759 2
3008 3219 4 1746 2410 2 2133 2198 4 2759 2881 3 1592 1816 4
2317 1396 4 1557 1243 3 2425 3256 5 1258 2329 2 2808 2399 4
2452 1968 4 1638 1931 4 1012 1307 3 1368 1963 3 2005 2277 5
2251 2428 4 1690 1814 4 1374 1444 2 1119 1608 2 1782 2587 5
1668 1418 3 1831 2680 4 1895 2170 1 2323 2307 7 1177 1571 4
1567 740 4 1626 1879 2 1375 1687 6 1542 1805 3 789 1732 4
1763 1334 3 2603 2895 5 1081 1980 2 1276 2152 5 1764 2143 3
2576 2831 2 2102 2046 6 2265 2733 4 1973 2207 2 2263 2407 2
2572 2698 4 2316 2094 5 1343 1661 3 2465 1532 3 1793 1961 2
2108 1260 4 1525 2177 3 1840 2348 3 1896 1546 6 646 1375 2
2467 3006 1 2076 2284 4 2738 2159 4 1876 1359 5 1082 2187 4
1938 2538 4 881 957 3 1696 1349 3 2483 2186 5 891 1167 3
1888 2147 2 2886 2148 5 2314 2054 3 1915 2489 3 2023 1917 3
1616 2223 2 2445 1994 3 2046 2797 2 3089 2466 4 1858 1797 6
2809 2605 3 1715 1629 2 2651 2376 3 1593 2272 3 2872 2530 7
3175 2941 3 1608 1656 1 1398 2385 3 1776 2290 5 2688 2835 5
2289 3608 7 2175 2470 1 2461 2621 5 2740 2300 1 2983 2705 3
2613 1951 2 1679 1639 6 2021 2665 5 1783 2677 2 1722 1187 3
1861 1467 4 1929 1801 3 2090 2722 4 1058 1409 3 1714 2287 5
2567 2162 5 2495 3030 2 1573 2195 4 2485 2583 3 2613 2547 2
2167 1947 2 1619 2042 4 1119 1169 2 1841 1435 5 1782 2199 5
1955 1615 4 1606 2300 3 2169 2173 2 3027 2135 2 1045 1943 5
2081 1868 3 2636 2972 3 3223 2377 4 2856 2848 2 1986 2788 4
2589 2248 4 2177 2289 2 2497 3202 5 2705 2533 3 1776 2022 3
1749 1844 2 1931 2260 3 2042 3229 4 1834 1709 3 2095 1684 6
2193 2141 3 2636 2362 1 1721 1892 5 2221 1776 3 2227 3764 4
1881 1677 3 1688 1401 1 1156 2253 4 2240 2540 4 1120 2064 5
1808 1504 2 2273 2556 3 2174 3243 5 1837 1499 1 2130 2193 6
1790 2260 2 1690 2398 4 2780 1948 3 3488 3103 4 2094 2216 2
2076 2696 2 2843 2628 3 1881 1610 2 2338 1920 5 1411 1983 5
1773 1662 2 2359 1983 4 1833 1342 1 1777 2309 3 1996 2096 8
2763 2387 2 2576 3014 4 2422 2790 2 2336 2897 6 2984 2527 2
2770 2317 5 2137 3208 2 3512 3610 2 1509 1920 3 3276 2901 5
2278 2093 4 1597 1829 4 1468 2142 3 2133 2330 2 1870 2269 4
2449 2851 6 1975 1720 1 2694 1790 3 1960 1975 3 2301 2507 3
1312 1926 4 2749 2238 3 1435 2420 5 2087 1984 2 2461 1724 4
2245 2808 3 2334 1868 3 2457 2718 3 2685 3042 5 1981 1919 2
1654 2206 2 2957 3663 6 1662 1793 2 3883 2765 2 2763 3156 4
3146 1482 2 2225 1378 2 1190 2064 4 1452 2604 3 1924 2058 7
2713 1651 3 2129 3118 4 3369 3884 3 2514 2538 1 2737 2737 5
1913 2151 2 1474 1793 3 2302 1784 5 1634 1327 4 1972 983 4
1897 1598 4 3050 2818 3 2326 3092 4 2864 3192 2 1652 1639 3
2672 2435 3 1121 1073 1 2637 2615 2 2643 2761 5 1670 2120 7
1764 2278 5 2216 1434 3 1513 2332 4 2336 2129 3 1363 2156 4
989 1698 1 2265 2257 3 1984 1770 3 1927 921 3 1870 2494 8
2137 1895 1 2167 2045 2 1715 2656 3 1943 1780 5 1782 2198 7
2660 2347 2 1979 2973 4 2407 2355 5 2251 2528 1 1090 1719 5
1823 2612 4 2840 2514 4 2843 2030 3 1418 1633 3 1452 2715 4
2110 2566 5 1622 1599 2 2214 1984 1 1808 2763 4 2027 1921 6
2585 1632 2 2053 1690 3 2315 2598 4 1270 2688 5 2259 1851 3
2384 2046 1 1330 2418 2 1434 1892 3 2461 2330 9 2778 1423 3
1417 1866 7 2673 2185 1 1362 1954 4 2110 2186 3 990 1561 3
2710 4021 4 2769 2357 5 2176 1442 2 1988 1447 2 2027 1940 5
1585 1511 3 2346 2609 3 1685 1897 3 2367 3129 4 2117 2079 5
2001 2265 2 2573 2980 3 2228 2652 6 2557 1647 4 1091 1400 3
1809 2774 5 2603 1994 1 2247 2447 3 2709 3047 4 1033 1297 4
2035 1761 4 2752 2964 3 2655 2753 4 1941 1389 2 2918 2892 3
2479 1917 5 2516 1872 4 2462 2092 2 2657 2774 4 473 942 3
3217 3076 2 1879 2803 3 1505 2838 2 2381 2549 2 2603 2532 7
1700 2085 4 1079 1888 4 2356 3367 2 3126 2977 2 2413 1579 6
2705 2978 1 2083 2491 6 2461 3414 3 2106 1811 3 1447 1836 3
2027 2501 3 2392 1555 3 2441 3332 2 1642 2181 5 1609 1596 3
1886 1657 6 2030 1834 2 1087 1682 6 1174 2179 1 1923 1559 3
2854 2795 3 1373 2209 3 2226 1528 2 1403 1384 2 2867 3018 8
1999 1882 8 1810 1616 4 1318 1435 2 1897 1574 1 1146 823 3
1845 2070 5 1850 1818 1 1620 1301 1 2764 2466 7 1505 1966 4
1782 2160 6 1808 1899 2 2443 2192 2 1652 2176 2 1267 1981 6
2080 1890 2 2265 2112 8 1965 2099 4 1005 840 1 1854 2015 4
2154 2304 5 1979 2775 4 2086 2150 2 1791 2389 2 1987 1148 4
2547 2419 3 2722 2585 4 1427 2251 2 2657 2537 3 2000 2521 5
2254 2170 5 2297 1956 2 1573 1503 2 2256 2304 4 2071 2889 4
2200 2853 2 1007 1871 3 1738 1568 3 2278 1557 4 2203 1612 5
1749 2232 5 2617 1986 3 1822 1657 2 2697 3489 3 2634 2452 4
2065 2698 3 2581 2459 3 1599 1838 2 2831 2777 1 1661 3218 8
1785 2868 5 2443 2215 4 2650 1866 4 601 1469 2 1401 1091 4
2619 2416 3 2669 2784 3 2350 2381 2 1907 2265 5 2188 2117 4
2353 2478 3 2919 3078 2 1713 1567 5 2235 2092 4 2783 2667 2
1547 2215 3 1791 907 4 1549 2036 2 1333 1977 5 2133 1674 3
2849 2862 4 1605 3481 6 2053 2421 3 2923 2361 1 1596 1632 4
2609 1849 2 1899 2559 6 2053 2002 3 2230 2116 3 1538 1501 4
2571 2339 1 2299 2504 2 2103 1852 7 2008 1827 2 2265 2976 5
1367 2218 2 2889 2567 3 2619 2895 5 2308 1958 3 1581 2416 4
806 1460 3 2054 2406 4 2234 2229 4 2782 2268 2 2299 2715 4
2245 1958 5 2764 2545 2 2032 2204 4 1700 2866 5 2084 1926 2
1530 2350 2 1542 1262 5 2481 2550 1 2823 1935 3 1897 2283 7
1984 2235 4 2188 2159 5 1859 2512 3 2004 2028 2 2009 2532 3
1746 1892 3 2033 1537 1 1130 2293 1 3341 3072 6 1852 2131 6
1689 1241 2 2039 3230 3 1831 2287 4 2848 2487 4 2926 2465 4
2383 2128 5 2158 3481 3 1741 1376 1 1870 2085 4 1734 2495 4
3069 2997 3 2088 2116 3 3999 3491 5 1122 1994 2 1775 2355 4
2841 2263 2 1657 3157 4 2741 2647 3 1379 1132 2 2289 2267 7
1970 2006 2 1819 2919 8 2054 2059 1 2819 2490 3 1242 1759 3
2568 1825 3 1407 2435 6 2022 1691 2 2554 3048 4 898 1960 3
1330 1855 5 2938 2313 4 1956 2386 1 1137 1687 3 1512 1915 6
1681 2161 5 1393 1890 4 1194 1566 4 2719 1812 2 1910 2565 3
2333 2175 5 2200 1567 2 2641 2414 2 1323 1980 3 1864 1856 5
1682 1855 2 1294 1488 3 1530 2273 3 1654 2677 5 1089 1114 4
1641 2641 3 1991 1792 1 2577 1847 4 1335 3055 6 2499 2412 4
1939 2485 3 3250 2276 4 1369 1728 2 1817 1882 4 1722 1823 6
2210 3179 5 1816 1904 3 2138 2697 6 2105 2443 1 2943 1943 2
2005 2421 5 4244 3984 3 2451 3557 3 2941 2408 3 2322 1953 2
1444 1794 2 3220 2914 3 1807 1680 2 3270 3189 4 1322 2039 6
1510 2460 3 2302 3283 1 2609 1967 5 1398 2142 2 1718 1105 5
2643 2722 5 1812 1794 2 2241 3456 4 1482 1857 4 1433 1056 3
1600 2329 4 2240 1721 4 2404 1850 3 1149 2010 3 1808 1294 4
1946 2199 2 2273 2703 2 1540 1682 5 3408 1891 2 1731 2492 6
1993 2055 3 2514 2519 2 2951 2044 3 3109 2066 3 2274 3585 5
1682 2993 1 2077 2231 2 3124 2502 4 2276 3469 1 2691 1738 7
2045 1852 2 2289 2844 2 2033 1941 2 1597 3802 6 2241 1638 5
1887 2127 3 1343 1319 5 2171 2228 3 1874 2312 3 2715 2151 3
1953 2099 5 3370 2293 1 2156 2519 2 2363 3838 4 2688 2483 4
2032 2448 4 1947 2616 5 2276 1283 3 896 2242 2 2458 2352 3
3390 3391 2 2508 1908 1 1884 2969 6 1829 2071 2 2253 3051 5
2115 2446 4 1841 1894 4 1261 1827 3 2032 1196 3 654 1392 4
2481 2326 5 2226 1815 2 1649 2250 6 2510 3090 2 2048 1955 2
2259 2621 4 2289 2697 2 2210 1639 4 1811 1385 3 1837 2437 4
2977 2936 4 1678 2408 3 3120 2973 4 3105 3080 3 1574 1568 4
2773 2570 4 2020 2460 5 2160 2197 3 1569 2349 2 1624 1415 4
1690 1936 2 2307 2239 3 1439 1852 3 2136 2904 4 2814 2416 5
2492 2043 2 2117 2571 4 3154 2726 2 2902 2222 4 2338 2915 4
3308 2959 5 2581 2494 2 1965 2687 3 1973 2564 3 2136 2286 4
1525 1642 3 2536 3393 3 2129 2757 3 2670 2074 2 2341 2475 5
2803 1885 2 1988 2008 2 2587 2999 5 2055 2538 4 1180 2139 5
2110 1792 4 2589 3556 5 1454 1517 2 1553 2148 4 1965 2230 3
2792 2292 5 2665 2839 2 1389 1271 1 1335 2442 3 2741 3424 6
2349 1911 2 1922 1969 4 1878 1933 2 1862 2416 3 2694 3287 6
2980 2347 8 1430 1104 2 1745 3188 2 1614 1950 3 1627 1699 3
1382 1308 1 1646 1474 4 1580 1528 5 780 1282 5 2435 1697 3
1131 1579 5 1773 2430 3 2583 1941 4 1829 1913 3 3254 2435 3
2097 2130 2 1839 2016 4 2888 2910 5 2702 2622 4 1240 1695 3
2460 2916 6 3025 2168 4 2473 3327 1 2671 1975 2 1922 3726 3
1699 2575 2 2909 2844 3 1062 2112 7 1695 1867 2 1425 1854 3
1697 2207 5 2122 2913 2 2127 1785 6 1782 1555 2 909 434 3
2307 1622 2 2679 2842 5 1622 2325 5 3019 2466 2 2035 1524 4
1776 1880 6 1848 1945 1 1110 2348 5 2259 1517 2 1293 1612 4
2781 1890 3 1572 2630 4 2633 2504 2 1744 2320 4 2467 3068 3
2718 2669 4 1317 1139 5 1648 1479 2 1973 3202 2 1638 2171 4
1035 1525 3 2171 2055 1 2843 1870 3 2085 2912 5 1984 1707 6
2134 2982 1 3048 2255 6 2103 2788 6 2410 3352 1 2063 1731 3
1908 1769 3 1325 1986 2 2693 3295 3 1433 2044 6 2428 1836 3
2936 2732 5 1910 2427 1 3536 3941 6 2894 2224 2 2043 2379 2
1901 2012 1 2283 2889 1 1325 1533 5 2504 1997 5 2514 1818 5
1575 2644 6 3020 3890 1 2132 1427 2 3191 2568 3 2801 2606 4
3121 2521 3 2241 2567 7 2105 2686 1 2029 2654 2 2917 2102 5
1784 2120 1 3511 2671 4 2737 3097 5 2044 2298 3 1899 2511 4
2808 2495 5 2491 2002 5 2113 2496 1 1669 1942 3 2668 3336 3
2236 2441 6 2043 1839 1 2575 2525 3 1243 2508 5 2398 1825 2
2878 3271 5 2484 2313 2 2297 2687 6 2446 2003 3 1945 2121 2
2256 2059 3 1454 2379 3 2033 2376 1 1563 1845 4 3270 3021 6
1329 1333 4 2439 2220 3 3017 2073 4 1888 2004 4 1531 1244 2
2386 3219 4 2555 2973 3 2139 2359 2 1419 2432 4 3040 1528 4
2149 2566 4 2839 3026 3 2289 2174 4 2090 2788 1 1881 2163 5
2060 2662 2 2166 2384 4 2656 3233 4 3034 2981 3 1777 1460 3
2212 1986 5 2026 4014 4 2155 3098 4 2598 1734 2 1822 1118 2
1473 1658 2 3268 2810 4 1594 1654 6 2147 2245 3 1542 1162 4
2137 2237 4 3077 3324 7 1403 1927 2 2176 2635 2 1355 1503 3
2905 2429 6 2204 2069 1 1501 2477 4 2091 2723 3 938 1810 3
1966 2853 2 2254 2290 3 2970 2476 6 1994 2045 3 2569 2538 2
2691 2182 4 2676 2369 3 2621 3197 4 1482 2694 2 2184 2569 3
1895 2165 4 2840 2693 4 2367 2662 2 2294 2611 3 2763 2348 3
982 1837 2 525 1923 2 2597 2762 4 1857 1595 4 3267 2778 6
2033 3338 3 1162 2003 4 2130 2257 2 2809 2467 5 2022 1746 3
2408 2975 7 1766 1857 2 2250 1754 3 2373 2452 3 1475 2081 2
2554 3019 2 2382 2359 5 2798 2075 2 2298 2700 3 1764 2373 5
1632 1816 4 1723 1888 3 2798 3266 6 1762 2167 2 1763 1799 3
1757 1988 5 1251 1201 3 2129 1354 1 1883 1312 4 1275 1425 5
2447 3054 3 2195 1948 5 2811 2273 4 1533 2017 2 2119 1062 3
2338 2169 2 1655 2853 3 2047 1824 1 3061 3117 4 3840 2553 6
2194 2113 3 2434 2312 3 2846 3112 4 1571 2984 4 2132 1973 3
1773 1964 2 1756 1497 1 1938 1775 5 2049 3844 4 2374 1981 4
2103 1580 2 2190 956 2 2534 2727 4 2072 2479 4 1439 1850 5
1628 1052 4 1995 2850 4 1501 1809 3 1464 1930 3 1436 1896 4
1055 1405 2 1953 2016 3 1857 2101 5 1578 2115 2 2533 2362 5
2112 2393 5 2442 2518 3 3654 3131 1 2371 2737 1 2678 3190 6
1649 1341 6 1144 1832 1 1814 1634 4 2096 1672 2 1467 1553 5
2775 2780 4 2254 2411 1 2337 3149 3 2089 1522 1 1440 2684 7
1481 1955 2 2589 2120 2 1622 2222 6 1939 1464 4 2135 1946 3
2826 2105 4 1975 1872 3 1589 1825 1 1970 2204 2 1417 2283 6
2750 2374 5 1393 1394 2 2115 2213 6 1884 2305 1 2623 2430 4
1492 995 3 1741 2708 5 2182 2906 4 2131 2180 3 1262 1604 3
1569 854 3 2210 2551 4 1601 1421 3 1924 2377 5 1739 1284 3
2675 1981 3 2337 2084 3 1506 1449 1 1854 2369 4 2108 2356 6
1363 1287 2 1812 1608 3 1816 2254 5 2272 2404 4 1224 2029 4
2587 3081 4 1641 2362 2 2036 2112 2 2339 2449 5 1974 1308 4
1638 1406 4 1574 2340 4 1674 1494 2 1954 1996 3 2052 2523 4
2807 2432 4 2665 2889 1 2291 3147 5 2037 2376 3 1976 2852 4
2621 2304 3 2586 2723 2 891 2930 3 2552 1679 6 2800 2768 3
2268 2534 3 1094 1039 3 2848 2637 3 2045 1921 3 3102 2862 5
3130 2115 4 1748 1895 2 2317 3489 2 1914 2157 4 2215 2659 4
1423 2135 2 1588 1804 4 1761 1782 5 1973 1724 2 2572 1813 5
1686 1528 1 2793 2488 3 1984 2133 4 1267 2007 5 1691 2793 5
1988 3457 4 1678 2619 3 2561 2234 4 2190 1475 3 2683 2863 3
2489 3579 5 1878 1632 3 2297 2509 1 2726 3094 4 3067 2961 4
1332 2560 2 3200 3348 3 2150 2230 3 2892 2873 3 2225 2733 5
1474 2501 4 2163 1865 4 2613 2577 2 1482 1499 4 1232 2286 4
2586 1951 4 1402 1633 2 2795 2383 5 2647 3179 2 1755 2133 4
2525 1955 1 2061 2205 3 2445 2820 9 1933 2696 1 1445 1377 3
2063 1623 3 2017 1515 3 2281 2108 4 1597 2481 4 1312 1732 3
1944 2720 2 1348 3186 3 2882 1576 4 3575 2724 4 2687 3494 3
1808 2077 3 1722 1907 2 2121 1466 4 1987 2880 5 1155 1615 3
1751 2154 3 3072 3491 5 2679 2911 2 2315 2932 1 2021 2337 5
2128 1561 4 1978 2184 3 1817 2019 2 2651 2394 4 1855 1387 3
1662 2227 2 3159 2578 7 2094 3101 5 1793 2063 1 2627 2474 2
2394 3109 5 2738 3315 3 1772 2475 3 2218 1794 3 2343 2321 3
3184 3573 6 2121 1627 2 2246 1822 2 2108 2552 3 2316 2612 3
2185 2909 4 3615 2046 2 2621 3098 3 3694 3615 3 3203 3975 3
1854 2748 6 1481 2003 2 1863 1292 2 1453 1420 4 1796 2148 4
1456 1847 6 2321 2673 2 2198 1081 2 2423 2628 4 1830 3132 4
2479 2435 3 2493 2765 4 2288 2691 1 2179 2598 3 2781 2516 6
2721 2721 5 1975 3034 3 1394 1423 1 2225 2273 4 1130 1921 4
1827 2636 3 2565 2910 3 2749 2304 3 2513 1435 2 3086 3134 6
1669 2361 1 1814 2226 3 1964 2023 2 2465 2935 6 1672 1306 5
2193 1799 2 2232 2586 3 1008 1314 4 3469 2848 4 1618 2119 3
2287 1946 1 1804 2678 4 2822 1908 5 1472 2037 2 1525 2503 6
2204 3334 4 1957 2632 5 3338 2933 3 2487 1765 2 2230 2274 3
1773 1266 5 2946 2103 1 1998 2355 4 1717 2555 2 2504 2425 4
3174 3385 4 1460 2181 2 2797 1647 4 1880 2265 2 2267 2515 5
3331 2640 2 2239 1919 2 2103 3652 6 2441 1606 1 2448 2868 6
1892 2085 1 2350 2962 3 2175 3309 7 2298 1790 2 2395 2322 4
2149 2416 4 2193 2652 4 1657 2990 2 1894 2211 4 1826 1529 3
1993 2348 4 1808 1459 1 1995 2881 4 1924 2108 4 1676 2132 4
3049 2617 5 2954 4036 3 2144 2903 2 3249 3006 3 2652 3230 4
1569 2630 4 2067 1725 2 1744 1826 4 1478 1343 4 1634 1908 4
1761 2390 1 2098 1900 1 2051 3675 8 2930 2278 2 2128 1827 6
2282 1717 3 1437 1619 4 2914 3135 5 2063 2189 3 2209 1843 3
1294 2186 3 1773 1677 4 2143 1771 3 2511 1894 2 1799 2550 5
2474 2750 4 2069 1921 3 2674 3181 4 1853 2060 2 2283 2488 4
2657 2405 5 1757 2962 2 2856 2097 4 2788 2190 3 2974 2552 3
1846 1172 1 2032 1788 2 2633 2947 3 2151 2484 3 2066 2091 8
1393 2310 6 2035 2752 5 1722 1317 1 2484 2014 4 2509 2517 3
2161 2296 4 1998 2233 5 2523 2238 2 2009 2079 1 1855 2133 5
1910 2487 8 2249 1521 2 1555 1981 5 2176 2518 1 2201 1326 2
1443 2712 4 1895 1986 2 3306 3115 4 2848 1567 3 1706 1314 4
2299 2658 3 2384 988 2 2405 2517 5 2654 2309 5 2200 2347 2
2590 2192 3 1785 2212 3 1815 1746 2 1545 1761 3 3145 2974 7
1655 2047 2 2447 2267 3 1495 1962 3 1929 1269 3 2312 2645 6
2606 1476 3 2741 3084 3 2366 2758 6 2919 2928 3 1690 2381 3
3616 2207 2 2198 2158 2 1762 2067 5 1740 3025 2 1560 2070 5
1745 1814 3 1899 1786 4 2442 2540 2 1906 1774 3 2502 2032 4
2592 1942 5 1851 2760 2 2180 2689 3 1328 1505 3 2135 1977 5
2119 2415 4 1085 2092 3 1607 1312 4 2273 3133 2 3077 1832 3
2008 2366 3 3618 2935 4 2243 2394 2 1966 2420 3 2231 2395 4
2108 2642 6 2500 2269 2 2157 2191 3 2272 2125 2 2326 3239 5
1363 1456 5 1274 900 2 2452 1917 4 2330 1977 3 1022 906 4
1309 1711 2 2229 2118 3 1687 2488 6 2925 2487 3 1379 1816 4
1799 2102 3 2195 2243 5 1386 1513 3 2421 1889 3 1818 1433 4
2090 2977 3 3267 2217 4 1682 1758 3 2748 3064 2 2183 2267 5
2371 1314 3 2558 1958 2 2825 3585 2 2227 3247 3 2102 2431 6
2539 2771 3 2843 2669 6 1154 1607 1 3307 2451 2 2855 3096 5
1471 1264 6 2242 2499 3 3004 1920 4 1100 1136 2 2095 2887 2
1599 1344 3 1420 1296 5 2419 1831 1 1765 1986 3 1824 3248 6
2187 1836 4 2655 3787 3 2372 2756 3 2779 1687 3 1583 1575 5
2736 3495 5 2928 2504 2 1413 2566 4 2071 2222 2 1664 1989 4
2506 3016 5 1826 2026 4 2202 2168 4 1802 1608 2 2237 2577 2
1798 2025 2 2094 2387 2 1918 2280 5 2348 2826 4 2212 1819 4
1342 1495 5 985 2035 5 1874 2593 4 2096 1537 2 2595 1285 2
1484 1819 4 1649 1532 4 2151 2859 5 1601 1759 2 1576 2467 3
879 1748 3 1991 1926 4 2191 2234 4 2041 1861 3 2772 1983 3
1703 2079 2 1929 2443 4 3140 1978 5 2845 3315 2 1130 2146 4
2027 1938 1 2021 2381 4 3247 3127 5 1238 1561 2 2514 3682 5
2395 2596 3 1863 1314 4 1968 2236 4 1349 1587 2 2373 2359 6
1971 1663 2 1737 2080 4 899 1720 2 2910 2512 6 2024 2598 3
2213 2841 4 3188 2190 2 2101 3297 4 2124 2094 3 3378 2603 4
2654 2776 3 2293 1747 4 1606 1763 3 2439 3068 3 1452 1664 4
2835 2756 4 1474 1494 2 2445 2771 6 2845 2126 3 2364 2398 3
2099 2441 3 2424 1808 1 4570 4110 6 2855 3422 2 2373 3280 4
2026 1934 4 1833 1954 4 2221 2204 4 2058 2368 3 1008 1442 3
1854 2391 3 2796 2412 3 2732 1820 2 1778 2694 4 2225 1840 5
3057 2836 3 1944 2417 4 2235 2902 2 2275 2477 2 3080 3015 5
1980 3823 4 2018 3032 4 1968 1637 2 2551 2313 3 3147 2208 4
1654 1796 4 1600 2074 2 2395 2544 7 2581 2868 1 1581 2347 3
786 1422 4 2214 1601 3 3125 2606 1 1799 2642 6 2213 1768 4
3307 3285 2 1599 1687 2 1950 2889 6 2406 1459 3 2587 1672 4
1593 1924 4 1588 1817 3 1825 1320 3 2499 2482 3 2627 3412 4
2116 2487 2 2494 2091 2 2234 1821 2 2013 1863 8 926 1444 5
1736 2025 2 2775 2049 5 1918 2744 3 1709 2418 2 2384 2603 6
1826 2670 3 1725 2096 3 2055 2440 2 2040 3022 6 2903 1453 3
1410 2017 2 2732 2667 3 2236 2748 5 2307 2004 3 1485 912 5
1881 2242 3 2515 1989 5 3648 3054 2 2429 2471 2 3385 3697 5
2540 2868 3 2061 2575 5 1831 2154 4 2587 1595 3 525 1446 2
2235 2301 1 2385 2524 3 2298 2664 3 2624 2655 6 1535 1499 4
2870 1695 1 1539 3037 5 2064 2571 6 1612 1541 1 3189 2897 5
2945 3625 2 1465 1899 2 2683 2769 3 3609 3688 7 2419 2677 2
1968 1958 7 3327 2076 3 1373 1671 2 1908 2630 2 1463 1289 4
2487 2683 5 2704 2932 2 3023 2689 1 2270 1425 1 1839 2688 6
1497 1949 4 2159 2128 3 1775 2207 3 1192 2206 3 2251 1546 6
1891 1745 3 2021 2467 2 2037 2270 3 2598 2661 6 1919 2022 3
1920 1791 4 1393 1346 4 1937 1291 4 1151 1915 1 979 2791 5
3017 2958 6 2277 1978 1 1947 2168 5 1683 1806 2 2314 1569 3
2630 2261 3 1617 2284 1 1517 1491 6 2445 1504 1 2234 2708 5
2239 2131 3 2276 2609 4 2273 1672 2 2125 1911 2 2906 2595 5
3339 3024 4 2101 2476 1 2708 3565 3 2942 3189 7 2144 1895 2
2300 2446 2 2059 2130 4 2180 2911 4 1756 2593 1 3011 1957 6
2044 2043 4 2206 3259 5 1899 2529 6 2407 2519 1 1303 1312 2
2354 3418 3 2344 2961 5 1860 1151 1 1669 2870 5 2367 2153 4
2071 2175 1 1863 3208 6 1329 3114 2 2134 2156 1 2775 2260 6
1299 507 4 1989 1919 4 1991 3385 3 2246 1772 3 2134 2429 3
3274 3810 3 2959 3120 2 2330 2253 6 1474 2070 2 2050 2037 4
2242 2461 2 2418 1871 2 2645 2600 5 2109 3035 5 3054 2046 3
1909 1798 2 2211 1585 2 2597 2344 4 1939 1560 3 1316 2063 6
1789 2872 5 2569 2218 2 2014 2684 3 2666 2276 3 2119 2117 5
1767 1885 2 1772 2300 4 1464 2737 5 1779 1789 4 1973 1622 3
1808 1814 3 2370 2383 2 2058 3240 3 2413 1618 6 1540 1461 3
1815 2056 1 2855 1958 4 1550 2164 4 2030 2354 4 1637 2158 4
3433 1878 5 1776 2773 4 1973 3212 3 1152 1302 2 2205 1727 3
