4052 4861 5 3212 4443 3 2736 2902 2 2109 2757 2 3664 3820 4
3114 4360 4 3037 3693 4 3155 4050 2 3234 1956 1 3279 3948 4
3657 3122 2 2709 3327 2 3319 4257 5 4255 4241 2 2892 4114 5
2513 2929 3 2174 3270 2 3012 3305 2 1778 2167 2 2311 3028 8
3493 4219 4 3108 2970 2 3434 3796 3 2682 2424 3 2596 3785 3
3771 2488 5 3882 4460 5 2578 2994 1 2985 4874 2 3159 3642 4
2665 3431 2 3893 3719 2 2184 2438 2 3124 3618 2 3671 4804 6
3444 4215 4 2341 3279 2 3057 4796 2 4422 3154 2 4526 4162 4
3534 4657 2 4108 4524 4 3936 3896 4 3930 4550 2 3730 3795 3
1944 2821 2 3080 2786 2 2836 3696 4 2768 2945 4 1971 3557 4
3274 4569 2 4757 5376 4 2910 3402 3 2780 2843 2 4267 4153 3
4933 4696 2 2699 3274 2 3519 3840 3 3071 3297 1 2840 2980 6
3811 4089 6 3863 4528 2 2878 3881 4 3614 3936 1 3252 3008 2
2849 2809 3 3413 3437 3 2786 3844 3 3954 4964 3 3359 3732 3
3088 2921 1 3719 4834 1 2525 3170 3 4761 5468 6 4159 4078 4
4405 3465 1 3188 4458 4 2714 3270 1 4108 4833 2 5085 5625 3
2557 1950 2 3095 3410 3 3710 4912 2 3582 4472 6 2594 2331 2
3277 3980 5 4760 4612 1 5068 4861 3 2925 4512 3 2464 2653 3
5038 5279 2 4182 4816 3 3858 4092 2 3590 4026 3 4333 4700 3
3707 4398 2 3075 4477 4 4799 4475 2 5065 5102 4 3415 3647 4
3643 3842 3 3819 4687 2 3377 4146 4 2887 3530 1 3445 3187 3
2166 2905 2 3182 3723 2 2373 3140 4 3370 3584 2 4391 3826 6
3564 3716 3 4207 3738 2 2646 2961 2 3344 4548 4 3795 3972 4
3642 5054 6 3587 3348 2 3446 3393 4 2674 3437 1 1756 2461 3
2429 3758 2 2215 2783 2 4009 3379 8 2395 3668 3 2304 2242 2
2283 2916 3 2391 3190 4 2741 3868 4 2646 1914 2 2563 2717 2
5396 4895 3 4014 4203 1 2066 3672 2 2184 3357 3 4444 4200 5
2731 3165 1 4309 4394 5 3995 4827 1 4023 4542 4 2210 3510 4
4345 3981 5 2324 2979 3 2491 4066 1 3272 3584 2 4257 5147 4
3998 3868 2 2729 3531 3 1850 3098 2 4834 5017 2 3740 3427 4
4235 3655 1 3115 3584 4 2956 4051 5 4140 3838 2 2588 3072 2
4163 4398 2 3185 3805 2 3657 4481 2 3799 4039 4 2880 2979 4
3638 3847 5 2920 3019 2 3072 3039 1 2711 5021 2 2405 3252 4
3357 3206 1 4117 4418 6 2427 3428 3 2727 4332 2 3724 3716 4
2834 4174 3 3417 2628 2 3517 3452 3 2873 3495 4 2337 3079 3
2691 2278 1 2592 4042 4 3441 4334 2 4517 4061 3 3253 4419 3
3361 2772 1 2828 2823 3 2615 4161 3 4338 4331 4 2816 2753 3
4911 3517 4 2983 3200 1 3255 3585 2 2807 3785 2 2536 3637 4
3088 3438 4 3878 4908 4 3919 4931 4 2558 2622 1 2892 3485 3
3372 3830 1 3519 5307 8 3653 3508 1 3128 3637 2 3444 3399 3
3759 3223 1 3338 4782 3 3054 4514 3 3009 2978 4 2602 2408 3
3076 2443 4 1382 1549 1 2291 3517 1 3181 4293 5 2376 2407 5
3545 4452 4 2796 1967 2 3978 4335 4 3775 5165 4 2070 2670 2
3909 4514 2 3761 3697 4 3336 3764 4 3674 3964 2 2869 2964 3
3284 3949 2 4678 3729 3 3518 4107 3 3995 4282 3 3909 4729 2
3856 5450 3 3757 2795 4 2146 2854 2 3757 4002 3 2198 2681 4
3082 3573 1 4468 4782 1 3604 4217 3 3868 3645 2 3038 3742 7
3148 3679 2 3100 3613 2 3489 5091 4 4500 4033 3 3399 4078 5
3537 3641 3 2838 4790 4 4247 3888 1 1778 3003 3 3209 3895 4
1785 3442 4 2486 3098 2 3484 3762 2 2358 3368 2 2745 3272 5
4063 4866 3 3871 4421 3 2519 4871 2 2681 3176 3 5378 4183 4
2851 3996 4 3353 4087 3 3161 3435 3 3381 3090 3 2536 2830 3
3711 4215 2 3942 4750 6 3038 2045 1 2408 3738 2 2858 3717 4
4187 4120 2 1297 1916 1 4663 4792 2 3712 4795 3 4061 4938 5
2104 3284 3 2438 3262 2 5037 4313 3 3895 4153 4 2708 3091 4
2243 3611 2 2696 1990 2 2247 3400 2 3922 4081 1 2063 1787 7
2791 3682 2 2272 2677 4 2900 3800 4 3045 2685 3 2017 3169 3
4902 4824 1 4569 4695 5 4239 3985 3 3096 4058 3 4428 4891 4
1383 2862 4 2119 1808 3 2610 3626 2 2814 3137 2 2222 2145 5
3572 3375 3 2461 4373 5 2734 3985 3 4059 3340 1 2301 3697 3
3353 4297 3 4011 3289 1 4475 3883 2 2792 4353 3 4257 5292 3
3468 2742 3 3208 4294 2 4621 5084 4 3455 4101 5 2877 3722 2
4235 3475 2 3940 3657 5 3079 5076 5 2860 3843 1 4290 3702 2
2476 3414 5 3445 2637 2 3042 4858 2 2972 2547 3 2605 2889 3
3404 3015 4 2822 3980 3 3447 4044 1 3954 3882 4 2524 3596 3
4200 5486 5 2900 3737 2 3306 3918 2 4148 3564 2 3769 3161 3
3081 3177 3 3468 3712 1 4089 4057 4 2577 4243 1 4044 4009 3
1677 2939 3 3269 2469 2 3022 5085 7 3529 3437 2 2996 2655 3
2540 3127 3 3172 3465 2 3154 3084 3 2666 3112 3 2317 2511 6
4093 3220 3 3529 4290 3 2183 3315 4 3711 3360 1 2457 3420 3
3548 4742 3 3752 4157 4 4298 5970 4 5520 4099 1 2462 3546 3
2587 3195 1 3415 4396 4 4479 3540 3 2424 4690 4 2998 3504 4
3415 3953 3 2811 4606 3 4099 4204 3 4251 3950 1 2659 3472 4
2746 3747 3 3278 2659 3 2577 2211 1 3010 2602 4 2898 4756 4
2930 3828 2 4524 5816 4 3893 3140 2 3697 4161 2 2806 4041 4
3317 3744 3 4146 3956 2 2459 3320 3 3557 4059 2 2787 3523 4
2639 2218 2 4028 4617 2 2850 3532 3 3047 3804 5 2938 4455 4
1420 2858 3 3267 2447 2 2246 2208 2 2838 3279 5 2141 3250 5
2572 3771 3 3940 3949 6 2276 3300 3 2841 3897 1 2795 2402 3
3176 3187 4 1909 2779 3 2180 1911 2 2983 3858 2 2759 2772 3
1935 2742 1 4604 3936 1 4022 4431 5 2709 3124 5 2758 4123 3
3664 4373 3 4073 5559 3 3025 3578 2 4212 3421 3 2963 4267 4
2126 3428 3 2884 3874 2 2146 2853 2 3648 4549 3 2267 3146 4
3926 3226 4 2678 4615 3 2306 2636 2 3109 3531 2 1932 1914 4
2774 3234 2 4721 3684 3 4021 4978 2 3069 4528 4 2805 3542 4
4003 4818 4 2895 4308 3 3156 4085 2 3327 3154 2 3244 3018 2
4829 4709 3 2987 3017 3 4230 3919 5 4635 4138 1 2588 4553 4
2963 3133 3 3919 4763 2 5061 4992 2 3672 3653 4 3360 4529 3
2362 3436 2 4259 4651 5 3035 3261 4 1853 1844 1 2925 3386 4
4219 3265 5 4313 4431 2 3490 4241 2 3993 4774 3 2851 3819 2
2267 4246 5 3126 3327 3 3326 3424 3 2193 3297 3 2169 1232 4
3576 3631 4 3721 2894 1 3115 3585 3 3102 4301 3 2690 3467 4
3027 3668 2 3653 4081 3 3124 3032 1 3449 3667 4 3606 4532 4
2806 3991 4 3751 4586 3 3122 3230 3 2805 3296 2 4005 4541 3
3552 4757 2 2111 3894 4 4342 4156 3 2390 1637 2 2052 1989 3
3210 4410 4 3531 3957 3 3981 4312 3 3154 3507 1 3914 3896 2
3678 2835 4 2390 2919 3 3793 4819 3 2451 4513 1 3037 2553 3
2460 2570 1 3662 3763 5 3430 4166 6 1605 2698 3 1534 1879 3
3274 3539 2 3702 4294 2 3384 3463 2 3391 4537 1 4350 4998 6
4545 4108 2 3308 4806 4 4329 4203 2 2912 5103 3 4466 3608 4
3715 4950 1 4620 4485 4 4061 4509 2 3668 3368 1 2834 2678 5
3401 4384 4 3092 3063 2 2893 4045 2 3998 3523 3 2182 3465 4
4863 4850 4 3095 3091 2 4116 3045 2 2914 4723 2 3572 5028 4
2877 3231 2 3156 3918 4 2660 4129 5 2905 3417 2 2197 2590 3
2481 2630 2 3326 2643 3 3203 4158 3 2877 3041 4 2071 3902 5
4817 4699 3 3290 3237 1 2974 4861 3 3579 3572 5 3440 3943 3
2766 2281 1 3008 3514 3 3990 3459 4 3627 4437 3 3272 3231 4
2211 3641 4 2395 3598 4 2292 3927 3 3271 3703 1 3974 2115 2
2631 3250 2 3404 3587 3 2535 3161 3 4081 3536 2 3223 3963 6
3202 3439 2 2617 4175 6 2985 2668 3 3473 3141 2 2118 2564 3
3247 3806 5 3674 3306 2 3529 3254 2 4043 3963 3 3323 4040 2
3628 5047 3 4408 2666 2 3161 2585 3 3512 4518 2 2586 4097 4
2343 2964 2 3755 4333 2 2872 4915 3 4523 3625 3 2917 2867 4
3720 4141 4 2599 3876 4 2551 3524 1 3505 2537 3 3739 3507 3
3491 4035 5 2833 2668 1 3226 3360 5 2127 2294 2 3537 3586 3
2922 3565 4 3794 4135 2 4418 5273 2 3075 3199 3 2688 2831 4
3007 3564 6 2924 3090 2 2209 2258 2 2252 2927 3 3247 3664 3
3899 4119 3 4041 4073 1 3658 4796 3 3848 3014 1 4260 5684 5
2197 1744 2 3228 3872 4 3285 3568 3 3991 3513 3 2119 2941 3
3327 4468 2 2892 3114 3 4222 4183 3 3496 3332 3 3270 3653 3
4333 4765 2 3224 4756 4 2954 3103 3 2809 3856 2 3595 4183 3
4520 4428 1 4621 5487 4 2529 3755 5 2724 3970 3 2838 2029 3
3433 5409 5 3691 5009 2 4391 4296 1 2529 3174 2 4443 3993 3
2979 3200 3 3234 2691 1 1693 2490 3 2922 3361 5 2253 2866 3
2783 3457 4 3394 2597 2 2331 3414 5 2760 2755 2 3327 3606 3
2522 2618 4 3724 3311 3 4435 5021 2 2064 3900 3 2663 2028 2
3323 3811 3 2891 2597 2 2579 3320 2 2857 3024 2 3273 4635 8
3266 4391 2 2771 2061 4 2101 3362 2 3128 4325 2 3700 4224 6
2594 2572 4 2354 2253 1 3890 4709 3 3934 4220 3 2493 2492 4
3852 3703 5 1598 2473 1 2790 3882 4 3527 3569 2 1779 2492 3
2619 3196 4 3835 4472 4 3013 3053 2 4631 4312 2 2627 3842 3
4482 6209 4 2871 3515 4 3854 3715 2 3242 2773 3 3441 3324 3
3011 3196 2 4579 4951 4 3116 5047 2 3878 3681 3 3226 3313 6
3677 4467 5 2971 3026 4 3313 3114 1 3771 4148 2 2450 2848 2
4335 4683 1 4148 4678 2 4670 4334 4 4764 5728 2 3392 3479 3
3574 3181 3 4780 5309 2 4527 4521 1 2657 5154 3 3042 3436 3
3672 3835 2 3243 3072 4 3543 3892 2 2905 3612 2 4626 5512 5
3236 3547 3 2101 3268 1 2448 3011 5 2469 2991 4 2953 3384 3
3920 5087 5 3408 3476 4 2991 2982 2 2682 3724 2 2901 2257 3
3136 2678 1 3334 2819 2 2598 3364 3 3457 4165 3 3108 3654 5
4996 3844 1 2896 3387 3 4516 4357 6 3351 4587 2 2578 4250 3
2477 3833 4 3782 4635 3 2217 2321 2 4262 4108 2 3190 3513 4
3604 4107 2 2962 2963 2 4553 4594 2 2691 3597 2 3622 3517 4
2676 3846 2 4019 3778 1 4696 6045 6 2270 3290 1 3730 3762 4
2681 4243 3 3345 3887 2 4232 3495 3 3430 3520 3 2748 4378 5
4874 3467 4 3065 3905 2 3314 3875 2 3338 3582 2 2300 2451 4
2250 3169 1 3603 3577 3 2373 2586 1 2770 5353 2 3825 3321 7
2805 2969 4 4319 3202 2 2962 3556 1 4481 4895 4 2668 2944 3
2620 2747 3 2814 3687 1 3382 3387 2 3928 3476 2 2277 3297 6
3615 3701 2 3481 3404 3 3523 4153 4 2511 3193 4 2842 3015 2
3593 4133 3 5245 3186 3 3211 4016 2 3238 4463 2 3211 4144 4
2751 3859 3 2047 3504 2 3041 3224 3 4219 4851 2 3713 3029 4
2503 2714 2 3729 3174 2 2865 5835 5 3268 4416 3 3140 2664 3
2253 2273 2 4372 5236 3 2477 3058 4 3285 4293 4 2939 3128 3
4043 3995 6 2021 3840 4 3181 2348 2 3307 3848 1 2993 3373 2
3321 3766 6 2598 2985 1 4472 4021 2 3443 3339 2 2710 4491 4
3967 4742 1 4975 4710 7 2688 3671 3 2432 3390 3 3633 3773 2
3637 2923 3 2560 4307 2 2612 4022 2 3407 4323 2 4642 4097 5
2893 2801 3 3413 4635 3 3940 4523 2 3477 4326 3 2435 3217 4
4033 4088 3 4631 3678 1 3660 5139 5 2535 3349 3 3433 2868 3
2561 3118 4 4369 4323 2 1947 2836 2 3689 4152 4 2216 3075 2
3673 3367 3 4532 5532 3 4271 4217 2 3885 4014 3 3019 3489 3
5106 4217 4 3315 4524 2 4056 4367 2 5834 5968 2 2705 3975 3
4900 3777 4 2981 3662 2 3106 3900 2 3001 4085 2 3060 3539 6
4113 6054 1 2729 2857 2 3251 4111 2 4945 3131 6 2113 3133 3
2771 3194 2 3349 4658 2 4081 3846 2 2890 4950 2 4626 4093 5
2294 2735 4 2434 3102 3 3097 3677 2 2272 2991 1 3348 3273 4
2603 3130 1 2510 3126 5 2233 2991 2 2094 2038 3 2409 3048 6
4264 5872 5 3580 3424 3 3592 3332 2 2985 2753 1 3591 4014 3
3874 3321 2 3037 3363 3 3773 3660 6 2601 4056 2 2001 2379 3
2659 2902 3 1658 2692 2 3414 3719 2 3282 4588 3 2762 3142 6
4006 4103 3 2954 3042 1 4833 6016 4 3376 3988 1 5517 4968 4
4769 4164 3 4072 4113 3 3958 5007 2 2259 3625 3 4300 5545 3
4580 5341 2 3763 3358 2 3749 4852 5 3234 4114 3 3124 3074 4
4370 4525 3 3621 4396 2 4126 3435 2 2730 4074 3 2775 4110 5
4251 5188 3 2876 3718 3 3821 3653 2 3459 4364 4 2419 2550 3
3889 3820 1 3509 3987 1 3013 4183 3 3285 3210 2 4513 4886 6
3636 4862 2 3727 5829 5 4028 3452 3 4443 4353 1 3040 3013 3
3724 3348 5 4171 2376 3 3314 3564 2 3231 4891 2 2702 4464 3
3927 5626 5 2605 2678 2 3651 4054 1 3377 3677 3 3469 2971 3
3940 3446 3 2539 3446 4 2608 4027 2 3711 2703 3 3279 5232 3
1836 2611 4 3480 5436 2 3624 3379 4 3165 3409 2 3467 4223 4
4485 4110 2 2869 3715 2 2863 4972 6 2953 3091 2 3319 3678 3
2885 3469 3 3522 3917 3 3779 4268 3 2441 2227 2 2418 3491 5
2339 2774 2 2564 2427 3 3106 4314 1 2839 3947 3 3391 3161 4
900 3424 5 1464 2379 3 3425 2237 1 2433 3082 4 2297 1588 4
3308 3807 4 3742 4131 2 3188 3024 2 2946 4543 5 2028 2158 2
3276 4419 3 3192 4523 2 2664 4299 3 4334 3522 4 3092 2203 3
3316 3998 6 2754 3627 2 2670 3151 3 2857 2745 2 3496 3838 2
3544 4460 2 4015 2915 3 2549 2366 2 3200 5439 6 2095 2647 4
3905 2151 3 1835 3339 1 3003 3776 4 2061 2959 3 3616 4323 5
3447 4464 1 4640 5784 4 3457 3783 5 4564 3469 3 1604 2229 2
2912 2536 2 2909 3369 4 2856 4012 2 3182 3480 2 2783 3157 5
2156 3248 3 3258 3250 3 2971 4714 6 1437 2158 1 3303 2641 4
4187 5233 4 5369 6517 3 4628 4728 1 5555 5781 1 4761 3951 3
2179 3073 2 3440 3521 2 2472 2468 5 2860 2580 2 2708 3738 5
2266 4094 4 4041 4846 2 2417 2711 1 4726 4287 3 2759 2672 4
2283 4513 3 4162 3672 3 4480 3668 3 3388 3483 3 2256 3115 2
2726 2919 3 3549 3509 2 3177 3627 4 1901 3043 3 1523 3007 3
1987 2436 2 3249 3781 3 2995 2570 3 2491 3059 4 1689 3492 5
3180 3499 4 1689 3091 2 3379 3799 6 2537 3232 1 3996 4561 3
2744 3813 4 2757 3138 3 3899 4713 3 2811 1773 2 2848 3412 3
3187 4080 6 2576 3373 1 3146 3671 2 2490 2089 4 2720 2672 3
3313 4064 3 2525 3056 2 3684 2989 1 3275 3962 2 2926 3374 6
2298 3431 2 3303 3337 3 2607 3339 2 3375 5147 4 3455 3143 4
4340 3960 3 2495 3654 1 3312 5393 4 5011 5425 4 2980 1979 2
3264 3459 2 2075 3826 3 4591 3925 2 2618 3267 4 2613 3528 4
3074 3314 4 1304 1769 1 2921 3642 5 3165 3192 3 3002 3475 3
1829 2597 3 2840 3126 4 1916 4131 2 3572 2761 2 3631 4667 5
2329 2792 5 2974 3302 1 1779 2121 2 4705 4901 2 2749 3028 4
4721 4398 3 1889 2678 2 3781 3027 4 2381 3634 1 2482 3190 4
2914 3586 2 3189 3203 2 3175 4518 3 3825 4105 1 3062 3609 6
2563 2797 3 5215 4329 2 4046 4368 3 2503 3718 3 3342 4198 5
5100 4637 3 2863 4414 2 3950 4508 4 2706 2232 2 3037 3778 5
3782 4373 4 3034 3858 1 2932 3101 5 4325 4367 4 2154 2112 3
3254 2312 2 3674 5226 3 3084 3572 3 2720 3340 3 3886 4334 4
4042 4099 1 3431 3001 3 3831 5430 2 3084 3677 2 3485 2764 5
3492 5285 7 3246 2274 2 2725 4422 5 2029 3008 1 3083 2357 2
2514 3240 3 2989 4297 6 3471 3841 3 2555 2659 2 3422 2742 4
4196 4268 3 2361 3472 1 2986 4257 4 2262 2994 2 3147 2461 5
3121 4302 3 3534 3375 2 3957 4399 2 3364 4513 5 3437 3398 3
4774 5044 4 3749 4599 4 2902 2607 1 3065 4681 3 3676 3359 3
3521 5683 6 2149 2515 1 2603 2444 1 4618 3036 3 2580 4198 4
2554 2985 2 4147 5064 3 3285 2991 3 3537 3546 3 2113 2560 3
2156 3890 5 3400 3885 2 3053 3257 3 3398 3229 1 4355 4363 4
2848 3011 2 3219 3379 2 3303 2854 2 3524 5046 3 2939 3960 5
3051 2906 2 2846 1812 3 2092 2369 2 3719 4473 4 2833 3869 2
3289 3504 2 3103 3464 1 3082 3101 5 4447 5128 3 2448 3785 4
2680 2978 2 4295 3963 5 2854 4015 4 3000 4030 1 4049 3489 3
4622 4783 4 2582 3948 3 3228 3547 3 2535 3256 2 2921 2605 3
3571 3261 1 2850 4455 5 2770 3749 2 3052 3534 3 3226 3270 4
3748 3567 2 3055 3168 3 2727 3895 5 2462 3254 2 2892 3607 4
2297 4688 1 2879 2742 2 3430 3388 2 4718 3597 3 4572 5537 6
3019 3532 3 3395 2875 4 2922 4060 1 5051 4224 3 1775 3218 4
2557 2340 2 4131 4347 5 3417 4114 3 2190 2170 2 2447 3372 5
2299 3597 3 4002 3972 1 3060 3288 3 2103 1808 1 3198 4371 8
2587 1972 1 4113 5017 4 4046 4387 2 3678 3837 2 3135 3289 4
3588 3607 3 3249 4119 3 2442 3627 2 2788 2645 2 2224 3890 5
2839 4243 3 4706 3949 1 4542 4197 2 5216 5703 2 3065 4435 6
3368 3973 2 2848 2710 4 2839 3725 2 4705 4396 3 2368 4019 4
3662 2734 2 4268 4485 2 3186 4323 3 3190 3633 1 2708 3707 5
2681 4514 2 4859 4319 4 953 1551 2 2128 2678 1 3699 3520 6
3887 4828 1 2664 3743 3 3900 3339 3 2044 3838 2 3119 2701 5
2446 4787 2 2900 4187 6 3423 3133 2 3973 3223 2 3211 3680 3
2939 4602 5 3480 3830 3 3575 3616 1 3195 4234 4 2613 2020 2
6031 5843 4 3671 3967 4 4020 4254 1 3904 3368 1 2730 3976 4
2950 4486 4 3006 2880 2 3744 3481 1 2933 2895 2 2638 4368 6
3476 3261 4 3043 4191 4 3343 3630 2 4662 4470 1 2185 2709 4
3157 3175 2 3415 3141 2 3904 3475 1 2544 3639 5 2595 3673 4
2727 2449 2 2080 1594 2 2395 3039 4 2796 4139 4 2316 2430 5
2719 2123 2 3750 4362 1 3205 3356 2 4124 4458 5 2711 3284 5
2427 2491 1 3271 4924 4 2685 2846 4 3688 3896 1 5837 5026 3
3022 3189 2 3160 3889 4 3657 3834 3 2981 4513 2 3642 2817 4
3876 3816 2 3823 4842 3 3698 5141 3 3677 3598 1 3077 3738 5
3487 3783 2 2981 2290 2 3398 3598 3 3889 4856 5 1968 2793 4
2392 2771 2 3503 4585 3 2929 3288 5 3824 3454 1 2737 2809 3
2047 1192 2 2517 3132 3 3754 3870 2 2746 4056 1 3531 4355 5
2821 4082 4 4567 5414 2 2468 2631 4 2318 2600 1 2678 3327 4
3295 3747 2 1699 2049 1 2993 3969 3 4286 4903 4 2982 3486 5
3563 4043 4 3696 4164 1 4537 5256 4 3625 4021 4 2600 3346 3
3255 4166 1 3490 4126 4 3743 3654 4 3295 5499 1 4054 3075 4
3346 5448 3 3006 3457 3 3306 3067 2 3649 2662 1 3461 3949 6
5390 4969 1 4931 4172 3 3935 3875 3 2386 4555 2 3295 3653 5
2422 3814 4 2201 3218 2 3226 2958 3 1689 1730 4 1838 2498 4
3278 2631 2 2712 3729 1 2203 2282 3 3297 3395 3 2534 3429 5
4022 4820 3 3657 3309 3 2630 3623 1 3982 4503 5 3153 2494 2
3545 4773 6 4114 3995 1 3470 3655 1 3030 2847 2 2727 4069 5
2959 3733 4 2592 3406 1 3673 4373 5 3275 2940 2 1664 1905 4
4433 4661 3 3249 4748 3 3955 3649 2 2581 3673 4 3221 3565 4
3109 3561 3 2975 2768 4 2548 2753 2 4376 5030 1 2379 2786 3
2741 3124 2 2345 2842 4 4298 5311 3 4642 4829 3 3890 4487 3
2775 3260 2 2660 2460 1 2114 2009 2 3669 3382 4 3022 4932 6
2852 2987 3 1874 1941 2 2799 2791 3 2017 2448 3 2006 2964 5
2273 3231 4 2165 2194 2 2827 3291 2 2749 3659 5 2259 2791 3
4276 3049 2 2697 3047 2 3231 3686 2 3726 6055 7 3127 3299 2
2944 2638 2 3269 4031 4 2897 4961 1 3752 3123 4 2130 2558 4
2135 2871 2 2297 4176 5 2032 2406 2 3359 3004 2 2702 3132 5
3126 5753 3 2419 3285 2 4156 3660 1 2261 2077 3 2972 2589 5
5035 5907 3 2878 2229 2 4056 2614 1 3071 4910 3 2782 4465 5
3117 3077 8 3259 2213 2 2454 2641 1 3402 4349 1 4077 4970 4
2205 3088 3 3502 3154 2 3130 2990 2 3287 4368 4 2351 2507 4
4159 4201 4 3158 3227 2 2936 3975 1 3342 2790 2 3877 4876 6
3222 3594 2 3552 3867 2 3102 3641 3 3855 5153 3 4442 4073 5
2874 4797 6 3774 2793 2 2993 3171 1 3962 3882 2 2908 3025 5
2453 2929 3 2963 2437 3 3163 3988 3 2777 3834 4 3887 3394 3
3732 3790 3 3618 3469 1 2509 3534 4 1812 2449 4 1758 2798 4
3285 3878 4 3526 4109 2 2625 3403 4 3631 3797 2 2712 3369 3
1640 2008 1 3193 2560 3 2465 4710 8 2262 3139 1 2884 2456 3
3030 3073 4 2122 2569 3 3138 3021 3 2217 3263 2 3729 3990 4
3738 4287 3 3851 4279 3 4765 4279 3 3826 4223 1 2553 3804 3
3967 4265 3 3719 4392 3 3259 3144 4 1073 1371 2 2630 2801 6
3685 4948 4 4093 4482 2 3751 4859 2 4008 4451 1 2422 2053 4
3624 3481 2 4418 4695 2 3069 3685 2 3543 5173 3 3494 3487 6
1626 2913 3 2336 3064 4 3560 3951 3 3539 3607 4 2532 2524 2
4133 5129 4 3272 4027 3 4200 3656 2 2575 3673 3 3308 2969 3
2253 2547 1 1435 3269 4 2902 3645 4 3957 3724 2 3621 3501 3
3189 3831 2 3485 2962 4 1943 3086 1 3687 4047 4 2663 3506 5
2405 2555 2 3405 3662 1 2693 3920 4 3693 3245 3 1180 2517 6
3522 4633 4 3855 3343 4 2526 3158 2 3026 2592 3 2010 3187 4
2972 3546 4 2859 3959 4 4073 4415 3 3187 2465 1 3433 3536 4
3525 5656 2 3827 4476 2 3578 2439 1 3354 3519 4 3614 4207 5
4776 3925 1 3422 3582 3 2464 3350 2 2692 3486 5 1876 2854 4
2983 2649 3 3713 5401 5 3652 5159 1 5213 4773 2 3527 3350 4
2656 3756 2 3456 3548 2 3361 3586 1 3894 4007 4 3049 3780 4
2982 4218 6 4253 3651 2 1972 2834 1 4200 4412 4 2540 2636 4
2409 4484 2 4792 5931 2 3375 3734 4 5205 4451 2 4029 3815 3
3924 3684 2 3114 2253 2 3525 3772 3 2932 3777 3 2538 4128 6
4308 4228 2 3619 3408 3 3676 4747 5 3284 3320 2 2616 3762 3
2972 3179 3 1809 2398 4 2534 3184 3 2376 2975 3 1637 2622 3
4001 3158 2 2824 4324 3 2530 3738 2 2667 3669 3 3467 3848 4
3258 3308 3 2147 3116 3 3983 5078 6 3429 3954 2 3285 4003 2
3382 2786 1 2109 4116 2 2158 3352 2 4368 3577 4 3385 3571 5
3330 2693 1 3502 4405 2 4508 5614 5 5465 5704 3 2597 2906 3
3453 4010 3 2838 2499 1 4175 3645 3 2389 3263 3 2154 3116 3
2863 3890 2 2483 2328 2 3144 3325 2 3724 5160 2 2544 3751 7
3238 4084 2 3442 4968 2 3174 3072 3 5660 5089 3 3483 4696 4
2263 2291 1 3805 4684 4 3106 3593 2 3013 3262 2 3061 4703 7
3071 2803 3 2024 1976 3 2876 3544 5 2557 3310 2 1590 2798 4
2645 3175 3 2131 3508 2 3602 3890 1 3138 3358 5 2205 2860 4
3561 4411 3 2420 3485 3 4359 3991 3 2293 2445 3 4048 2919 2
2882 3045 5 2399 2613 3 2779 3782 3 3003 3309 2 1848 3152 4
3729 3516 2 2639 4277 2 2946 2683 4 4026 4557 2 3436 3730 4
3932 3321 2 4001 3862 3 3963 4304 3 3152 4468 4 3265 3986 5
2114 2431 1 3920 4028 7 3158 3737 3 3417 4729 3 1064 2066 3
3604 5082 1 2055 4009 5 4070 3686 2 3792 4709 4 3339 2919 2
5304 3665 3 4009 3806 2 4508 5989 5 3394 3615 1 1987 3407 4
3016 3598 3 2660 3410 4 3738 2826 2 2556 2878 1 3248 4375 7
4290 4761 4 4177 3899 1 2969 3866 4 3443 4440 1 3736 3945 3
3624 4298 1 2133 1799 1 3709 4155 3 3849 3904 2 2879 4873 7
4863 4529 5 2483 4601 2 4605 4017 4 1833 2014 1 3435 3532 4
2760 2520 1 4127 4492 5 3521 5550 4 4197 4378 2 4817 4627 2
4898 4388 7 3173 3382 1 3776 4699 2 3563 4215 3 1494 2328 2
3697 4106 3 3265 4246 1 2573 2913 2 2721 4570 5 3612 3586 5
2995 3782 2 3528 4496 2 4620 5076 3 3974 3153 2 4273 5192 5
2926 4159 4 1962 2063 2 2386 2927 2 3424 3626 3 3840 4290 5
3530 3911 5 3727 4091 3 3784 4283 2 2387 3401 1 1886 3097 4
4153 5369 2 3783 4385 2 3694 5560 7 4385 3565 1 3104 3744 2
4049 4245 3 4926 6118 3 3467 3785 3 1882 3183 2 3817 4040 5
3165 4859 3 3684 4077 3 3930 3943 3 3832 3591 3 3465 3679 2
2836 3807 3 2446 3048 2 2003 3451 2 4911 5215 3 3643 3430 5
4859 4051 2 3553 4541 2 2894 3169 2 3397 3670 3 3534 4839 5
3556 4982 2 3171 2514 3 5029 3872 2 3099 4784 3 3993 4576 3
2618 2509 4 3385 3891 4 2936 3162 2 3110 2848 1 2970 4343 4
2449 3594 3 2506 4326 4 4747 3337 2 2554 3401 4 3284 3361 3
3505 3382 1 3218 4616 5 3573 4164 3 3719 3805 1 3213 3829 4
1466 2291 1 3691 3965 3 5107 4573 2 3844 4106 2 2693 3772 7
5175 3779 2 2507 2824 3 3898 4776 3 2693 4574 3 4356 3537 3
3060 3633 4 3266 3688 2 2757 4384 1 3482 3678 4 2745 2385 6
2917 1950 5 2304 3269 3 2816 3446 2 3097 2807 2 4037 3787 4
2653 4904 2 3589 4079 4 4323 4086 3 4672 5191 3 5181 4250 2
3872 2144 2 2914 3633 5 2228 4188 3 2761 3818 2 2130 3205 5
2960 4830 3 3774 4250 2 5347 4808 4 2823 3039 2 3395 3978 3
4863 3683 2 3088 4523 2 3070 2981 1 3036 4506 5 2444 3481 4
4235 3530 3 2592 4005 5 2914 3121 1 2356 3060 2 3778 4207 3
3096 2682 8 2639 2887 4 1912 3715 2 1882 2256 1 2559 3115 2
4023 3334 2 4470 3904 2 2413 3324 3 4548 4531 3 3044 4144 3
2742 3327 6 3265 3006 2 3764 4623 1 2990 2834 2 3531 3735 4
3233 3439 3 3075 3528 3 3260 3392 1 2762 3269 4 3612 4210 4
1857 3051 4 2831 3072 4 2256 2475 1 3251 3837 2 4141 3462 5
3041 3365 2 3491 4002 5 2784 4272 2 3496 3193 3 2585 3193 3
4120 4413 4 4038 4036 2 2953 3427 2 4041 4964 1 3619 3385 5
3873 4714 2 2877 2512 1 4392 3492 3 3268 3358 5 1906 2573 6
2485 3339 2 3573 3097 2 2524 3066 1 2729 3565 4 2641 2663 7
3680 3962 1 3606 3702 2 2617 3973 4 3186 2997 3 2678 4299 4
2722 3582 3 4583 3995 2 2839 3983 4 2137 3050 2 3160 3744 3
1968 2719 1 3050 2949 2 2132 3020 3 2636 2524 1 2713 5371 8
3487 3281 5 3566 4963 5 2833 3958 1 4730 3297 1 4192 4572 2
3699 3069 4 2477 4174 4 3713 4281 4 2848 3887 1 1898 2626 2
4203 4623 3 3004 2829 3 2434 3474 3 4761 6044 4 2181 3097 3
5382 4469 1 3778 4113 1 3462 4972 5 3835 3250 2 3902 4103 4
4109 5087 5 3250 3169 1 2830 2064 1 3656 3854 3 3803 5824 4
2600 3007 2 3488 2827 5 4019 5048 5 2933 3381 2 3118 3846 3
2955 2535 4 3739 4340 2 2637 3421 2 3252 4323 3 3650 4182 3
2477 3227 3 4381 4772 6 2702 3242 1 3244 4074 3 4416 3819 4
2687 2302 2 2305 3354 3 4032 4241 2 3467 2970 2 2501 4123 5
4705 4641 2 3276 3242 2 3693 3312 1 3904 4619 4 3078 5153 7
2920 3238 2 4748 3742 2 3934 4091 4 3854 4719 3 4604 4673 5
4261 4503 5 2717 4050 1 2387 2649 3 2905 2480 1 2135 3710 6
2440 2188 1 3793 3612 4 2926 3075 2 2990 4678 4 4259 4246 3
3750 3543 3 2724 3281 2 3763 3437 3 3926 5208 4 3756 4269 4
3946 5356 1 4746 4143 3 4153 5097 4 3864 4602 2 4329 4037 4
3090 3080 5 4304 4912 1 3693 3811 2 2019 2870 2 3006 3666 5
3968 4515 3 3772 4916 1 2368 2119 2 4505 4062 4 2819 3100 4
2235 3508 3 4212 3551 4 2835 3245 1 3782 3281 3 2848 4461 4
3248 2252 2 3941 4083 4 4241 4568 2 2063 3912 2 4276 4308 3
3322 3453 4 4290 3956 3 3422 3991 2 4091 5091 1 3423 3202 3
1539 2212 3 2171 2917 2 2846 2708 3 3033 2505 2 2235 4231 6
1303 1814 2 3338 3827 3 4074 4305 2 3783 5195 6 3681 4076 3
2963 3623 3 3003 3819 4 3172 2943 1 4351 4526 2 3648 3635 4
3350 3381 3 3258 3753 2 2511 2309 2 3423 3972 4 4012 4098 3
3294 3657 3 3321 4013 1 3785 3192 1 4084 4349 4 2902 3600 5
2201 3210 4 2969 3073 2 2521 3296 5 2831 4432 2 3802 2972 3
2430 3133 3 3210 2796 2 2905 3233 2 4481 4158 3 2875 3042 5
3413 3285 3 2306 1771 1 4540 4164 4 2540 4198 3 2251 2943 4
2720 3505 2 3215 4328 3 4131 2995 2 3342 4297 3 1874 1517 4
2494 2990 2 2119 4760 4 3096 3235 5 2454 3096 3 3129 3416 2
4137 4240 4 4300 3276 3 3257 4266 3 2687 3230 1 3341 4322 4
3164 4130 5 1670 1887 2 2497 2726 4 2216 2590 2 2518 3642 3
3800 4768 4 3709 3512 2 2773 3105 4 2037 3234 1 3048 4570 4
3952 4608 4 3148 3885 3 3457 3603 3 3618 2585 1 2923 3629 5
2881 3364 2 3521 3809 3 2899 3383 4 3457 4118 2 3140 3679 4
3795 4128 3 3479 3725 2 2634 3514 1 4665 5274 2 4814 3958 4
3490 3853 3 3024 4203 2 2625 2533 2 3509 4794 4 2608 3587 4
3301 3926 2 3053 3630 1 2566 4256 3 4020 4105 3 5115 4983 6
3123 4056 3 3923 4547 3 3388 4108 1 2629 2701 2 2789 2662 6
3127 4466 5 3802 3630 2 2518 3184 5 1862 2264 1 2590 2897 3
2453 3880 6 3610 3773 2 1718 2182 1 2924 3323 4 2588 2566 2
4025 4213 3 1303 3325 1 3335 3282 2 1752 3359 4 2841 2424 6
3642 4219 3 4031 4484 2 3760 3491 1 3628 4524 4 3549 3417 2
3326 3797 1 4680 4591 4 3568 4194 3 4879 5368 1 2760 3150 3
3500 3958 4 4404 4165 3 2497 3889 3 4764 4881 3 3037 3617 3
4386 4102 1 3565 4185 2 3289 4197 3 3327 3826 3 2593 2787 4
2596 3318 1 5633 5561 5 2134 3691 3 2450 3238 2 3568 3607 3
2873 3370 1 2597 3609 4 2317 2925 3 3869 4270 1 3894 4305 5
2779 4361 3 2216 2990 1 4193 4151 2 4313 3642 2 3099 3817 6
3777 3372 4 1453 3211 4 3226 3135 3 3121 3564 1 1920 2751 5
1982 2501 4 3259 3746 4 2526 3040 3 2602 2530 3 1864 3362 3
2442 2479 2 2886 3744 3 3761 3553 2 3414 4331 4 1950 2392 4
3468 3744 2 3668 3992 3 3193 3797 2 3482 4676 3 3457 2977 2
3226 3125 2 2562 2780 3 2820 4868 5 2693 2217 1 2724 4314 6
3230 3876 3 3941 3342 1 4349 5060 3 4041 4598 2 3168 3008 4
2908 2909 2 3496 3302 4 1599 3211 3 2828 3652 1 3908 4261 4
2306 3263 4 4459 5127 3 3210 3778 2 3909 3759 2 3905 3591 2
2561 3711 3 2919 4221 1 3930 4011 3 3441 5099 2 4950 3308 3
3932 3925 2 3809 4759 2 3464 3936 3 3657 3851 3 3552 4390 5
4067 4852 2 3264 4281 3 4210 3678 2 2919 3869 5 4285 4512 2
2347 3597 4 2792 2068 2 3349 5043 4 3660 3850 1 3758 3343 3
3841 3375 1 3062 5046 7 1439 2896 3 3395 3763 2 5106 3948 2
3206 3383 2 2439 3787 2 3880 4076 3 3821 3668 3 2195 3973 4
4388 4738 4 3401 4738 2 3509 4290 2 3095 2745 2 3781 4242 5
3191 3845 2 4132 5404 5 2794 3208 1 3453 2894 4 3481 3213 2
3209 4086 4 2238 1480 2 2387 3622 3 2834 3625 1 2771 3025 5
3112 3618 2 3330 4120 2 3241 3342 4 3315 3856 2 2137 2633 5
4267 6109 5 3949 3753 1 2671 3247 2 3414 2357 1 3291 4069 4
4596 4411 4 3316 2481 1 1868 3830 2 1929 3323 3 3359 4263 5
3319 5097 3 4088 4184 2 4076 5030 2 5055 4437 4 3232 3027 3
3810 4356 2 3457 3770 2 2920 3578 3 4442 4203 1 4183 3832 6
2169 2355 1 1844 2422 1 3811 2426 1 3697 3487 6 2078 4109 7
4885 3871 2 3731 4997 3 3238 3819 3 3084 3816 1 2698 3939 4
3525 3191 1 4403 5332 6 3958 3849 1 3106 5002 5 3282 3882 3
2173 3944 3 3127 2438 3 4763 3974 1 3013 3268 1 3156 4039 6
3441 3975 3 3401 4885 3 3732 2606 2 2919 3037 2 3553 4035 5
2495 2735 3 2750 3411 3 3006 2343 3 3232 4067 4 3706 4012 3
3248 2304 2 3577 3323 2 3239 4014 8 2839 3189 2 3053 5190 2
3320 3754 3 2361 3398 3 2282 3343 1 2654 3484 3 3534 3263 6
2768 3554 2 3419 3161 3 4125 3048 1 2781 4305 4 3322 3405 5
2043 2565 5 3116 3468 2 3898 4816 3 3269 3487 4 3004 2748 2
3591 4103 4 3277 2744 2 3351 4702 1 2636 4003 2 3453 2934 5
3937 5293 6 3709 3167 3 3444 4235 2 3391 2981 3 1663 1527 2
5779 5365 2 2972 2854 1 3005 5345 5 4126 3744 2 3295 3619 3
2119 2748 2 2926 4358 4 3794 3366 3 2986 3296 1 2542 3963 6
3998 3608 2 4313 5342 2 2833 3262 1 3069 3848 3 2688 2710 6
2579 3783 4 3248 3097 2 3209 3729 3 2618 3459 2 3435 3067 5
5267 3551 3 4109 3971 2 3110 3709 1 3256 5635 4 2728 3244 4
3454 4241 1 2980 3737 4 3199 3388 3 2950 3565 4 2953 3528 3
5237 5225 4 3411 2981 1 2961 4258 4 4050 2688 1 2106 5317 4
3176 4147 3 3021 2012 2 1858 1810 4 3277 3233 2 2670 4547 4
5350 5301 3 4141 5044 2 3975 5136 2 2982 4516 1 4743 4564 3
2897 3803 6 2436 2918 4 2934 3188 3 3070 2913 1 1830 1703 2
3225 3025 7 3962 4278 3 3436 4136 2 3843 3490 3 3078 3672 2
3183 3823 2 3600 4608 2 4407 5107 4 2931 3275 3 3059 2898 4
2744 2649 1 3225 3804 2 3098 4554 2 4473 5096 6 3303 3109 3
3234 3158 2 3823 3305 3 2603 3109 2 2563 3333 2 3110 3826 5
3473 3152 3 2489 3253 2 1181 2099 4 1837 2303 3 1513 2780 4
4222 5951 3 4253 4815 3 4340 3607 2 3095 3578 2 3306 4155 3
5121 5928 3 4874 4945 3 3010 2175 1 3716 4109 2 2599 4701 4
3152 4138 4 3484 3810 3 4246 3795 2 3285 2697 1 3061 3772 4
2634 3681 2 3435 3522 4 5033 4714 3 3616 4275 3 2932 3785 4
3464 3528 3 3921 3969 3 3003 3957 2 3424 4525 2 3505 4505 4
2936 3192 4 3938 4035 1 2225 3691 2 3331 3300 3 2723 3917 4
3914 4809 2 4081 5051 4 3993 3409 2 2569 1883 2 2654 4310 5
3697 3260 2 3712 3309 2 2007 2077 4 3438 5477 2 2843 3522 4
4482 4882 3 3408 4297 2 3667 4074 2 3618 3969 4 3239 3395 2
2338 1956 1 2589 2759 3 2954 3849 2 2539 1962 4 1921 3717 5
4718 5247 3 4378 4031 1 2746 4273 5 3257 3583 3 1812 2900 3
1836 2719 2 2890 4070 3 2906 3546 3 3770 3896 2 4328 3821 6
3103 3125 5 3327 3189 1 1954 3145 3 3242 4194 3 3219 4450 3
3049 2808 1 2414 4323 3 2938 3570 1 2964 3498 3 3930 3674 6
2596 2607 1 1541 3002 3 1533 1712 1 3867 3306 2 3190 4970 9
3649 2554 1 3627 3645 3 3250 5756 4 3497 4156 2 3811 3184 5
4474 5093 5 3733 3093 2 3416 4092 2 2939 3822 3 2889 3376 4
3141 2987 2 3705 4087 4 2808 2558 3 3278 3682 1 3691 4258 5
4160 3470 3 3361 4020 3 2382 3149 2 2902 3871 2 2601 3317 4
2627 2675 2 2579 2915 3 3000 3478 4 3261 4452 3 1275 2297 5
2441 3573 2 1617 2536 2 4007 4156 4 2334 3643 3 3227 2587 5
2097 4442 3 3756 4666 2 6292 5746 2 3425 4668 2 4409 3612 6
2923 2865 2 1878 1871 1 2994 3358 5 3130 3116 4 3599 4773 5
3905 4421 3 3827 3467 1 5907 7061 4 4253 4566 2 3213 4176 4
3626 2986 4 2939 2986 1 4133 4405 5 3170 5507 2 2780 3057 2
2895 3834 2 3558 3140 3 3826 3882 3 2552 4421 3 3572 4060 5
3182 3952 3 3059 3967 3 4353 4773 3 3272 3777 2 4053 3566 3
3166 3021 2 3058 4266 2 2218 2639 2 3617 4802 3 3109 3766 5
3302 4025 1 4104 4859 4 3464 3879 3 2994 4500 3 3150 2752 3
3476 3198 2 2843 1971 1 3282 2957 1 2003 4378 5 3455 4899 5
5165 4860 2 4382 5210 2 3071 4091 2 3876 5396 2 4201 4395 5
4158 4213 3 2512 2849 1 3056 5348 4 2197 2526 3 3210 3259 4
3498 2887 1 1941 3465 4 2794 2728 2 3111 2800 4 1979 2587 5
3901 3438 2 4005 4294 1 4535 5121 4 3435 3562 3 4745 5820 5
2623 2673 2 2260 2376 4 1273 3101 4 2214 1860 3 1991 2708 4
4104 3419 1 1684 1552 3 2395 3950 3 3043 3410 1 2801 3704 7
3937 3270 1 3353 3661 3 2984 4798 5 3364 4382 2 2912 2830 4
2512 2492 1 2712 4140 3 3807 3901 4 2530 3096 1 3031 3942 7
2669 3434 3 3600 3545 2 1948 3571 1 4734 4734 3 3978 4741 5
3481 4259 3 2493 3043 1 3562 2225 4 2423 3135 3 2488 3796 5
3222 4441 4 3781 4299 2 4602 3327 3 4435 4284 2 2604 3515 3
2185 1860 3 3029 3706 3 3706 5014 4 1995 2224 2 3151 3541 5
3945 3720 1 4037 4012 3 4054 4975 3 4212 4516 3 3713 4153 2
2898 3987 3 4100 4074 3 3298 3008 1 4553 4063 4 2191 3322 3
4965 5069 3 2704 4219 4 5138 4467 1 3849 3740 4 4209 4823 2
2073 3955 4 2723 3541 5 3072 2741 3 3993 3285 1 3110 4685 4
2326 3085 4 2925 4375 4 2671 4056 4 3519 2937 2 3371 2384 2
2081 4389 4 4005 4074 2 4312 4201 2 4025 3729 1 3940 4388 5
3868 4505 3 3764 3379 3 2946 4328 1 3730 3174 4 2807 2143 2
3029 2724 3 2468 1684 1 3862 4156 4 2322 3853 2 2422 3020 5
3797 3889 4 2697 3792 5 3007 3630 2 3942 4030 1 3090 3974 3
4302 4903 4 2631 3047 3 2630 4109 2 3252 3114 2 3002 4542 6
2912 3713 2 4163 3305 2 3362 3364 2 3391 5181 4 2995 4085 4
3947 4524 2 4368 4023 5 2914 3316 3 3212 3771 1 3122 4007 4
4103 5025 4 4572 5090 1 2930 3567 3 3709 2933 3 2216 3073 3
3142 3721 3 2477 2918 2 2842 3532 2 2513 2978 4 3675 4654 3
3456 4625 5 2225 2588 1 4278 5400 2 4007 4141 3 3446 2891 4
4228 5157 4 2576 2966 2 2421 3905 1 3210 2923 2 2361 3315 7
2930 2747 3 2702 3654 3 2865 3566 6 3639 3659 3 2973 3659 3
2591 5200 5 2604 2026 2 3104 3103 3 3698 4734 3 2776 2909 3
2236 2283 4 2637 3106 2 2353 2428 2 3130 3556 5 2237 3973 4
3576 3853 3 3374 4658 4 3611 4400 2 3467 3628 3 3274 3738 3
4090 3470 5 4067 4877 6 3205 3434 1 3328 3217 1 1948 3843 2
3970 4634 5 3466 3601 4 3030 4214 3 3227 3494 1 2442 3299 2
2340 2105 1 4178 4350 4 4346 3952 2 2197 3224 5 3399 3860 2
3195 3799 1 3451 4229 3 3984 4422 4 3207 3882 2 3362 3653 4
3133 3307 2 4512 3065 1 3476 5095 3 3991 4537 5 2435 4143 3
3364 3093 2 3108 3113 1 3786 5076 6 3181 2479 2 2745 3643 2
3392 3596 2 2885 3227 2 3733 3212 3 3549 5031 5 3078 2979 3
3738 4880 5 3409 3605 1 4162 3770 2 3254 4350 2 4690 5424 3
1857 4015 5 2336 2138 3 2158 2885 1 2015 2899 1 2376 3490 6
2385 3283 3 3711 4082 2 2164 2000 1 3037 3623 4 2692 3580 6
3639 3403 4 4833 5472 2 3622 4506 2 4372 4991 1 4367 4181 2
3922 4867 3 4356 4526 4 2753 3848 4 3119 3074 1 3158 4083 3
4219 3334 2 3030 3148 2 2752 2968 1 2941 3951 3 2398 3988 6
2149 3603 2 3227 3584 6 2485 2475 2 4292 3734 3 2725 2282 2
4031 3821 3 1954 3174 4 3482 3938 3 4904 3992 2 1679 3660 3
2260 2584 2 4414 3227 2 3048 3714 2 3261 4299 5 2953 3781 3
2631 3746 4 4030 3551 3 2413 3534 3 3835 3664 1 3566 4145 5
3089 4905 1 4721 4670 4 5134 4375 4 2578 4734 3 2538 3310 3
4489 5469 2 4041 4154 1 4206 4501 3 3463 4200 4 3382 3895 3
3616 3438 4 3406 3745 3 3735 3459 1 3330 5308 3 3372 4196 3
3439 3020 3 2259 3161 2 4015 4328 3 2517 4046 3 3106 2824 4
4962 4709 3 4020 4565 1 4264 3663 2 3605 5251 4 4549 5477 3
3520 4802 2 3287 4308 3 4260 4156 4 5015 5600 2 4087 3161 2
3018 3042 3 3251 3304 2 3352 4649 4 3456 4278 3 3691 4886 3
3719 3758 3 3605 4036 3 3132 3447 2 3177 3994 2 4179 3795 4
3287 3787 2 3152 3477 2 3150 3337 1 3149 3432 1 3152 3517 7
2389 4272 4 2534 4282 4 3998 3361 2 4488 2975 3 3263 4369 4
4097 3689 1 3535 4035 4 2962 2848 3 3417 4363 2 3321 4373 5
4599 3783 3 4222 5547 4 3765 4096 2 4671 5312 4 2225 2658 2
5128 3622 1 2112 2744 3 2677 3893 5 3861 3792 2 2186 3654 6
3791 3573 3 2817 3871 2 3873 3530 2 3648 4761 3 3220 3259 5
3424 3493 2 3114 2975 3 2970 3831 1 3517 5095 2 3834 3652 5
1644 2567 3 2206 2852 2 3352 3328 6 2906 3877 3 1250 1837 3
3680 5180 6 3240 3000 2 2596 2882 2 3494 2997 3 2873 3470 3
2296 4196 3 3560 3083 2 4046 4197 6 4208 4809 1 1887 2503 3
2357 3150 5 1516 1465 2 2769 2985 4 2936 2060 3 2989 3833 2
1731 2152 1 3284 4786 6 3480 2835 1 3482 3047 1 2924 3851 5
4807 3873 4 2635 3647 2 3352 3969 1 3633 2757 2 2001 4232 4
2973 3485 2 3452 4698 2 3085 3603 2 2948 4150 4 2907 3609 4
3031 2403 2 1811 2594 3 3391 4416 3 2255 2965 2 3569 3513 4
4115 4726 5 3913 4814 3 2439 2215 1 3621 3230 4 1857 2037 4
2558 3273 2 4278 5030 2 3737 5429 5 4082 4017 2 2575 2600 3
3436 3873 3 3349 2913 4 2844 2791 3 3467 4704 1 2759 3609 4
3692 3627 3 3126 3921 5 2672 2994 3 1649 2397 1 2030 3656 6
2920 3375 2 2972 3386 1 4038 4207 2 3613 3205 4 2480 4138 4
4283 4892 3 3066 3430 2 3973 4426 4 3325 4029 2 4596 5173 5
3043 4009 2 3089 3534 5 4315 3332 3 2674 4475 2 4277 3853 2
4727 4219 1 3758 3997 3 3943 3968 3 2855 4318 5 2284 3244 4
3269 2943 3 1574 3005 2 2424 3283 3 2344 1705 2 1875 2184 6
1707 2949 2 2355 3850 3 3557 5029 1 4439 3944 4 5008 4140 5
2071 3265 4 3276 3187 3 2395 3493 2 2866 4090 3 2508 2096 4
2244 3078 2 3211 3747 4 2133 3012 2 2515 2967 2 3891 4396 5
3032 3623 3 4778 5592 2 3824 3116 2 2734 3488 3 4196 4776 5
3027 3327 3 2358 3807 5 3438 3430 1 3248 3451 1 3689 4609 5
2191 3102 2 3583 3598 1 3582 3420 4 3057 4508 1 3152 3311 5
2022 2050 2 2596 3782 3 3390 3733 3 3021 3661 1 2743 4380 7
3205 3820 4 2698 3699 5 3378 3016 3 2555 2960 2 3121 4183 2
3201 2408 2 3125 3720 2 3472 4035 2 3515 3998 5 2627 3654 4
3564 4811 3 2811 3018 3 3777 4854 3 2934 3794 3 3799 3613 4
2651 3440 3 2943 3241 3 3152 3687 1 2415 3853 2 5066 5250 6
3251 2885 3 3410 4146 1 2666 2924 3 3414 3033 4 2675 3307 3
3320 4431 3 2492 3876 3 3001 3276 5 2876 3182 2 4064 3173 2
3649 4410 2 5335 4252 3 3804 5018 2 4093 5002 4 3404 4179 3
3872 3262 5 2497 4698 2 3440 4138 1 3132 3368 1 3029 2906 6
3709 3288 3 4392 5292 4 2854 2873 2 3713 4664 3 4109 4636 3
2678 4211 2 2456 2965 1 3188 3856 4 2127 2171 3 3731 3441 5
3016 3297 2 3243 3903 3 3751 3909 3 2336 3083 2 2380 3238 4
2372 3214 2 2646 2960 2 2409 4155 3 4915 4364 4 3573 3961 5
3342 3704 2 3567 4031 4 3010 4142 5 3177 4394 1 3157 2475 3
2256 3193 2 4763 4827 5 1545 3259 4 2477 3514 2 4462 3640 4
2162 2308 2 3086 2249 3 1283 2720 5 4193 4606 2 3860 3929 2
2559 2216 1 3124 4395 6 2875 3065 1 2164 2864 3 1698 1881 6
2278 2790 3 3465 4732 6 3128 3471 2 3462 3384 1 2923 3533 3
2043 3296 1 4580 3715 2 3912 3697 3 2794 2760 4 2601 4571 3
3336 3926 1 3214 3256 2 4549 6055 5 4327 3651 1 2391 3020 4
4345 3894 4 2662 2598 1 2177 4713 3 3190 2160 3 3852 3940 3
4511 3893 3 2488 2967 2 3922 3817 4 3793 4123 2 2722 3625 4
4537 4621 3 4552 6554 1 3591 3061 4 3790 3840 5 3135 3167 2
3079 5132 3 3998 3595 3 3913 4618 4 5117 3311 2 3864 3253 2
3490 2836 2 3559 4872 3 2615 2915 2 4038 3605 3 2493 2393 3
3335 3878 5 2819 3255 2 3822 5506 4 3164 3030 1 2467 3035 3
3358 2820 1 3285 3667 2 2508 3955 5 3888 5359 5 2124 2564 2
3551 3596 2 4804 4554 2 3589 3988 1 3379 4518 5 1704 3140 4
2879 2909 5 2733 3636 1 2934 3162 1 1994 3216 3 2694 2847 5
3494 3422 4 4220 4481 4 2085 3326 2 2521 4463 1 3279 2871 5
3012 3842 5 2567 3599 2 2664 3106 2 3941 3383 3 3363 3832 2
3385 3193 2 2563 4302 1 3321 4276 7 4200 3845 2 3529 3630 3
3457 3254 1 4099 4413 3 3168 3890 1 4120 3419 2 4784 5716 6
3391 3944 3 4440 5265 2 3706 2792 2 3143 3612 6 2142 2519 3
3033 3538 2 2513 3359 6 3460 2708 3 2998 3229 5 2671 3837 2
4608 5467 3 3859 3531 2 3535 4257 2 3499 3396 1 3788 4326 4
3112 2806 3 3079 3831 2 2922 3222 2 3474 3863 4 2329 2795 3
3190 2306 2 4372 5100 3 3199 5814 2 4487 3910 2 2474 3080 5
2725 3117 1 3364 4385 2 5508 5594 6 2324 2924 2 1752 2850 5
3523 4723 5 2991 4364 3 3535 3379 1 3023 4100 2 3183 3647 2
3999 2911 4 3560 3712 2 2247 3564 2 2118 4143 3 3052 3536 3
4392 3713 3 3561 3363 4 2626 3164 1 3611 5348 5 2308 3035 3
4069 3853 3 3948 4386 3 3585 4919 3 3592 4036 2 1869 3582 2
3508 3863 1 2453 2945 3 3711 4839 3 4075 3618 4 2459 3845 4
3624 4596 4 2755 3475 1 3186 2824 2 2132 2254 1 2451 4311 8
3416 3188 3 2758 3576 5 2882 4747 2 3133 3206 3 3617 2743 3
2879 3166 1 3352 3512 3 3927 3984 3 3894 5544 5 2589 3688 4
2822 3343 4 2073 3012 2 2907 3130 3 2933 2894 2 1746 3604 5
2416 3635 3 2487 3142 4 4128 3495 1 3598 4280 3 2069 2970 5
3196 3161 2 4405 4168 3 2028 2847 1 3498 3131 3 2129 4647 6
2752 5112 5 3640 3088 2 3785 3517 4 3228 4301 1 2484 3423 3
3888 4423 4 3175 3126 2 2717 3299 2 3196 3487 3 2607 3354 4
3611 4506 3 2885 3372 3 4572 4678 3 3239 4407 2 3763 4614 3
4967 5716 4 3638 4324 2 3865 3867 3 3775 4173 3 3012 4482 2
2886 2552 2 2030 2797 2 2705 3746 3 4929 3611 2 2501 4279 5
4257 4729 3 4334 3962 4 2497 2686 3 2386 2327 2 3307 4781 5
3808 5629 2 4973 4001 2 3425 3164 2 3427 3265 2 3262 3670 6
3609 3574 2 4736 4304 1 3906 4025 3 2770 3426 3 2891 4462 5
3363 3451 3 3213 4823 2 4081 4984 3 3205 3739 3 3344 3410 3
3703 4984 4 2638 2381 4 3485 5110 3 2427 2388 2 4062 3470 3
3379 3555 3 4245 4747 2 4679 3960 1 3152 4323 2 3839 3508 5
3323 3210 3 2364 2924 2 3224 2401 4 2718 3677 3 3037 4729 4
2611 3378 2 2029 2864 3 3429 2083 3 3590 4549 1 3032 3019 6
4251 4054 2 2824 3684 3 3138 4065 4 3874 4731 2 2580 3103 5
3617 4425 1 4185 4349 5 4816 3303 1 3599 3097 3 2971 4393 4
3340 3553 2 3699 3585 3 3861 4350 5 2334 4054 3 3952 3220 4
3490 3399 1 3667 6969 5 3665 3704 2 4020 4160 1 3394 2824 4
3236 4036 2 4320 3672 1 3602 4248 4 3748 5355 3 3274 3529 4
2648 2961 4 3815 3459 3 1779 2711 3 2143 3195 3 3028 3413 3
2066 3258 4 5506 4215 4 3514 4780 1 3499 4018 4 3114 5043 2
3442 3700 3 2942 4234 3 3701 3978 3 3772 3938 2 3506 3260 4
2469 3209 2 2871 3187 5 3672 3545 5 2752 3661 2 2192 2430 2
2337 2257 2 3490 3950 4 2372 3011 1 3137 2585 1 3997 4468 4
2703 2823 1 4564 4089 4 2454 3130 3 3626 5497 5 2782 3611 2
3698 3923 3 3019 2855 2 3677 3235 2 1759 3371 2 2874 4173 7
2847 3575 3 3842 4115 3 4023 5106 3 2500 2812 3 2850 3622 4
2282 1703 2 2992 3839 1 1813 2515 4 2181 3110 4 3102 3395 7
3576 3109 1 3605 3158 2 4172 5376 3 3317 4579 3 4276 4673 4
4303 4823 2 3502 4476 6 3075 3358 2 4622 4674 3 2728 2908 2
3602 4033 2 4081 4494 2 2491 3808 4 4581 4233 3 2451 3256 4
3187 2277 4 3454 3744 1 4213 5156 2 3269 3758 3 3102 4027 3
3459 3210 2 5305 4738 2 2598 4362 2 3606 4494 4 4041 3873 4
3782 2983 3 3022 4459 4 2611 3320 2 3338 3516 1 2152 3476 6
1444 2987 3 3447 4938 3 3642 2953 5 4603 4097 2 2816 3024 2
4416 4670 2 1890 3541 3 2649 3103 1 2939 4803 6 4276 2905 4
3486 4050 5 2143 2227 2 2898 2711 2 3943 4267 1 2469 3683 6
5312 4545 2 4214 4079 2 3243 4446 3 3868 4286 3 2959 3810 4
3555 4345 4 4374 3829 4 4252 3324 2 3577 3572 2 3104 4525 4
2626 2854 3 3328 3384 2 3014 4262 4 3679 3947 4 2442 3903 3
3224 3290 3 1849 2941 2 2925 2893 3 3509 3174 4 2751 3483 5
2767 3083 3 4793 3197 1 2441 5511 6 4520 3624 3 1942 2933 2
3695 3779 3 4473 4083 1 3812 5133 3 2746 3294 3 3376 3761 4
3239 3397 2 2881 3542 4 3420 3316 2 3704 5280 4 3618 3440 3
4380 4546 5 4490 3511 2 3795 3991 2 2635 3806 3 1564 2052 2
3061 4412 4 4794 4319 1 3383 4941 2 2116 2311 3 4578 4263 5
2925 3171 1 2777 2670 1 3984 4653 6 2767 4829 2 4548 4156 3
3512 5457 2 3768 3745 3 3493 3444 4 2561 2534 3 3968 4734 3
2497 2815 3 3165 3783 2 3576 2848 3 4056 3811 4 3291 4862 3
4197 3532 5 2314 3555 1 3148 3916 3 2591 2952 1 2093 2795 6
3650 3263 2 2959 3683 2 2656 2796 4 3300 4104 5 4001 3906 2
4371 4195 3 2063 2720 2 2406 2442 2 5120 5082 4 3583 4686 4
2959 3722 2 3151 2696 2 3959 5881 5 3149 2805 1 3799 4404 6
3199 4061 2 3025 3268 2 3652 4022 3 4191 3579 2 3149 3600 5
3260 3286 2 3347 3361 4 2663 2821 4 3165 4431 2 3604 3998 3
2426 4038 5 4029 3514 3 2350 2324 4 2899 3650 1 3181 2900 3
3557 3516 1 3118 3725 2 2758 3129 2 2672 3138 5 3154 4121 5
4214 4636 1 2719 3669 3 3908 3850 5 2747 2692 3 2735 2407 4
3696 4137 3 3734 3757 2 2671 3101 4 2722 4097 2 3393 3340 4
3327 5180 2 3696 3893 2 4799 4610 2 4945 5720 2 4242 3332 4
3271 2956 2 3130 3578 4 3790 3444 2 3676 3846 1 3052 4431 5
2777 3486 4 3989 3568 3 3717 4062 2 2629 3557 2 4970 5193 4
1907 2706 2 2382 2755 2 2641 3902 3 3254 3985 4 3357 3341 3
1942 3070 4 4024 4389 3 3646 3380 2 2664 3064 1 4441 4427 4
4609 4613 4 4047 7071 5 3814 4102 3 3329 2675 2 2735 4019 3
4042 4047 2 3454 4288 5 2842 2351 1 2896 3216 3 2792 4031 3
2606 2989 3 2400 3165 3 2382 3305 4 2553 2696 2 2650 2740 3
3471 4889 4 4829 5004 3 2219 3068 1 5128 4948 3 5131 4119 2
4380 4341 3 2710 3427 3 3035 6150 4 4405 4239 4 2437 2313 2
3995 3462 3 2873 3859 3 3175 4326 5 2801 3293 1 2472 2994 2
2185 2423 2 2315 2997 2 3327 2884 3 3177 3591 3 1917 2826 7
3874 4484 2 4230 5109 5 3190 3477 2 3086 4109 4 3651 2644 2
3145 3611 2 3026 4191 2 2736 3830 4 2556 2288 2 2316 3169 6
3794 5200 5 5324 3894 1 3152 3351 2 3927 5146 3 2772 5082 3
4572 3833 4 2835 3086 3 2846 3158 2 2622 4804 2 2356 2798 3
4241 4209 4 2589 2614 1 3310 2468 1 3095 5933 4 2931 3168 4
3308 5189 2 3143 3497 3 4288 4166 4 4184 3862 2 3374 3844 4
2675 3416 5 3321 3100 2 3400 3766 3 1789 2304 4 1774 2553 3
3929 5189 4 4345 2722 4 2421 4502 2 3709 4551 1 4190 3628 3
4658 3905 4 1624 2890 2 2559 3043 1 3151 1955 4 3173 4794 3
3034 3071 2 2241 2319 1 2228 4081 4 3189 3628 2 3827 3358 5
4188 3997 5 3544 3552 3 3706 4733 2 3312 4042 1 4171 4305 2
3503 3766 2 3825 3746 3 3799 3752 2 3026 3823 3 3497 4095 4
2950 2748 3 2302 2842 1 3377 4520 3 3657 4772 3 3345 3628 3
2317 2837 3 2944 4294 3 4969 4120 2 3943 5581 2 3466 3663 4
2263 3744 4 3864 4823 4 2717 3109 2 4166 4704 2 3457 3326 3
3040 3171 3 3469 2953 3 1680 2673 2 3359 3592 1 2524 3133 7
4176 5052 5 3114 2994 2 3852 3788 1 4862 5787 5 3235 3505 2
3686 4538 4 2111 3057 1 4185 4199 3 2648 3504 3 2396 3867 4
4599 3699 5 4382 5429 2 3524 4266 3 3068 3108 1 3315 4509 5
1610 2714 4 1734 3171 3 2923 2523 3 3476 3127 1 3041 3586 5
2658 3221 3 3338 4907 7 4050 4214 1 2774 2482 1 3145 3303 3
3488 4538 4 3446 3494 1 2543 3120 1 3832 4741 8 3119 2328 2
2661 3816 2 3291 3048 3 3620 3296 3 2754 3885 3 3093 3132 4
2557 2915 2 3169 3591 3 3661 5485 5 4814 3887 2 4225 3912 2
2162 3016 6 2278 2582 3 3377 4001 2 3140 2671 3 2857 3253 2
3045 3926 5 3639 3470 2 2962 3038 2 3012 3227 2 3019 3049 4
3147 3091 3 2917 3380 2 2008 2787 2 2602 3026 2 2469 3669 8
1724 2415 1 3946 3789 4 2725 3485 1 3006 4041 4 4276 3718 4
3297 4943 2 3272 3091 3 3544 4010 4 3994 3513 4 2069 3160 3
3225 4090 3 6009 5945 1 3343 4366 5 3347 3620 1 3485 4372 3
3901 4238 4 3194 3424 2 3540 4168 2 4421 4818 3 3296 3785 3
2835 4940 3 3479 3629 3 3512 4119 2 2991 3008 2 5028 3923 3
2409 4437 4 3259 4200 4 2976 3118 1 3587 4271 2 2670 2142 3
3317 3547 5 3476 4525 2 2960 2430 1 4163 4243 2 1889 3316 6
4002 3703 4 3703 3788 2 3922 6103 2 5366 4251 2 4373 3667 2
3617 2790 1 3880 5230 4 3074 4511 6 2562 3641 3 2872 2279 2
3369 3882 2 2331 3508 7 1984 2264 2 3187 3665 2 2824 2265 2
2678 2481 2 3448 4788 3 5769 5764 2 3952 4653 3 3522 3073 4
3920 4564 5 4172 4498 5 4221 3798 2 2196 2667 1 2982 3922 2
3642 3589 3 2849 3060 3 2657 4587 6 2306 2581 1 2316 2661 3
3904 5414 3 3274 3693 1 3614 3279 3 2720 2883 2 3408 2905 6
4957 5968 3 5767 5425 3 4569 6027 1 4334 3665 1 3761 4382 4
2116 3184 1 2299 3596 4 3555 3722 3 2937 3328 6 1572 2466 2
3642 3632 4 4132 3230 2 4370 6128 4 3939 4236 3 3238 3358 2
4846 4960 2 2076 2307 4 3777 4139 1 3259 3705 2 2485 3376 5
3428 4064 2 4057 3608 3 2593 5642 2 2173 1905 2 4131 2481 5
3152 4136 4 2715 3881 3 2520 2401 2 2325 1966 2 2836 2545 4
3469 4351 3 2219 2218 1 2645 3059 3 3754 4028 5 2562 3090 3
1686 2265 1 3995 3473 3 2157 2389 1 3443 4430 3 2914 3548 6
4269 3970 6 4692 3987 2 2736 4880 3 2417 3035 1 2743 3302 4
2809 3667 3 2981 4607 3 3407 3803 1 2850 3591 3 2795 3000 4
4290 3505 4 1835 2576 2 2919 2774 1 1911 2250 3 2803 3509 7
3331 4763 4 3149 3944 1 3458 4467 6 4396 3649 3 2405 2187 2
2658 1834 1 3731 4261 3 3811 4023 5 3208 4160 3 2800 3571 2
2733 2594 1 2232 3234 5 3467 3190 2 3002 3203 2 1971 3278 5
2904 4238 4 3312 3169 4 2194 3496 3 2340 2574 2 2103 3215 5
3134 3133 1 4044 3374 1 2805 3333 1 2516 3891 5 2465 4471 6
2952 3366 3 2287 2391 2 4575 4406 4 3334 2938 3 2127 4094 4
2680 2288 5 3450 3903 3 3342 5132 2 2233 2237 2 2256 2841 3
4179 4352 4 4191 4418 3 4013 4374 2 2861 2408 3 3490 4025 3
2923 4427 6 2801 2837 2 3050 3756 3 2713 2666 2 3254 2796 4
2734 3367 4 3030 2451 1 4880 5591 4 2914 3326 2 3027 4755 4
1908 3738 3 2362 3127 3 2925 3463 3 3131 3291 3 2786 2097 4
4399 3518 4 4033 3511 1 3856 4316 3 4566 5408 4 1517 1845 3
2724 2910 1 3504 3253 2 2346 2677 3 1543 3066 3 2249 4503 8
3675 4190 3 3372 3229 5 2356 2858 1 3064 3885 4 3405 3650 3
3375 3250 3 4065 3712 4 2812 3849 3 3825 4364 2 2062 2475 3
4047 4171 3 4175 3064 2 3550 4522 2 2855 3305 2 3288 3468 4
3771 3599 1 3616 2902 3 4050 4641 4 3268 4196 3 2425 2822 3
1884 2991 4 2743 2641 1 1523 2231 3 2323 2774 4 3423 3354 3
2680 3365 2 4132 3172 2 2773 5009 3 3223 3536 3 4156 4645 6
4012 5144 5 3501 2851 2 3158 5180 2 3392 3071 3 2311 2690 4
2551 4581 3 3624 3433 3 3626 4410 3 4366 4549 2 2729 2905 2
3017 2695 1 4643 4809 4 3407 3956 5 1859 2382 1 2131 3222 4
3795 5227 2 3053 3212 1 4198 4110 3 3169 3427 2 3715 3804 5
3051 4203 3 2312 3841 4 4108 3828 2 3356 2238 1 3254 4743 5
3763 4593 3 2775 2767 3 3508 4616 3 3447 4134 3 2885 2419 3
5117 4721 3 4484 4134 3 4572 5211 4 3573 4282 1 2608 3607 3
3506 3930 1 2965 3552 1 4173 4613 2 4014 5127 3 3816 3936 6
4005 4694 3 5122 4305 2 3167 3254 1 4037 4509 4 3337 3339 2
3215 4395 5 2612 4103 3 2325 2749 2 3331 2573 3 3193 4137 4
1744 2840 2 3040 4114 3 2575 3564 4 3417 3398 3 3627 3136 4
2529 3912 1 3048 3168 2 4582 4030 7 4626 4636 2 3079 5203 3
4062 2899 3 3393 4018 4 3236 4752 4 1860 2142 2 2797 3213 3
4003 3589 3 3861 3055 2 2617 4361 4 3766 3604 2 3804 4915 3
3465 3413 4 3410 4619 1 2936 3525 2 3793 4340 2 3847 3418 5
3407 4098 4 4039 4475 2 3468 3421 3 4572 4837 2 4156 3859 2
3478 4361 2 3886 4717 2 4232 4788 2 3702 3367 4 4297 5143 4
2739 3358 1 2166 2420 2 2652 4269 5 3276 3124 3 2338 1995 4
2842 4789 5 4427 3842 3 3004 2833 2 4589 4067 3 1613 2217 2
3005 4289 6 2919 3206 2 3481 4891 1 4022 4805 1 4303 2846 4
2109 3169 2 2564 3427 1 2205 4247 4 4149 2431 2 4067 4909 4
3068 3184 2 3950 4775 5 2642 3914 2 2801 2631 4 2062 2883 2
2171 3526 3 3863 3378 2 4251 3976 5 3286 3409 2 3161 4280 3
3476 3085 1 3058 3505 4 3380 4781 3 4062 4039 4 3685 5080 3
3978 3395 2 3177 4628 2 3339 3820 6 3239 4008 1 2393 2640 3
3620 3330 5 2999 4292 4 2699 2639 2 3363 3139 1 1777 2574 3
3922 5176 4 3346 4048 4 3430 3668 2 2751 3538 4 3099 3262 2
2429 2635 1 2460 2344 3 2747 3278 1 1935 4816 6 2803 2453 5
1968 3014 2 4087 3440 3 3148 3497 3 3218 4639 1 2764 3999 6
3864 3677 3 2721 3479 2 3877 4176 3 3580 3708 2 3466 4822 5
3651 4969 4 2259 2883 3 4065 3764 2 3665 4239 3 2462 2771 3
2307 2795 3 3801 5555 3 4133 3986 2 4361 3042 2 2842 4917 5
2209 2333 5 3598 3536 4 3644 4410 1 2644 3009 1 2672 3573 5
2597 3635 2 3620 4609 3 4558 4816 3 3663 3803 1 3471 3707 4
3474 2435 2 3643 4196 3 3221 4643 3 3212 4739 1 2474 3299 7
4080 3039 4 2854 5050 3 2558 3471 3 3197 3850 2 2127 2626 2
3024 4029 2 3370 3436 3 2285 4570 4 3203 2992 3 1650 2508 4
3260 5289 6 4732 4740 3 2990 3348 2 2905 1616 1 2962 3897 4
3007 4149 3 1704 2068 3 3551 3293 5 3352 4622 2 3208 3025 2
3805 4527 3 2820 4312 2 3936 2982 2 3048 3455 3 2802 3006 4
2949 2632 2 3943 4345 2 5059 4104 3 3530 3904 2 2474 4245 5
3965 5435 1 3324 3753 4 2634 3264 2 3357 4546 1 5593 3657 4
3232 4670 3 3138 4634 1 2369 2444 1 3026 3808 4 3424 3667 6
4008 4115 3 3909 3439 2 2338 3946 1 4330 2846 2 3353 3855 4
3390 4071 2 4154 5922 2 4265 4337 4 5694 5393 3 3098 3294 3
2615 3353 1 1647 2998 2 3039 3785 6 3100 2530 4 1630 1938 3
3110 3292 3 3766 6495 3 4728 4371 2 4507 3807 2 3917 3928 3
4315 3304 3 2010 2722 4 2951 3688 3 1865 2840 3 1118 1923 2
2786 3075 6 3463 2783 4 2596 4429 1 1867 2275 1 2407 3268 4
3422 4419 5 2038 2137 4 2750 3824 3 3725 3372 2 2612 2701 3
5145 4012 3 4480 4762 2 4013 4554 2 3159 3377 3 2765 4848 5
4929 3566 3 2429 2732 1 3902 4220 2 4399 5473 5 3335 3215 3
2282 4097 2 3263 3228 3 3370 4065 4 4515 3705 2 2665 2559 3
1998 3479 2 4209 5012 2 3534 5212 4 3703 2695 2 4578 3902 4
3670 3998 4 2594 3199 1 4451 5408 5 3054 3297 2 2856 3731 3
3287 4619 3 3267 4067 3 4496 4419 2 4724 4804 2 2405 3388 5
3069 2653 4 2154 3809 2 2936 3039 1 2895 2132 1 2398 4448 7
3469 3324 1 3254 3196 2 2517 3440 3 3096 3486 5 2906 3535 4
3891 4673 4 3114 3424 3 2453 3532 1 3312 2601 1 2554 2989 5
2898 2711 2 3949 4178 2 3516 4742 4 2425 3789 3 3898 3634 4
2804 3650 6 3540 3833 3 3113 3602 3 2205 2668 1 2916 2850 3
3270 2053 2 2273 5107 3 3184 4491 3 3236 3790 2 4633 3077 4
3119 3333 3 3378 3177 4 3033 2536 2 2842 3739 3 1898 2239 3
1949 2191 2 1792 2481 1 2771 3784 4 3338 3696 3 2775 3740 6
3674 4103 4 3479 4229 4 3900 4753 1 3409 2915 2 2942 4259 3
2608 4205 7 2783 2273 2 2230 4311 3 4474 3972 2 2475 2133 2
3293 3655 4 3050 2812 2 3569 3359 1 2372 4612 2 2834 3300 8
2013 3892 3 2163 2388 3 4289 4476 3 4380 3835 2 2501 2148 4
3181 3493 3 2851 4858 2 3825 4764 2 2509 2550 3 5262 4841 3
3643 4091 2 2300 3045 2 3391 3722 5 1718 1923 2 2329 2488 4
4193 3272 1 2255 4084 2 3377 3692 2 4490 4928 6 2656 3399 5
4058 3459 2 2958 4137 5 3559 3965 1 2926 4087 3 3342 4448 4
3005 3200 2 3377 4012 2 3747 3360 4 3762 3910 2 3736 4660 4
3578 4995 1 4516 4258 5 3824 4412 1 3239 4342 2 4688 4234 5
3521 2348 3 3008 3777 3 2540 3038 2 2864 3781 1 1661 2564 6
2820 3106 4 4532 5098 5 4182 4779 1 4567 3510 1 3015 4898 4
3485 4971 2 3405 3577 2 3410 4187 3 5640 4034 2 3487 3869 5
2658 3310 1 2938 2816 1 3304 3994 1 2666 3055 1 4152 6057 10
2229 3864 4 2571 2975 2 3277 4457 3 4390 3605 1 3578 2515 4
3602 3336 4 3411 3266 3 2938 3615 1 3055 4495 5 3387 3883 2
2273 3635 2 4094 4153 3 4293 5127 3 4519 3754 2 3802 4158 3
3320 3752 3 2411 3648 2 1882 3459 2 4719 3754 5 2967 2400 3
4275 4945 2 3424 3468 2 3160 3728 1 2710 3854 3 2324 3429 8
2822 3485 3 3214 2553 3 3118 4064 4 3061 3947 2 2957 2855 2
4869 5018 2 3916 3684 1 3410 3683 4 4402 4793 2 3298 4675 4
2680 4214 5 2241 3198 3 2997 3161 2 2892 3536 4 2070 2338 2
3614 3779 7 3123 3463 2 3556 4178 1 3519 3752 1 2039 3894 5
3695 3415 4 2569 4450 4 3426 3334 3 4194 3739 2 997 2497 3
3510 3895 3 5400 4223 3 3620 4153 4 3618 4713 1 2423 3213 3
2502 1893 4 2935 3398 3 4064 3893 2 2539 3520 2 2781 2950 4
2983 3516 3 3010 2723 1 3148 3187 2 3870 3855 5 1567 3606 5
3295 3946 3 3309 3381 4 4038 3915 3 3572 4348 2 2870 4632 3
1340 1561 1 2804 2948 2 3159 2929 4 2554 3532 3 3013 3416 5
3406 2625 1 2533 3821 2 3763 3749 4 2358 3249 2 4270 4461 5
4215 3632 4 2658 3152 3 2945 4674 4 2229 2731 2 2884 2702 2
2992 3130 2 3878 3542 3 2902 3519 3 4284 3273 3 1238 2922 3
4445 3745 1 3274 4271 3 3628 4006 1 2975 2595 2 1812 3360 7
3272 2765 5 1853 3924 5 2430 2419 2 2825 2040 1 2658 3546 4
3999 3878 2 5328 4930 3 3381 4651 3 4431 4816 4 2791 3645 2
993 1717 2 2609 3077 3 3853 4565 4 2815 3678 1 3021 2883 5
4293 4788 2 3823 3758 3 3189 3490 1 3070 4892 4 4081 3987 4
2482 3360 3 4849 5075 3 3534 3382 1 3218 3822 3 2505 3112 4
4494 3619 3 4414 3111 3 2571 5106 2 3470 4048 2 3668 4516 4
3816 4061 4 3486 4278 2 3040 3845 2 4678 5380 3 3126 3315 4
2883 3035 2 3429 4504 2 1975 2361 3 3661 4909 4 3250 3362 3
2758 3119 4 3371 2649 1 3026 4171 2 1667 2768 2 3381 3506 6
3668 4882 3 4392 4465 3 3604 4348 2 3578 3157 1 3909 5601 5
3815 2575 2 2194 2722 2 3752 4078 4 2398 4174 2 2373 2717 4
3153 4129 4 3067 3582 1 3308 3844 4 3799 3485 1 1932 3332 3
3355 2681 1 3312 3926 4 2552 2692 3 2355 2456 1 2963 4503 6
2369 3869 4 4723 5145 3 3456 3862 1 3980 3678 4 3002 2758 4
4285 4085 2 3572 2734 2 2926 4872 2 2731 3353 5 2508 3252 3
4160 4553 3 4739 4889 3 5022 4862 3 3690 3423 3 2757 2263 2
2928 3675 6 2684 2480 1 3749 3451 4 2124 2898 3 2642 2565 2
4541 4853 3 3910 4299 2 3576 4513 4 3587 3478 3 2407 3182 4
2469 2417 2 3048 4159 5 2480 2664 2 2369 2723 3 3128 3939 3
3953 3872 2 3469 3709 2 1784 2128 4 3036 3883 3 2899 4452 5
3439 3396 4 3705 2686 4 2585 3478 1 3423 4682 3 3409 3449 3
2159 2660 2 1950 3302 3 3552 3708 4 3049 3945 3 2682 2283 2
3340 3054 3 2882 3355 4 3317 4863 3 3157 3971 2 3430 3186 4
3107 3614 1 5122 4086 2 4284 4350 2 3585 4229 3 3368 5059 3
2728 3626 1 4816 5814 4 3392 4062 5 3687 4247 3 3518 3394 3
2713 3121 1 4517 4601 1 3395 4350 4 4517 4673 3 2988 3253 4
5332 5445 4 4277 5539 2 4230 3183 2 2415 2608 3 2305 4045 2
3847 3384 3 3727 3773 2 3776 4452 2 2647 2646 1 3991 4517 5
3222 4940 4 2292 2161 2 2484 3123 3 3387 3345 3 3610 3624 3
3017 4536 3 4725 5511 8 2951 3806 2 3640 3342 2 3087 3109 2
3963 4474 3 3900 5109 3 4521 4150 1 4483 3961 5 3058 4664 2
3994 4011 2 2100 2363 4 3494 3355 2 3069 4020 3 1642 2577 4
3327 4900 2 4516 4070 1 4242 4476 3 3785 4522 3 4313 3899 6
3270 3709 3 4027 3914 3 3775 3545 2 3715 4268 3 3842 3746 3
4557 3828 4 2641 4388 2 4463 4517 2 2877 4870 3 3325 2681 3
3424 4057 2 2630 3100 6 3116 4096 4 2499 3499 2 3265 2924 2
3598 5027 4 2451 3319 3 3175 3415 2 2530 2055 2 2424 3102 5
2115 2814 3 1965 4085 3 4017 3923 4 2699 3331 2 1924 2229 4
2335 3272 4 3153 3140 2 2141 2588 1 3408 4718 4 3040 3729 4
4088 2607 2 4154 5982 5 3335 4298 4 3629 3719 2 2324 3590 2
2786 2488 2 3746 4610 4 2641 2869 1 3884 4884 5 3835 3328 5
3181 3627 1 2719 3403 4 3206 4032 4 2035 3489 3 2601 2260 3
3896 4187 3 4833 4257 4 4095 3774 2 3287 4261 3 1768 2909 2
2496 2030 2 2225 3234 1 2594 3130 5 2940 3054 2 3749 4260 6
3846 4000 3 5217 5317 4 2880 3746 2 2354 3349 1 4272 3323 4
4688 4142 3 1330 1618 1 3014 4546 3 3905 3811 4 3952 5371 4
5280 5213 2 2325 3218 1 4120 4755 2 3680 4759 4 3432 4607 5
2867 2699 4 2468 3441 2 2459 3677 5 2380 2703 1 3591 3307 3
2900 4513 4 4217 2488 1 3742 4302 4 3598 4644 2 3611 3654 3
3039 3683 1 3759 5652 1 3628 3935 4 5000 4325 3 2764 4208 5
3247 4561 4 3895 5482 2 3796 4241 1 3597 3025 1 2749 3833 4
3359 3236 3 4748 4658 2 3122 4384 4 3929 5168 4 3166 3492 3
3618 3432 4 3728 3905 2 3321 3208 2 2723 3833 3 2950 4663 4
3071 3906 2 3439 3951 4 4100 4566 4 2860 3609 1 4663 4736 3
3407 3134 3 3023 3914 4 3169 3582 1 1911 3993 3 3116 2905 5
3192 3702 3 1993 2147 4 2891 4288 3 2670 3320 1 2710 3060 4
3007 3928 1 4550 3303 2 3013 4337 1 2820 3766 4 3090 3939 6
2349 3335 4 2879 5078 5 2618 3961 4 4430 2911 1 2427 2694 3
2171 3350 1 3538 3952 3 3274 3298 4 2825 3214 5 3119 4029 4
1957 2987 3 1584 2700 1 2376 3419 5 3232 2796 3 3155 3285 4
4203 4851 2 4881 4185 4 3020 2952 2 3375 4820 1 4582 5283 3
3568 4544 5 2715 4635 3 2163 2802 2 3791 4135 2 3600 3724 5
2906 2832 3 4437 4162 3 2890 3570 3 3285 4641 1 2445 4013 6
3882 2869 2 2132 3657 3 2695 3112 2 3730 3992 5 2779 3447 3
2911 2985 3 3679 3681 3 2994 4063 5 3587 4891 1 4046 3824 2
2758 3082 3 1753 1869 2 2985 4156 4 2379 2821 3 3135 2671 5
3451 3175 2 3385 4234 4 2736 3907 4 3985 3731 2 3971 3979 2
3719 3347 3 3722 3812 3 4222 4371 7 1352 1510 1 3467 4117 2
3058 4687 3 2326 3101 2 3434 3621 5 1995 2520 1 3226 3112 4
2980 3332 4 2868 3207 3 3533 3129 3 3438 4054 1 3332 3710 4
3090 4379 2 3880 3587 2 2430 2893 3 2876 3711 4 2817 3371 4
3969 2405 1 3720 4336 2 2833 4338 5 4771 4762 2 5399 6025 5
3741 4514 4 4362 4830 2 2860 3746 2 3344 2923 2 3720 5261 4
3370 4433 1 2664 2778 4 3270 4285 3 3375 4022 5 3309 3825 5
3679 3294 3 2308 2736 4 2687 3082 4 2702 3776 2 1917 2262 4
3380 4056 1 3830 4353 4 3430 3072 2 3520 3895 1 3748 4890 7
2601 2769 1 4249 5866 4 3986 4505 4 4099 3357 3 3116 3440 2
2704 3509 1 3337 3908 4 4822 5758 5 4757 4903 2 4054 3117 2
3717 4808 4 4306 4104 2 3948 3371 3 3174 3672 1 2266 3424 4
2651 3508 1 4026 3800 2 1805 2433 1 3252 3242 3 3170 2598 6
2552 3454 2 3710 3032 2 2527 2898 2 2891 4322 4 2567 2652 6
2840 5087 6 3461 2876 2 2483 4084 2 2689 2642 2 3648 2381 3
3864 3447 5 2926 3280 3 2050 2558 1 3688 3508 3 2544 4493 4
3918 2938 2 3848 4114 1 3503 3356 6 3309 4203 2 1519 3504 5
3111 4754 5 2532 2462 1 3940 3970 5 3062 4512 1 3399 3981 3
3969 3240 1 3959 4403 4 3189 4702 2 2578 3483 2 4907 4888 4
2674 3069 2 2509 3673 1 4974 4713 5 3503 3454 1 3071 2998 4
3375 2929 3 2474 2535 3 1749 2720 3 3470 3871 2 2616 3298 4
4025 4840 3 2998 3197 3 4208 4309 3 2367 2683 1 4088 4805 5
5830 5590 1 3398 3553 2 3586 4763 3 4645 5587 2 3610 3423 5
2655 2910 2 2952 4063 3 2662 3462 1 3112 3235 1 3844 4650 6
4226 3631 2 3293 2910 1 3961 4803 4 3759 4992 4 2142 2807 2
2134 2658 2 2288 3078 4 3076 2941 1 2704 3221 3 2632 3448 7
3149 4678 3 5308 5348 2 5521 4817 2 3627 5006 3 3627 4388 4
2188 2879 4 2301 2776 1 4323 4292 3 3668 5136 3 3924 3291 3
3327 3465 3 3318 4430 2 5213 5340 2 4074 4590 4 2882 3292 2
1619 2719 3 3130 3679 4 3295 3988 2 3982 3872 4 3204 2848 3
3119 3057 5 4179 4357 4 2712 5614 2 4087 3779 4 1888 2066 2
4883 4895 2 1983 2073 2 3601 5279 6 4432 3939 1 3995 4585 3
1713 2502 3 3353 3029 3 2805 3519 3 3779 3284 2 2504 4446 4
5321 5096 4 3999 5107 2 2595 3218 1 3115 3359 2 3829 4723 4
3967 3307 5 3708 4855 3 2112 4077 3 2418 2052 1 3285 3727 3
2997 2019 3 3679 4589 2 2721 5247 3 2371 3119 2 4227 3622 5
3254 3048 2 2513 2790 3 4243 4669 2 4380 3805 3 2710 4658 5
2729 3729 2 3113 3114 5 3972 4362 3 3430 4983 1 4220 3470 3
3067 3121 3 2439 1759 2 2964 4705 4 3553 3120 3 2385 2646 3
2606 4014 3 4268 4071 3 3697 3075 2 4222 4329 3 2691 3387 2
2442 3316 4 2785 3912 1 5514 4223 4 2749 4167 3 4004 4756 2
4132 3586 3 3010 3567 2 2792 3771 5 2323 2441 2 3228 3977 3
1435 3140 1 2535 2291 3 2943 3763 3 3130 3128 4 2403 3379 4
4122 4435 1 4791 4551 5 2621 2492 1 3002 3542 2 3018 4821 5
2933 3664 4 3525 3825 4 1365 2950 1 4138 2891 5 3064 3817 3
3073 3096 1 4177 4535 4 2775 3077 4 2440 2646 3 2664 3697 4
2295 2241 4 2287 1908 2 3772 5215 3 2327 2211 3 2832 4073 4
2774 3828 3 3130 3117 1 3166 2810 2 4141 5683 7 3449 2753 2
3584 4594 3 4895 3841 2 2750 6299 3 3917 3980 2 3240 2660 3
3005 3346 5 1822 3709 3 3656 3081 4 2367 2619 1 2208 3756 2
4822 4736 4 3709 4144 2 4038 5884 1 5437 4404 3 2858 3710 2
3568 3603 2 4035 4839 3 3909 4915 4 5180 5150 1 2516 4114 4
3066 3064 3 4098 3969 3 3477 3835 2 2836 4367 3 3470 3692 4
2323 2893 2 4752 4288 2 2455 3128 3 1982 1709 2 4299 5507 6
2693 2803 1 2999 3407 2 5161 5049 4 3352 4813 4 4226 4847 3
3334 2940 3 3656 3841 3 2393 2797 3 2939 3482 3 1913 3292 4
2529 2707 3 4141 3892 3 2277 2614 3 2447 4001 3 2756 3200 3
2234 2083 1 2598 4418 1 3084 4113 3 3067 3039 1 2852 3682 8
2854 3937 3 4090 3867 4 3606 3033 2 3043 4229 1 2458 3318 5
2969 3484 2 2696 3427 1 2231 5080 7 2617 2758 2 3209 2670 3
2945 2572 2 3776 4334 4 2993 2868 2 2832 2993 1 3732 4307 6
3704 2812 2 2777 3458 1 2863 2925 5 2790 4407 3 3452 3448 4
3751 4450 5 3972 4027 2 3240 2802 3 4387 3726 4 2304 3182 2
2564 3447 4 4800 4851 4 4301 4146 4 3091 4209 1 3944 3184 2
