2638 3517 0 4914 3602 1 3167 3339 1 4425 3318 3 3472 4769 0
2816 2919 0 4449 5041 4 3418 3407 0 4127 3529 2 2445 3521 1
3984 2917 1 2130 2989 1 4798 4299 2 2347 3206 1 4037 4335 2
3426 3161 4 2937 2561 0 4234 3335 0 3497 5423 0 5288 5211 3
6148 5541 5 3462 4361 4 3590 3626 0 4307 3696 1 2803 3344 0
6173 5336 3 3920 3751 2 3784 3702 0 3688 5304 1 4277 4747 2
5096 4901 4 4785 5642 0 3629 3167 1 4086 4529 1 3695 3674 3
3760 3644 4 4714 3596 1 4093 5257 2 3773 4634 5 3196 3041 1
4554 3771 3 3108 4722 1 4900 4670 3 3442 2903 2 3621 5103 0
4210 3890 1 3679 4554 0 3815 4152 1 3994 5374 2 5204 4107 0
4103 4064 1 4734 4332 2 3891 3699 0 2747 3970 2 5409 4535 2
2638 2503 1 5338 4654 3 4602 4799 1 4358 4568 1 2764 3326 1
3954 3934 1 3616 3944 1 3689 3466 0 2494 2575 3 2512 3462 1
3228 2531 0 2495 2763 0 3744 4166 0 5129 5208 3 3885 4454 0
4609 5230 2 4414 3956 5 3454 3565 1 4218 4965 1 4586 4491 3
3654 3038 2 1902 2139 0 3038 3384 1 3745 4751 0 4358 4939 2
4234 5441 2 3677 4181 0 4835 5505 2 4420 4380 2 4357 3800 1
3750 4564 1 5116 4916 0 4318 3884 3 3635 4401 3 3424 3482 1
3993 6290 1 6011 4506 2 4141 5373 3 4019 3372 1 3166 3104 1
5515 4565 1 5011 6553 2 5748 5814 1 5048 5390 3 3851 3616 1
2056 2864 0 5211 5240 2 2475 3013 3 4059 3844 4 3742 3274 2
4603 3601 2 3855 2907 0 3726 4865 0 3013 3267 0 4167 4936 2
5239 4533 4 3520 4261 1 4389 4017 2 3667 3451 0 4096 5500 2
3366 3076 1 3112 3348 1 2075 3925 3 4122 4884 4 3574 2585 1
4331 3614 1 4651 4496 4 5160 4311 3 3464 5150 4 3153 3854 3
4289 4135 2 3847 3425 0 3788 4012 2 3807 4216 3 4871 5044 1
4062 3239 1 2980 3232 0 3313 3569 1 3935 4382 2 3090 3553 2
5495 4594 0 5117 4674 2 2855 3783 2 4236 4468 1 3280 4171 1
4207 3190 1 4714 5415 4 5446 4514 0 1677 2854 2 2988 3237 0
4920 4219 0 4852 4843 1 4206 4728 1 4395 5147 1 3143 3792 1
4941 5450 0 3734 3051 0 3517 3916 2 3794 3948 1 3114 3311 1
2739 3211 1 4330 3783 1 3525 3104 0 2875 4612 2 5082 3933 0
4019 4371 1 3450 3599 0 3231 3192 2 3379 3146 2 3487 3445 0
4083 3551 1 2638 4442 1 3713 3387 1 3628 3942 1 3843 3434 2
4490 4309 3 4998 4690 3 4296 5330 1 5130 5095 6 3177 2912 0
3466 3623 4 2913 3686 0 3635 3622 1 3484 4184 0 3644 2245 1
4550 4976 5 4298 4076 1 5224 5162 3 4979 5111 2 2409 3360 1
4298 5213 3 3351 2664 1 5177 4968 1 3035 2880 0 3177 3376 0
3452 3312 2 2961 2304 3 1872 2519 1 3190 4312 1 3870 3494 1
4508 4445 0 3159 4586 1 3218 3092 1 6130 5312 0 3633 4874 0
3248 4524 2 3490 3499 1 4155 4855 1 4007 3897 1 3411 2431 0
4215 3598 1 3369 4489 1 3581 3704 1 3413 4120 1 3306 3516 1
3262 2874 0 2510 3665 1 4446 3599 0 3838 4151 1 2890 3376 1
5163 4885 1 3678 4476 0 4438 5273 4 4245 3441 0 3292 3769 2
4160 4783 0 2811 3232 1 3152 3485 2 4460 3301 0 3936 4286 2
3411 3741 1 2293 3234 0 4702 4328 2 3967 3625 1 3484 4478 0
2939 3349 1 3273 3429 2 3728 4476 5 3603 3862 3 3271 2549 3
2737 2955 0 2529 3247 0 3674 3942 0 4780 5373 2 3781 3081 1
4716 4089 3 4687 4205 0 2606 3204 1 2818 3833 3 3997 3528 2
4157 3735 1 5523 5471 2 4801 4927 1 4803 5478 2 3817 3190 2
4442 3514 3 2952 4311 1 2443 3232 2 4875 4599 0 3215 3366 3
3963 3770 1 3126 3440 2 2834 3726 0 2852 2825 3 3364 3457 0
4420 4175 1 4075 4081 2 3368 4310 1 4884 4419 1 5135 5681 1
4600 4624 0 3815 4671 1 5008 4778 1 4249 2986 0 4490 5242 4
2794 3660 1 3292 3393 1 4357 4290 2 3150 3510 2 3513 3265 0
4165 3725 1 3241 3869 0 2510 3183 2 4402 4883 2 5021 4860 0
2669 3358 0 4969 4735 4 3973 4816 2 4175 4112 4 3049 3255 2
3727 3938 3 4519 4627 1 4075 4489 0 3503 3913 1 2907 3354 1
3841 5309 0 4236 2748 2 3483 2968 1 4974 5636 0 3578 3973 0
3324 4332 3 4564 3604 3 3432 3250 1 2363 2556 3 3588 3431 1
2826 2022 0 3276 3300 1 3435 3356 2 3422 4177 2 3223 4008 2
4939 4860 2 3231 3005 2 5069 3832 2 2407 3138 2 3031 3950 0
3479 3153 2 4529 4013 0 4472 4210 0 3434 3070 1 3279 4489 1
5078 4919 2 3245 2767 4 3860 3728 2 2666 4138 2 3558 3702 1
5876 4381 2 4358 3617 2 3501 4880 0 3547 3585 0 4272 5618 0
3884 3891 2 5150 5113 1 4014 4343 3 3241 2960 0 3425 3647 1
6179 5384 5 2771 4413 1 4307 3410 2 2697 3314 4 2798 3277 0
4093 4434 3 3207 3507 0 4831 3689 1 4788 5282 2 3795 3924 1
4747 4946 1 4693 3990 2 4014 3389 0 2823 4982 1 4810 4828 1
3147 5707 3 3819 3646 4 4151 4312 4 5258 3619 3 4679 5013 2
3241 2353 1 4198 4651 2 3452 3770 1 2812 3022 0 2724 3580 1
3421 2914 2 3838 4580 4 4230 3294 4 3059 3928 0 3527 4393 3
3773 4151 0 3199 3112 0 4464 4854 2 4289 3473 4 2631 3481 0
2481 3688 1 3205 3141 1 3614 3619 0 3488 3649 0 4012 4057 3
4882 5539 6 2210 2231 1 3824 3600 0 5625 5738 1 3730 3232 0
4256 4224 0 3360 3112 0 2989 2389 3 2715 3169 0 3764 4224 1
4420 4443 4 3494 3127 2 3970 4756 2 3814 3455 1 4147 4209 2
4350 4905 1 3553 5100 3 6216 5139 3 3905 3354 0 3037 3562 2
2490 3271 1 4303 4154 0 3162 2952 4 3732 3619 4 3689 3645 0
4700 3646 0 3583 5267 2 3798 3380 0 5094 5603 2 4198 3568 1
3874 3823 1 3790 3115 1 3382 3167 1 2704 3859 3 3735 3891 1
3075 3468 0 4018 2981 3 3323 4799 1 3729 2638 1 3623 4245 1
2912 2695 1 2447 3445 0 3866 4841 2 4609 3368 1 3793 4082 2
3892 5147 2 2491 2206 0 2681 3068 0 4739 5088 3 4313 3652 1
4229 4527 1 5001 4209 1 3524 3907 0 4459 4754 1 3285 4345 2
3780 5673 3 4420 4294 1 3497 3905 0 4537 4456 2 4135 3491 1
3988 4219 1 4010 3128 1 2781 3340 2 2875 3309 1 2961 4145 3
2603 2981 1 4772 5197 3 3622 3335 1 5784 4666 2 3825 4922 0
3605 2735 2 2708 2037 1 3937 5492 3 3100 3782 0 3157 2894 2
4771 4312 5 4716 4208 0 3762 4813 1 3770 2983 2 4083 5272 0
2948 2954 2 3516 4613 3 4572 4567 4 3545 3682 1 4460 4119 2
3069 3575 1 3946 5027 1 6427 5297 2 5119 5874 1 5672 4646 4
3399 2784 2 2894 3761 0 4431 3920 1 4014 4655 0 4842 5918 2
5342 4945 1 2888 2552 1 4842 4164 1 2894 3730 2 4793 5106 2
3556 2906 2 3683 3277 2 3268 4436 3 3732 3650 1 1926 3408 1
3484 3456 2 3553 3763 2 4913 5268 1 4801 5655 1 4752 3429 2
3398 4748 1 3415 3850 3 4056 5026 2 4276 3327 1 5791 4909 6
3502 4055 3 4317 3958 1 2916 2735 0 3585 4557 1 3501 3918 3
4416 4680 1 4447 3646 0 5092 5589 3 3413 3695 1 3182 4560 0
5252 4385 1 5301 4599 0 3641 4619 2 4181 4586 0 4852 4477 2
4635 4186 4 3023 4501 0 4549 4750 1 2991 3731 0 4690 3721 3
4150 3739 3 4874 4462 2 3985 4407 1 3896 4557 0 4258 5093 1
5148 5654 1 2759 1896 0 2677 3176 2 4819 4221 2 5813 6623 1
4657 5173 2 5304 5511 1 3632 2655 1 3055 4663 0 3818 3007 0
3157 3740 1 2979 4264 5 2980 2742 2 3479 3037 2 2912 3287 0
1956 1640 1 3402 3347 1 4973 4445 3 2757 4198 1 2890 3262 1
3376 3631 0 5017 4936 2 2970 4150 2 3529 3637 1 4572 3409 2
2836 2778 1 1545 2888 2 3228 2644 0 4121 4091 3 3555 5017 3
2704 3364 0 3882 4448 0 2714 2488 1 4638 3619 2 4244 4435 2
3899 4382 1 4623 4682 2 3747 3995 4 3747 4318 0 4545 4048 0
3608 5511 0 4061 2872 0 3337 3969 2 3397 4527 3 3224 2931 1
4386 5943 4 3318 2012 0 2683 3198 2 2584 3025 2 5150 4484 0
4901 4550 1 4759 3279 1 4556 5051 3 4683 4922 3 3244 4657 2
4196 3080 2 3327 3836 0 2514 2952 2 2974 3358 3 2267 3379 2
4079 3424 2 4659 4304 1 4157 4710 2 3940 5274 4 3770 4311 2
2798 4448 2 4237 3226 2 4136 3861 2 3699 3606 0 3460 3503 3
3194 4097 1 3961 4159 0 2297 2716 1 4767 4061 2 4389 4547 1
1466 1982 0 3932 2739 1 4792 5299 1 2492 2707 0 4795 5498 2
3778 4495 1 3594 3392 4 3957 4393 1 4052 4615 2 5024 4614 1
4280 3418 0 3005 3591 1 4087 4315 1 3635 4094 1 3588 3479 2
2793 2209 2 3945 5132 3 4414 4937 3 4243 4334 1 3399 3171 1
4757 4867 2 5403 3787 1 3677 4430 2 3400 3625 0 2142 2731 1
3906 4270 2 4741 4214 1 2195 3228 2 4338 4748 3 4787 4840 4
4348 4272 0 3062 3136 2 4448 3756 1 3708 3628 0 3158 4007 3
3970 4041 0 3596 3692 1 4523 4653 0 3873 4220 0 3660 3937 2
4605 4970 4 3658 3566 3 2487 3081 3 3763 3100 2 3429 3427 2
4092 5189 1 5027 4804 2 3895 4240 0 4020 3618 0 3137 3246 2
3075 2963 1 4585 4487 0 2122 3703 3 3221 2927 2 2423 2435 1
1429 2929 2 3206 3141 0 3516 3746 1 2784 2873 1 5417 3875 2
3050 3398 1 5382 5510 4 4207 3056 0 5008 4496 0 2415 4483 2
4871 4871 6 2848 2928 0 2650 2684 1 3631 4659 1 4432 3711 1
3245 3882 2 4318 3761 1 4549 3858 2 4048 4787 5 3829 3706 0
3973 3853 2 3555 3262 2 3989 4245 1 4596 5405 1 4552 4261 1
3802 3371 0 3129 2305 0 3798 3856 0 3520 4152 2 3069 3856 4
4543 4040 4 3856 3720 1 3181 3196 1 3449 3575 0 3709 4739 4
4020 5063 3 4559 5309 3 5442 5095 4 3428 3101 0 3223 3842 0
3626 3615 0 3915 2990 0 3336 4130 1 4707 5613 0 4875 4173 2
3334 2638 1 3933 5318 3 4491 4863 3 4504 4545 3 3680 3215 2
5723 5107 2 3109 4205 1 4806 5115 3 3003 3393 2 3864 3859 0
3883 3577 2 3773 3989 1 3820 4583 3 3097 3226 0 3117 3756 1
4360 3211 0 3607 4633 3 3469 3029 1 4572 4714 2 2752 3209 0
2262 2880 0 2702 3239 0 3709 3917 4 4682 4398 2 3604 3213 0
3214 3059 1 2105 2834 1 2212 3145 1 2557 3434 2 3640 3051 1
3730 3137 1 4075 4001 4 3895 4397 1 3524 4128 0 4024 3126 1
3980 4028 2 4029 4157 1 3130 3305 1 4752 4922 0 4575 3947 3
3210 2653 0 4794 3345 3 2652 3475 2 3593 3590 1 2334 4385 0
3825 3571 0 3874 3361 1 2944 3938 3 4541 4959 0 3620 3810 2
3738 3372 1 2827 2775 1 6233 7291 3 4397 3985 3 4681 4808 1
4918 4535 1 3212 3958 1 4531 4195 1 4081 3698 1 3327 4710 2
4597 3788 5 3868 5455 3 3205 3577 2 2911 2995 2 3183 2883 0
3288 3870 4 3859 4040 4 2484 2306 1 3993 4532 3 2941 3405 2
3218 4111 3 3727 4740 2 4754 4536 1 4103 3564 0 3343 3068 1
3902 2648 1 3091 3663 1 3094 4501 2 2846 3921 3 4627 3478 0
3711 3915 1 2365 2928 1 5407 5477 2 3840 3997 2 3400 3157 1
5166 5810 2 3807 3439 3 2057 2838 0 5652 3927 4 4500 5077 2
2807 2847 1 3395 2795 3 3497 4606 1 3756 3681 1 3371 3836 4
3378 3633 2 3329 3282 1 2508 2735 1 3710 4300 0 2010 1805 2
3372 2695 1 3222 3313 3 5805 3735 0 3436 3635 1 3360 4843 3
4548 4503 1 5744 4588 5 3864 4735 2 3347 4801 1 3023 3531 0
5204 5371 3 3806 4682 0 5974 4717 3 3408 3688 1 3440 3820 1
5575 5270 1 4636 5637 2 4775 4408 1 3735 3217 1 3314 3989 1
4758 3538 1 3518 4551 0 3849 3998 1 5832 6153 2 3093 3869 1
4718 3796 0 4444 5297 4 3621 3776 1 4039 4025 1 4009 3900 1
4204 4215 1 3740 2641 0 2363 3940 2 3295 3464 0 4737 4721 2
4119 4621 1 2691 3731 4 3813 3278 2 4523 3976 4 3038 3334 1
3315 3888 1 3769 4175 0 3664 4365 4 2236 2064 0 3746 4037 2
4780 4848 2 4334 3822 1 2843 3339 2 4042 4129 2 4080 4092 3
4599 4083 1 4326 4824 0 4425 4143 0 4335 4038 2 3766 4146 1
4321 4564 2 4277 3801 0 4711 4796 1 3377 3269 0 3780 4595 3
3641 2888 0 3057 3848 2 3935 4010 1 4033 4219 1 4229 4269 1
3560 3244 1 3271 3385 1 3423 3641 0 3991 3531 1 2672 4497 2
2916 3376 1 3519 4695 4 3137 2808 1 2910 3096 1 4053 3822 0
3184 4707 0 4788 3579 2 4461 3317 3 2921 3859 1 4161 4184 1
2349 2749 0 3795 4817 0 3994 5033 1 3925 2618 2 3276 3687 1
2480 3735 0 3691 3522 1 4408 4018 1 4805 3879 1 4992 5276 1
3326 2857 2 3694 4299 1 4693 3783 0 3888 3847 1 4640 5443 2
3902 4882 1 3997 2958 1 4420 4772 1 3247 3219 2 5455 5188 0
3509 2979 0 2343 1969 0 3287 4676 1 4516 3952 2 3974 4587 2
5305 5002 2 4197 3839 1 4346 5297 3 3712 4194 1 5104 4494 1
3526 4059 3 4171 4198 3 2350 3914 3 2824 2404 0 3358 2512 1
3968 4444 0 4972 5228 2 3904 3754 3 4461 5096 2 3637 3153 4
3790 3872 6 3889 3127 2 3927 3910 5 4951 4892 4 3370 4573 1
3569 3367 0 3515 3722 2 4658 4557 2 5063 4143 0 2865 4036 1
2261 3577 3 2852 3922 3 2851 3229 3 5134 3436 5 2941 3072 0
3101 2719 0 3089 5349 3 4029 3760 2 5339 4487 0 4340 4766 1
3405 4066 0 4700 3713 1 3393 3958 1 4353 4236 3 3218 3515 1
4816 4531 2 3739 3453 2 4341 4680 3 4223 4683 0 3511 3888 0
4769 4435 0 3086 2569 2 3537 3948 1 3835 4383 0 2697 2779 0
5459 4462 1 2477 3339 1 4168 5506 2 3464 4719 2 4097 3598 3
2110 3006 1 2793 3587 1 3308 3207 0 4497 3499 4 3104 3907 3
3016 4813 0 4372 2696 2 3869 4534 0 3637 3375 1 4034 4228 2
4066 3149 2 2827 4087 1 4135 3542 0 2202 2832 2 2476 3462 2
4662 4346 0 4061 5012 3 5052 5773 0 3368 3370 0 5846 4723 1
3685 3406 0 5508 4559 1 2945 2902 1 4982 5538 2 4659 4690 3
3491 3250 1 3796 4878 2 3796 3646 1 4423 3777 2 2886 3730 2
2777 3394 1 3671 2836 0 4082 4053 3 3244 4642 0 4831 4812 2
3046 2797 1 4083 4378 1 2067 2362 0 5460 4535 1 3742 4731 0
3321 3916 3 5510 4617 0 3450 4206 4 3422 2793 1 3978 5113 2
4211 4191 0 3873 4618 1 3992 4422 1 3259 2848 0 4239 3435 2
3933 2358 2 4181 5415 1 3366 4549 0 4813 4073 1 3497 3180 0
4130 3775 0 6095 6626 5 2565 3445 0 3865 4656 0 4704 4051 0
4821 4353 1 4950 5687 0 4984 4471 1 4463 5005 4 2839 3563 0
5930 4738 3 3615 4704 0 4862 5182 0 4992 4394 1 3235 4564 1
5200 4573 4 2700 3763 1 5767 5479 3 2986 2659 1 2784 3971 2
3384 4304 1 3630 4003 2 3950 4738 0 4896 5361 0 5290 3926 0
4342 2421 1 3918 4918 2 2391 4004 2 4038 3739 0 2475 3184 2
3932 4957 0 5226 4801 1 3887 4803 3 3164 3291 1 4186 3291 2
3103 3837 0 4998 5448 1 3371 2366 3 3318 3218 0 3577 4857 1
2346 2932 0 4140 4642 2 4130 4355 1 4589 5314 0 3958 2415 0
3474 2149 0 3427 3936 2 3743 3683 2 4445 5273 1 4420 5203 1
2676 2718 3 3611 3488 2 3529 3309 0 2807 4911 2 3968 2815 4
4220 5536 3 5158 3931 3 3441 3278 2 3905 5176 3 2815 2569 2
3120 1719 0 4246 3819 2 4380 3850 0 3466 4102 1 2665 3363 2
3152 3128 1 3767 3356 1 3351 3252 1 4670 5653 2 3652 4023 2
3163 3674 1 4055 3928 2 4815 5257 1 4881 4274 0 3866 3885 0
3806 4204 0 2893 3649 1 2776 2892 1 4261 4554 3 3192 2007 0
4484 4083 0 3722 5047 2 3310 1755 0 3117 4259 2 2874 3061 3
3068 4920 2 5113 4303 2 3588 3876 3 3819 5383 0 4882 2301 0
4868 6083 2 4533 5487 3 3364 3221 1 2974 3517 2 4158 2488 1
4408 3788 0 2355 2531 2 4210 5212 3 3946 3449 0 2583 3864 0
4607 6242 3 5196 4290 4 3591 3548 1 3604 4141 2 3693 3138 4
3687 2454 0 3680 4491 3 2717 2831 1 3354 3655 2 4052 4295 2
4085 3884 3 4196 3740 0 4097 4005 3 3117 3244 0 2530 4093 1
2924 4905 0 3714 2838 3 2963 2918 3 3863 4504 2 4300 3924 2
4731 5067 5 5774 5453 2 2872 3507 2 5506 5060 3 3576 3733 0
3367 2973 0 3369 3747 1 4013 4615 1 4899 4913 2 4413 4280 2
4664 4586 1 4731 5144 2 4031 4933 3 4397 5224 3 3101 1991 0
3897 4097 3 3756 3736 3 6009 5547 0 3476 4319 2 3386 2984 2
4227 2665 3 3971 4115 4 3958 4381 0 3367 3164 3 2901 4170 1
4025 3989 0 4929 4212 4 3692 3510 2 2684 3971 1 3724 4854 1
4328 4259 0 2756 3269 2 3466 3179 3 2430 3571 1 4502 3528 2
2437 3316 2 3095 3153 1 1950 1117 0 3198 4877 6 2046 2245 0
3298 3938 3 4337 5001 0 4505 5415 2 4854 5069 0 5142 3521 0
4623 3458 3 3313 3642 1 3030 4019 0 4210 3974 1 2690 3479 0
4419 4161 3 3835 3774 2 3680 3851 0 3951 3826 6 3528 3669 2
3981 5422 2 5510 3836 3 6226 5661 0 2329 3882 1 4905 5025 1
3434 4048 2 3944 3159 0 4628 4648 1 3079 3600 1 5318 5181 0
4474 4867 4 4986 4522 1 2843 3174 2 3289 3066 1 1297 2749 1
3818 3393 0 5083 4612 2 3240 3717 2 2487 3345 1 3234 2695 3
3347 4015 4 2841 2971 0 2645 3725 0 3052 2469 2 2843 2519 3
3047 3831 0 5043 4301 0 5420 6260 2 3615 2819 0 5109 6032 2
2815 3523 1 3683 4015 1 4842 4882 2 4170 3478 1 4440 4126 0
3941 3657 1 4043 4922 1 4611 5900 4 4695 4443 0 4949 4612 2
2786 4616 6 4172 3885 1 2872 2916 1 4140 3326 1 2493 3037 2
3623 3018 0 2987 4008 1 3242 2830 0 3834 3791 8 3459 3639 2
3475 4753 1 5953 5107 3 2971 3657 1 4126 2675 0 2917 3560 4
2011 2780 2 4138 4041 3 3851 4277 2 4776 4291 1 4321 3518 0
5587 5438 1 3209 4429 1 2896 2578 2 2258 2734 0 3977 3880 0
3037 5245 1 3786 3815 3 3911 3415 0 4666 3972 4 4240 4568 1
5707 4558 1 4767 5647 0 4564 4129 0 3163 3530 2 2428 3186 1
2212 3207 0 3121 4253 0 3327 3713 2 3964 4398 1 5131 2836 3
3554 3604 1 4841 3592 0 5161 6044 2 3409 3744 0 3544 3985 1
2321 2516 0 3341 3953 1 3322 2414 0 5253 4874 5 3191 4041 1
2639 2562 1 3797 4207 1 5346 6453 0 4312 4389 1 4620 4323 4
2540 3317 0 2756 3072 3 3135 3353 2 4319 3839 3 3137 3079 4
3490 3035 1 5228 4595 0 3992 4634 1 4476 4193 2 1975 3938 2
3506 3465 0 5418 4735 3 3553 3104 1 3624 4054 2 3439 3990 1
6096 5336 1 2626 3420 1 3410 4963 2 4281 3721 1 3753 3245 1
3082 3141 1 2757 3670 2 4492 3922 1 3775 4563 1 3078 3468 1
3334 3062 0 2481 2289 0 3122 3254 1 2821 4552 2 5271 5356 4
3491 3716 2 3980 3687 1 3123 2993 3 3431 4613 1 2515 3295 2
3543 2401 0 3353 3198 0 3074 4451 6 3051 2866 0 2870 3827 1
3366 4225 2 4790 4900 3 3802 3622 1 3096 3119 2 2538 3152 0
2960 2848 1 3787 4423 2 4990 4457 4 5036 4651 3 3344 3243 0
2217 2407 0 4192 4754 1 4147 3894 0 3913 3808 2 3629 4701 1
4166 3551 2 3634 3918 1 2504 3189 2 3327 4571 3 3365 3733 0
3390 4105 0 5157 3877 3 5067 5242 2 3040 3572 1 2853 3481 2
4316 4567 3 4099 3061 1 4006 4423 3 4500 3861 4 1880 3084 1
3781 3317 1 4223 4848 0 4617 5400 3 4122 4073 2 3993 3493 3
3721 4894 2 3844 3854 1 2825 2706 1 3473 4205 5 5666 5099 3
5258 5145 5 3123 4336 4 3101 3115 1 3494 2433 0 2312 3756 1
3590 4078 3 4604 4304 2 3538 4788 4 3616 2986 2 2872 3407 1
1867 2270 0 3949 3237 2 1735 4108 2 3898 4178 1 2827 2105 1
4023 4127 1 3284 3628 1 4172 4839 2 2602 2366 2 3618 3519 2
5641 6316 6 5272 5437 4 2612 4290 3 2830 1954 0 3020 2496 1
3382 2133 3 2270 2611 2 3258 3266 2 2843 3309 0 2038 3213 2
4442 6222 2 5308 4609 0 4666 3954 1 5515 4790 2 2813 3636 1
3368 4095 0 3764 4926 1 5388 4402 2 3527 4365 4 4505 3248 1
4139 4539 6 4733 6002 5 4033 3398 1 4138 4262 2 4214 3927 1
5018 6320 4 3617 4126 1 4313 4160 0 4318 3281 1 4173 4020 1
5672 5046 0 2658 4215 0 4933 5174 5 4070 3847 0 3640 2858 0
3870 4253 4 4466 4652 0 2518 3546 2 5487 4260 3 3237 3571 0
3328 3279 2 3864 3791 2 3718 5032 2 3970 4182 1 4310 3555 3
3569 5588 3 3731 4702 1 3128 2145 2 1220 1155 0 3556 3165 3
4325 4475 1 4068 4694 4 3869 3694 1 4746 4283 2 3733 4141 1
3236 3206 3 2100 1695 0 2617 2757 4 2535 3367 3 2533 3623 3
5049 5875 3 3312 4573 4 3245 3538 2 4320 3117 0 4799 4796 2
3497 3476 0 3064 3288 1 4248 3818 0 3339 3512 2 2747 3526 3
4528 4827 2 3488 3648 1 3471 3920 0 3377 3862 2 3015 2550 1
6972 5851 4 4122 3716 1 4017 4358 0 3508 4496 0 3141 3533 0
3412 2900 2 4808 6419 4 2852 3020 1 3608 3414 0 4009 3845 2
2479 3465 3 4133 3296 1 3368 3754 3 3191 3491 1 3675 3186 2
2859 3940 2 3050 3704 1 4602 3338 2 3677 4081 2 4332 4169 1
4248 4394 0 3664 4908 3 4741 4612 2 3760 2912 2 3953 3883 1
3535 4133 3 3365 3021 1 3574 3805 3 3516 3483 2 5298 5123 3
2578 2349 1 3331 3433 1 4174 4244 0 3760 4886 2 3705 3577 2
4569 4215 2 4330 3819 1 4019 3940 1 3505 4235 1 4437 5105 1
2613 2453 0 4490 4731 2 2845 2988 0 4832 4671 3 5242 5411 4
2677 2776 1 3333 2937 1 3719 3920 6 1805 2004 0 3644 4285 3
4490 4333 3 3121 2657 1 3093 4501 2 4889 3778 1 4153 5291 3
2058 2243 1 2836 3107 4 3986 4507 0 3788 3159 1 2804 3421 2
4557 4253 3 4052 3848 1 3085 3729 2 4807 4112 2 3660 4930 0
2422 3025 1 3637 3364 0 5960 5883 4 4217 3884 2 2638 3415 3
5179 5206 7 3337 4431 3 3895 3626 1 3358 3072 1 3050 2661 4
2618 3303 0 2475 2410 1 4247 5957 1 4864 3759 1 3279 3408 3
1272 2366 0 2606 2429 0 2836 3065 6 3504 3226 2 3184 3581 0
4391 4145 1 3035 3299 0 2960 3415 2 3781 3330 2 2849 3833 2
4618 3775 1 3690 4355 0 4152 3960 2 2695 3753 0 4169 4337 1
3862 3712 1 3505 3320 1 4032 3901 0 3955 4162 3 2225 4461 5
2684 3441 1 1718 2401 1 3737 3160 1 2831 3249 1 2893 2988 2
2629 2876 4 4652 4566 2 3260 3230 0 3992 4427 0 5050 4839 4
3257 2835 1 3064 3674 1 4996 4340 1 3401 3867 1 5085 5154 1
3275 3320 2 4805 5807 5 3223 3009 3 3399 3774 0 3467 3234 1
3927 4340 2 3366 4688 3 2606 1744 1 3689 4059 2 3437 3212 0
2780 3758 1 4925 4272 2 4167 4846 4 4552 5024 3 2791 2338 0
3166 2847 0 3334 3224 0 3072 3795 1 4611 5338 4 3348 3408 2
2869 2427 3 4416 5187 1 1845 3179 1 3723 3277 2 4266 4591 2
4504 4947 0 3094 3013 1 3606 4460 0 3717 5230 4 4493 3201 1
3184 3140 2 5263 4347 3 3839 4745 1 3281 3798 0 2538 2527 0
3127 3680 5 4223 4561 3 4557 4949 1 2354 2561 3 3830 3630 0
4176 3820 1 4191 4264 2 4991 4268 0 2306 2247 0 2468 4146 4
4465 3856 3 4050 4256 1 2768 4067 1 3453 3657 2 5392 3983 5
4479 4702 1 1938 2508 0 6357 6099 1 4617 5363 2 3308 3514 1
3311 2803 1 2997 3052 2 3983 3432 1 2710 2859 1 3419 4835 1
3520 4290 3 2582 2558 1 3338 2504 1 3109 3714 0 4871 4802 0
3395 3114 0 3926 3495 0 2983 3557 0 3683 3537 2 3898 5457 2
3509 3740 1 3110 2875 0 5575 5857 2 3731 4616 2 3734 3000 1
2706 4463 1 4530 4426 0 4489 4027 1 4719 5208 5 4611 3708 3
5017 3521 0 3104 4216 1 3086 2857 0 3779 3477 0 3622 5080 2
2803 3682 2 3601 3466 1 4684 4511 3 3890 2918 0 3029 4662 3
2746 2644 0 3825 3857 0 3849 4097 1 3916 5889 2 4407 3059 1
4759 5000 2 3657 3837 0 2715 3535 2 4153 2854 0 3889 3707 1
2491 3799 1 3308 3371 0 4975 3918 2 3092 3667 2 3113 3301 2
3302 3514 3 4050 4356 2 3407 3363 1 5027 4996 4 4667 5590 3
4230 5012 2 2416 2764 0 3547 4388 4 4326 4336 1 4470 3699 1
3328 5018 2 4502 4069 2 4717 4742 2 2492 2144 1 4434 4565 2
3357 3389 1 4578 5325 3 4307 3440 0 2688 2772 1 4808 5018 2
3053 3670 0 3925 3528 1 4428 3737 1 3665 3079 1 3991 4766 2
3510 3599 1 3897 3820 1 3089 4497 3 3956 3086 0 4679 5145 2
4889 4624 2 5210 5039 3 5193 6050 2 4706 5277 2 2484 2683 1
3349 3239 1 5055 4656 4 5394 6538 5 3202 3447 1 3513 3627 1
3694 4239 1 2275 3870 1 2410 3030 2 4368 3256 1 3008 2747 3
3835 3543 0 3439 4669 1 2857 1949 0 2330 3008 3 3980 4006 4
4603 4084 2 4246 4172 1 2872 3259 2 2917 3432 0 3253 4050 2
2667 3773 2 3091 2848 0 4271 4028 3 4154 3938 2 2813 3474 1
4079 4850 3 5860 6219 3 4156 4191 1 2976 2659 2 4973 4750 2
2425 2287 1 2138 2879 1 3362 4136 0 4448 3354 2 3899 5338 5
3446 3117 0 3615 3118 3 4531 6123 0 4337 5409 1 5220 4405 1
4584 4367 3 6378 5407 4 4640 5674 2 3998 4427 2 2626 3640 4
3415 4960 4 4653 3231 1 2706 4284 1 3862 3763 2 3125 2784 2
4480 3911 4 4180 4400 2 3059 4988 7 3895 4419 4 4511 3938 2
4734 4543 3 4226 3198 1 4224 4736 1 4470 4654 3 2539 4514 0
4187 4625 1 4114 3228 0 3470 2954 0 4029 4782 3 2994 3941 1
3867 3429 1 2828 3174 1 2625 3606 2 3437 3239 1 3934 3851 0
3941 3690 2 4396 4941 2 4011 4044 2 4571 4472 3 4509 4783 2
4429 3442 2 5185 5313 1 4455 4991 1 3883 4091 1 3516 4276 2
4239 5402 4 2605 3436 0 3576 3798 0 4278 3512 2 4018 3514 2
3086 2768 1 4613 4591 1 4482 4741 0 3659 4845 3 3297 3152 0
2774 2641 1 5491 4345 1 4246 4414 1 2620 4360 3 3453 3649 2
5944 6001 3 5584 5302 1 3735 3735 0 4656 4401 1 4212 5011 0
4387 3557 0 3318 4634 4 2385 3556 1 3667 2462 1 1684 2180 1
4285 5694 1 3294 3313 0 5350 4829 3 4865 4580 2 3933 3750 1
4653 4580 1 4393 4466 1 5906 5946 3 4515 4455 1 4443 4285 2
3164 5001 0 3692 4303 0 3569 3440 3 3252 2829 1 3775 2561 2
4462 4098 4 3233 3889 2 3727 5258 2 3309 3410 1 3508 3307 2
4628 3930 2 4078 4205 0 4642 5396 3 2660 2267 0 3559 3708 1
3807 3268 1 3364 3034 2 4556 5889 2 3276 3694 0 3868 3675 1
3128 2638 0 4846 4088 4 2715 4198 0 2905 3172 3 3113 3627 1
3389 3123 2 4697 3939 4 2202 3632 3 3124 3885 1 2773 2677 1
5774 5564 3 3893 4468 2 2162 2809 0 5206 5313 0 4330 4110 1
2899 3458 3 3966 2742 2 2571 3163 2 3587 4761 2 3425 3196 1
3519 3998 5 3065 2559 0 2899 3310 1 2965 3108 3 3712 4292 2
2657 3714 1 2708 2897 0 3080 3332 0 3992 3033 1 3850 4247 4
4054 4437 1 3371 3848 0 3960 3802 2 4890 4919 2 3668 3128 2
2537 2759 1 3902 4349 5 3585 2305 0 4238 4401 1 3110 3449 1
3999 4143 4 2427 2799 1 3957 3730 1 2410 3180 1 3685 3591 2
4604 4445 0 2445 3657 1 3777 4133 1 4513 5105 3 5044 4034 3
2020 3570 0 2803 3725 0 6644 5664 3 4253 4546 1 3858 3461 1
2670 2800 1 4592 3489 0 3562 3497 1 3411 5742 1 3501 3511 2
4301 5269 3 3120 4556 0 3794 3147 0 4762 5024 0 4018 3088 1
3510 4321 2 5480 5853 3 3910 4243 0 3456 3213 0 4373 3898 0
3907 4123 1 3283 3179 0 3830 3694 1 3852 3702 1 2818 3327 5
4335 4615 2 3795 4184 2 2300 2957 1 4513 4460 1 3735 3357 1
3999 5032 3 4047 4143 4 3454 3198 1 3683 2964 2 4182 3948 4
3473 4086 4 3689 4480 4 2986 3328 0 4000 3196 0 4736 4328 1
3901 4771 4 4184 4475 1 4371 4544 2 3809 4135 1 4199 3792 1
4904 4334 2 5031 4761 1 3402 3280 2 3656 4368 0 3846 5076 2
4084 5815 2 3802 2867 1 4883 3535 2 4551 3737 1 1696 2844 0
1746 3548 1 4078 4312 3 2056 2766 0 2903 3250 2 3786 2529 2
3544 4260 1 3330 3516 0 2962 2830 0 3989 4535 0 2897 3128 2
5322 4357 1 4858 5075 1 4176 4982 0 5295 4177 1 2744 4411 0
4542 4765 3 5840 5467 4 2896 3350 2 3124 4262 2 3279 3424 0
4015 4476 4 2618 3142 3 4665 4558 2 2825 3823 2 4757 3790 1
4742 5217 0 4507 5086 4 4036 3608 1 3652 4696 2 5156 3635 3
2964 3279 1 3771 4484 3 4175 3342 1 4211 4241 2 3438 3697 0
2656 2220 2 3651 3993 2 2857 3127 0 2968 3242 0 4527 5119 1
3491 3268 2 3648 3493 3 2857 3748 3 3718 4558 2 3192 3518 0
4182 4304 2 3139 5144 2 2490 1983 0 3588 2502 1 3284 3090 3
2684 1805 1 4382 4672 1 4127 4701 3 4414 4659 8 1812 2516 1
5799 3419 2 1865 2638 1 2744 4766 1 4474 5208 1 3076 3056 3
3674 4919 2 4363 5284 3 2535 2693 2 3553 3723 3 3133 2729 0
4535 3767 1 4816 4598 3 4031 4214 1 2877 4281 1 2272 2577 0
4177 5317 3 3904 3315 3 2931 2200 0 4188 3300 2 2905 4960 1
1927 3137 1 3192 3626 2 3233 2553 0 4341 3803 2 3772 3498 1
2889 2399 1 4886 4619 3 3331 4157 3 2725 3122 3 4621 6171 5
4060 4642 3 1549 2325 2 2564 3468 1 3670 3570 2 3067 2323 2
2093 2975 5 2344 2811 1 3330 2985 1 1985 2356 2 2548 2714 2
4398 4008 1 4057 4666 0 3612 4370 1 3183 3520 0 3817 3102 2
4071 4388 5 4399 3135 1 2792 2716 2 2658 3687 2 4107 4977 3
3913 4263 1 4024 4749 1 3296 3464 0 3700 3739 0 5444 5338 1
3954 4283 5 5134 5022 3 3646 4110 1 4059 4225 2 3638 3448 2
5054 3846 1 2829 2513 1 5149 5089 3 3438 3568 1 3180 4479 0
4235 5295 0 4548 4826 3 3581 2755 0 4641 4025 2 4677 4636 0
5351 5191 5 5684 6467 4 3632 3724 1 3641 4640 0 3167 2360 0
3782 4669 2 4998 2626 1 4657 5034 1 2201 2635 0 3624 4705 3
4286 3772 0 3212 2835 1 3752 3578 0 2682 3500 1 3507 3661 2
4950 4347 1 3313 3117 1 3974 4823 1 2656 3336 0 3913 4367 1
3593 3957 3 3739 4279 1 3498 2646 0 4157 3913 3 2650 3898 2
4586 4795 6 2036 2804 2 3062 3244 4 4130 3377 2 2358 2502 0
2859 3496 0 5160 5675 2 4147 3424 1 4206 5732 1 3601 2701 2
2526 4295 1 4385 3350 0 4782 5451 2 4925 3849 1 4306 4376 3
4858 3866 1 2834 3167 0 5268 4874 3 3132 4400 1 5002 4980 1
3081 2704 0 2574 2518 0 3692 3447 0 5165 4208 1 3507 4894 2
2849 4586 1 3912 2995 0 3862 4131 0 3279 3245 2 4558 4256 1
4371 4058 1 4518 3330 0 3233 3248 1 2907 3345 3 4451 5046 2
3794 3307 1 3471 2646 0 4067 4265 1 2580 2862 0 3407 4969 2
4890 4571 2 4468 3774 1 3935 5040 0 3883 4239 1 3005 3465 3
2471 3151 2 3295 3342 0 4513 5435 1 2891 2448 3 4104 3927 1
3999 3790 3 4321 2725 2 3631 3511 2 4015 4620 2 3386 5009 2
3431 3622 3 3438 2388 1 3911 4515 2 3224 4054 6 2163 2996 0
5174 4448 3 5333 5424 3 4434 3540 2 3172 3783 2 4202 5061 1
3732 4448 1 3265 3350 2 3091 3647 2 2414 2029 0 4063 4178 4
3386 3282 0 4625 5051 3 3556 2277 0 4392 4698 1 3486 4324 1
3669 3604 1 4349 4905 2 5399 6071 5 3738 3072 1 3923 3837 0
4055 3842 0 2583 3283 1 4299 4692 1 2923 3722 1 4122 4641 2
3676 4601 2 2911 3773 1 3426 3887 3 3648 3342 1 3046 2550 0
3091 3174 0 4693 5137 0 3815 3742 0 3033 3803 2 4504 3668 1
3383 3890 1 3394 3280 0 5065 5194 3 3929 3901 1 3287 3575 0
2549 3281 1 5065 4238 4 3816 4537 3 4005 3687 0 3314 4015 2
6234 4524 3 2840 2489 0 4281 3932 1 3350 4683 0 2997 4944 2
2815 2878 3 3406 4168 2 3654 2979 1 2897 3601 3 3898 4190 2
4818 3331 1 1972 2000 1 3386 3431 1 4626 5102 1 4368 5135 3
3180 2567 1 2987 3230 2 2570 2745 0 4297 3733 1 3181 4325 1
2693 3829 2 4169 3126 0 4905 4861 2 5001 4458 3 3369 4100 1
2694 2662 0 3712 4457 2 2958 4081 2 2650 1670 0 2902 3865 1
2388 3309 3 4922 3681 2 4924 4698 3 3453 4237 5 3006 2580 0
4032 4235 0 3624 3973 1 2519 3620 2 4137 4611 2 4157 3731 0
3892 3350 0 4167 5293 3 4976 4492 2 2640 3836 2 5536 5215 4
3562 3304 0 4801 4392 1 3312 3933 2 3041 3309 0 2442 2394 1
3523 3753 2 3548 2457 1 5741 4180 1 4023 5002 2 3141 4670 3
4825 4968 3 3267 3900 1 4386 3058 1 2254 3039 2 3317 3693 2
2942 3834 2 3199 3457 1 3719 4553 0 3471 3258 2 2745 2452 2
4529 4246 3 3317 2399 0 3554 3905 0 3844 4989 1 4354 4518 2
3434 4157 0 3448 4100 3 2393 2255 3 4357 2958 3 2993 3860 0
3030 3467 0 3499 2747 0 2901 2832 0 5284 5228 1 4665 5354 1
3077 3254 2 4471 4882 2 3714 4132 0 2886 4137 2 4727 3466 1
2624 3557 0 3381 4156 1 4639 4368 2 3226 3116 1 2562 2900 2
5449 5498 0 4216 5020 0 5353 5121 3 4777 5140 2 4680 3692 1
2033 3899 3 4382 5189 2 2293 1883 1 3677 3232 2 4032 4048 2
2309 3466 1 4471 3693 1 3546 3698 3 4712 5259 4 2720 2920 0
4442 5321 4 5432 5038 2 3832 3378 1 2952 3067 1 4427 4826 1
3687 4105 4 4815 3559 2 4221 3752 4 3507 4219 1 2459 3906 1
2144 2288 0 3668 2667 0 3337 3408 3 2033 2191 1 3007 4582 2
3323 2954 1 4931 3914 1 3508 4264 1 3383 4549 1 4355 4055 2
3648 4711 3 5156 4657 2 3577 3498 4 4019 4454 2 3055 2817 1
2801 3389 1 3272 3110 3 2561 2728 1 3844 3810 3 4613 5357 1
3604 4657 3 2750 3655 1 3113 2625 1 5132 3360 0 3743 4551 3
3130 3125 1 3398 2723 0 2777 3370 1 3000 4657 2 4728 4658 4
3337 3301 3 4444 4672 0 3480 4352 2 2524 1441 1 3597 3965 0
4179 4418 4 2890 3839 1 3123 3710 0 3592 3388 2 4077 3141 0
1960 3096 2 3130 4192 2 4698 4105 1 3799 3527 1 4377 4432 3
3353 3157 1 4678 4311 4 3798 4653 2 3648 2955 0 2754 2832 2
4268 5252 2 3981 3282 1 4549 4855 3 5210 5401 5 3481 3379 0
5275 4921 3 5034 4065 0 3190 4133 1 4705 4581 2 4023 3806 1
4583 3954 4 4530 5365 2 4092 2780 1 2151 3832 3 3663 3936 1
4062 3000 2 4594 4216 1 2033 2901 1 3962 3109 2 3039 3152 1
3927 4542 0 4373 4362 2 4879 4061 0 4758 5055 1 3004 3200 1
2746 3589 1 3422 6288 3 3160 3330 0 5156 3136 1 2408 1760 3
5125 5187 0 4902 5583 1 3286 2895 0 4934 5157 4 3123 3461 1
5069 3856 3 3465 3248 1 4829 5141 2 4226 5172 2 3667 3729 0
3209 4024 1 3034 3719 1 3723 2726 0 4825 3914 2 2607 3816 2
3638 3162 1 3754 4105 2 3610 2591 0 2460 3090 3 2901 3599 1
3823 2621 1 1852 2814 0 2898 4244 2 2914 3230 5 2043 2003 1
3560 3105 1 2664 3436 2 4916 4905 3 2857 2961 1 4074 4158 0
2689 2274 0 3457 5505 1 4127 4934 3 3767 2919 0 3165 3595 0
3506 3823 3 3744 4021 0 3971 3049 0 3404 4162 1 3061 3053 1
5522 4728 2 3860 3588 0 6568 6219 4 3274 5620 5 3992 4126 1
2696 2701 2 3620 3838 4 3637 4471 3 3680 3145 0 4002 3640 2
2628 3314 1 3744 3767 2 2045 2439 2 2787 2305 2 3451 3371 2
3307 3113 0 4734 4761 2 2899 3708 0 2999 2536 1 4352 4948 4
4840 4755 1 3357 2412 1 4015 4733 3 5397 6571 3 4379 4289 0
2821 2282 0 3305 3139 3 4002 4925 1 3581 4451 3 4881 4835 3
4861 4033 3 4280 3993 2 3580 4630 0 3140 3927 0 2555 2547 1
3245 3890 2 4877 4459 1 3975 2863 1 2700 4510 0 4501 4538 2
3197 2769 0 5659 5362 2 3739 6119 2 3174 3768 1 3836 3131 0
3550 3196 1 4091 3290 1 3666 4791 1 3973 3482 0 2168 3558 1
3944 5012 1 5002 4579 2 2886 3745 3 2865 3730 2 5582 4721 0
3825 3655 1 3749 3316 3 4212 4183 1 3158 2794 0 3278 3686 1
3589 3256 1 3685 4375 1 6393 5053 1 3601 5859 1 3362 3292 0
4221 4304 5 2954 3664 2 3348 3724 1 4729 4361 2 3807 4015 3
3248 3182 0 4557 4002 1 4295 3815 2 2831 3138 0 4524 5416 4
3329 3022 1 4646 4816 1 3469 3804 2 2677 3207 2 3444 3537 3
5344 5461 1 3386 4382 2 3624 3488 1 4776 4437 0 4207 4190 0
3721 3668 1 3883 3395 2 3292 3216 0 3889 4688 4 3884 4330 2
4117 3493 0 4565 5096 3 3962 4089 1 3710 4419 2 3763 4263 3
4789 3978 2 4085 5109 1 4879 3496 0 3974 5397 5 3014 2548 0
4042 3788 1 2809 3640 0 3056 3450 0 4226 4159 1 3786 3116 6
3808 4000 0 4020 4776 1 3826 4077 2 4540 3944 4 3105 4120 4
2963 2735 0 2229 2131 3 2021 2477 2 3597 4582 0 3270 3562 0
3921 3866 1 1854 2775 2 3799 3146 3 3885 4264 5 2749 2435 1
3321 3448 0 5224 5609 1 4319 4823 2 4448 4266 3 3731 3638 1
3289 3704 2 3978 3498 0 4482 4444 2 4786 4946 0 4419 4698 3
2905 3878 4 3610 3363 2 3554 3340 0 3452 3364 4 3248 3374 0
2377 2875 0 4622 4050 1 3381 4287 1 3439 3813 1 3776 3440 0
3787 4062 2 2944 3714 1 3929 4112 2 4370 4256 2 3639 3359 2
3759 2689 0 3697 4604 0 3718 3800 2 2863 2727 1 3748 4796 2
3265 2713 0 4519 3283 3 3564 3880 0 3498 3820 2 3410 5093 2
4484 4518 5 3057 3907 2 3732 4176 0 2582 3213 1 2724 2444 0
2690 3281 3 3095 3013 3 2706 3328 3 3845 3331 1 2746 3345 0
3903 4222 2 5789 4292 1 3903 3920 2 4929 5253 4 4445 4683 1
3773 3874 1 3224 3015 1 2858 4861 3 5623 3647 0 3341 4313 0
3712 3921 0 3677 3264 1 3596 4466 1 4235 4642 3 4100 4140 1
3461 5111 2 3375 3222 2 4780 4533 1 3325 2838 3 3979 4010 0
2703 2654 0 2426 2748 1 3441 3912 1 2818 3969 4 2677 2173 2
3824 5414 2 3703 3049 0 2688 3106 0 4133 3785 3 4626 4192 1
3695 4916 6 2592 3071 0 3823 2801 0 4826 4887 3 1856 3027 3
4181 5087 4 4528 3995 3 4524 4271 2 3505 3617 1 2798 3114 0
4898 5695 3 4287 3622 2 1911 3077 1 2873 3917 1 4104 3324 2
4185 3303 2 2697 3478 1 3770 2475 1 4387 6323 2 3034 2990 2
3766 4164 3 2676 1916 0 2252 3464 1 3096 2992 2 3447 3981 2
4048 3564 0 2967 2853 0 2114 3530 2 4197 5323 2 4405 3723 2
3478 4681 1 5272 5710 2 2836 3706 0 3854 2948 1 3180 2484 1
2588 2988 1 3884 3034 0 3339 5445 1 3023 3029 1 6292 5983 2
3834 4054 3 5122 4841 3 3552 4087 3 4080 3328 2 3092 4345 3
3596 4213 0 4297 5958 4 4338 2287 0 2608 3981 1 5286 4277 1
3847 3730 0 3440 3841 2 4054 4382 6 2745 2522 2 4518 4634 1
4186 4286 4 3461 3137 1 4733 4499 3 3639 4810 3 3309 3627 0
4564 3802 0 4054 3578 1 4914 4878 3 3730 5546 2 3271 3325 0
4526 4396 4 4165 4645 3 4907 4577 1 4251 3681 1 2728 3848 1
3392 5141 2 3879 3737 2 3118 3488 0 4604 3735 2 3176 3210 1
3057 3835 2 4847 4861 1 3622 4003 0 4622 4597 2 5047 4371 1
4444 3817 1 3818 5647 4 3435 3813 2 4545 3924 0 2038 2221 0
3437 4720 2 3339 2391 2 4330 4620 1 5373 4065 4 3011 3972 1
3023 3636 2 4619 4644 2 3473 4686 1 5239 4244 5 3927 3861 1
4910 3292 3 3507 3586 1 3162 3730 1 4806 5564 3 3833 4062 1
3098 2754 1 2946 3434 2 3085 3498 1 3278 3222 1 3418 3383 5
4281 4543 4 3424 3054 2 3944 3544 1 4068 4253 1 4018 4936 2
3164 3258 3 3837 3967 0 1918 2864 1 3660 4078 1 4307 3958 0
4015 4819 3 3303 2742 1 3589 4512 4 3348 3811 2 3898 3315 4
4682 4338 3 4177 5383 2 4497 5186 1 4635 4584 1 2751 2673 0
3649 4113 0 4063 2837 3 4574 4875 2 3219 4505 1 4108 3934 2
3579 3009 1 4209 3755 1 3356 4055 1 4183 4887 1 4601 5188 1
3734 3615 5 2915 2841 0 3545 3039 1 3386 4233 1 3916 3271 1
2806 3437 0 4294 3931 2 4082 4697 3 4147 4435 4 5176 4793 2
3089 3718 4 3072 3163 0 2124 2594 1 3061 3801 4 3474 2810 0
3703 4162 2 3337 2890 2 3430 3523 0 4467 3337 1 2174 3864 3
4553 4812 1 4694 3705 0 2808 2935 0 3237 3853 1 3231 3416 4
4510 4104 4 3213 3778 1 4425 6120 4 4258 3195 1 4755 4199 1
1941 2694 1 3809 3788 2 4512 4384 0 4192 4745 6 3448 3182 0
3207 3208 0 3909 3367 0 3131 5173 3 5358 5373 0 3840 2647 0
2997 3404 4 3334 2597 1 2320 3385 0 1684 2449 2 3950 3021 1
3091 3320 0 3702 4496 0 3849 2977 1 4541 5919 4 4362 2877 1
3765 4583 4 2967 3427 2 4956 3975 5 2917 2947 0 2465 2798 2
4030 3962 3 2602 2688 0 2237 2649 1 3406 2776 1 4748 5150 3
5081 3885 5 3232 3225 1 3794 4840 3 4395 4491 1 3691 3782 1
2325 3042 1 2590 3734 3 3798 2928 1 2991 4007 3 3972 2287 0
3819 3734 0 3129 3501 2 4571 3715 1 4440 4533 2 5082 6309 3
4091 3765 2 3691 4801 4 5259 5033 4 2957 3113 1 2725 3235 1
2762 3443 2 4657 5356 1 3895 4459 1 1843 2410 2 4966 3820 1
3647 3439 0 3113 3478 2 3698 3657 0 3277 2904 0 3087 4089 2
4066 2978 1 3534 3021 1 4252 5216 3 2604 2939 2 3814 4416 1
4591 3586 1 3542 3534 1 3015 3867 2 2683 3452 2 2715 3401 1
5130 3773 3 4179 5585 2 4417 3896 0 3881 3615 3 2552 2596 0
3930 2646 2 2389 2220 1 2979 4037 4 3225 3405 1 2901 4033 2
3567 4784 5 3474 2974 0 3931 3260 3 4946 5786 3 3755 4142 0
3811 3781 2 3605 5037 4 4174 4211 1 3987 3979 0 3836 3942 0
4115 4246 4 4375 4633 3 3534 4293 3 3274 4185 0 4883 3910 1
3329 3509 2 3923 3716 2 3426 3582 4 4308 4255 2 4249 5643 1
3883 5249 3 5984 6655 5 5648 5209 1 3742 3436 2 3749 3738 3
3772 4704 3 5166 4328 0 3409 3118 0 3997 3726 2 2705 3465 1
6857 5852 3 3406 4822 1 4001 3686 1 3287 3211 1 3172 3276 1
4559 5268 2 5063 4648 2 3992 4904 0 3968 3998 3 6098 5531 0
4523 4433 0 4853 4841 2 3533 3711 2 3711 4543 1 3224 2807 0
4217 5449 2 4963 4714 2 5320 5428 2 5103 4509 3 3776 3481 1
3622 3827 0 4157 5032 1 4946 4590 6 3360 3307 0 3762 3554 0
4042 4127 2 3551 2641 1 4461 2963 0 3087 4781 2 3929 4415 1
4018 3380 1 3697 4055 0 3291 2753 1 4684 5804 0 3640 4526 1
3122 3526 0 4046 3389 3 3526 3699 2 2840 3580 0 5580 4817 0
5543 6607 3 3930 4150 1 4339 3855 2 3335 3715 1 4838 4701 2
4198 3954 2 3813 4211 2 4871 3865 3 3246 3660 1 3464 4002 1
5081 3862 4 2966 3138 1 2639 2620 0 2666 3410 2 3348 4558 3
4311 4076 1 2951 2592 1 2840 2808 0 4069 5296 5 3362 3828 1
3832 3718 1 2427 2417 1 3168 3883 1 3967 3499 2 3439 4842 1
3704 3319 3 4452 2845 0 2454 3346 0 4255 4889 1 3110 4257 1
3425 2964 1 3871 3583 0 4939 5453 3 5475 6063 0 2826 2596 0
4352 4489 2 4301 3765 0 4310 5162 2 5128 4567 0 4592 5224 1
2056 3030 1 3043 4151 1 4030 3842 1 4681 3352 1 3613 4134 0
4406 4539 1 4408 5288 3 4985 4184 2 3182 2976 0 4034 4072 3
3212 3192 0 3161 3661 0 5339 3847 1 4234 5307 1 2956 3688 2
4440 5589 1 4171 2949 1 3819 4365 1 4581 4288 1 2775 2859 0
4267 4109 0 3521 4451 2 4537 4454 1 3356 3159 4 4676 3917 1
4162 4017 2 5203 5031 1 3509 4003 0 5379 4680 1 3323 4464 0
5050 5534 4 4924 4562 0 2958 3619 1 5134 4754 0 3176 4009 1
5102 5844 2 4123 4638 2 3967 3655 1 3519 4819 2 3824 3282 1
5323 4973 3 4150 3892 3 3756 3242 1 3332 5095 2 3199 3929 1
3490 3679 1 3145 4549 1 4472 4317 3 4392 3980 0 3704 3616 0
3609 3652 0 4248 4955 5 3592 3009 2 3920 3776 2 2937 3855 0
4210 3891 0 2993 2840 0 5682 6080 3 3458 3917 0 3862 3915 0
4315 4792 4 3410 2884 1 3670 4908 2 4255 3969 3 2778 3178 1
4519 4802 7 5122 4500 1 3973 4346 1 3368 3327 0 4394 4626 2
4606 2929 2 4343 5240 2 4200 4576 0 2323 4213 3 3262 3082 0
4802 3980 1 3819 3055 2 3785 3972 2 3292 4437 4 4673 5505 5
2454 2506 2 3120 3994 0 3211 3112 1 3641 4052 3 4282 3491 1
3345 4091 3 3741 4046 0 4163 4582 0 4062 4193 2 3308 3328 4
3968 4914 2 2869 4375 0 4471 3552 1 4418 3821 1 3426 3007 2
4123 4749 2 3844 4391 1 3081 3075 0 3356 3250 0 3887 4722 1
4091 4756 1 3676 3723 3 2826 3445 2 4250 3194 1 3025 3314 1
4794 4753 0 2285 2947 0 4393 4683 4 2694 3645 3 3217 2921 1
3930 3629 1 4902 5450 3 2993 3625 0 2840 3794 0 5826 4621 0
2562 3210 2 3827 4358 1 2408 2585 1 4037 3899 2 3570 4467 2
3825 3910 2 3979 4386 0 3492 3499 0 5374 5397 3 2188 3013 0
5546 4639 2 3928 4324 1 4459 5400 1 3731 4568 2 5305 5059 3
3129 3160 3 4829 6017 1 3631 3671 0 4171 2237 0 4401 5328 0
4054 2507 2 2705 4181 3 2513 2897 0 2987 2386 3 2280 3631 2
3736 3272 1 3728 4073 0 2977 3590 1 3326 4124 4 3640 2613 1
4442 4027 1 4200 4621 2 5311 4729 0 3597 4364 1 3837 4615 1
4736 3605 2 2639 3246 1 3486 4175 2 4142 3900 1 3691 4923 2
2622 3094 4 2812 2452 0 3376 4485 3 2824 2765 3 2264 2426 1
3739 4899 5 4270 3625 3 3833 4468 2 4005 3763 2 2788 2771 2
2382 3056 1 1889 1291 1 3186 3110 1 3084 3194 0 1692 2858 5
4106 3914 0 5144 5224 1 5004 5910 2 4220 5046 0 5397 4419 2
4306 5378 2 3327 3258 2 4476 4570 2 2984 3234 3 3572 2806 1
3395 3370 0 3452 4772 1 3585 3921 2 4222 3818 5 3075 2935 1
3135 3676 1 2803 2943 1 4632 3496 3 3458 5097 2 2835 2424 0
4541 4104 2 4471 4804 2 3925 3061 2 4727 5921 1 3955 4538 1
3544 3112 0 1909 3246 2 3627 4896 0 4763 2936 1 2279 3040 0
2974 2934 2 3685 4167 1 4553 5353 4 3435 3931 1 4376 3319 0
3279 3320 1 3091 5040 5 3421 3545 0 2474 1967 1 3799 3178 1
3939 5526 1 3038 2918 1 2725 2691 1 3490 3912 0 4079 3064 1
3271 4561 1 3594 3247 1 2097 4520 4 3574 2095 1 3410 3469 3
4062 3793 2 3081 3464 1 3401 4935 0 3710 3013 1 4066 4008 3
2442 3310 3 3270 4005 3 1873 2327 0 2921 2169 0 4516 3847 3
2742 4025 1 3202 3149 3 4579 3816 3 3931 4434 1 2739 3739 0
4797 3231 2 2868 3148 2 3481 3582 1 3620 4998 0 3442 4054 2
4789 3246 0 2353 3701 0 4438 2875 1 3123 4061 1 3118 4211 3
4448 4893 2 3936 4222 1 3225 2431 1 4351 4278 2 3826 3858 4
4152 4372 2 4008 5064 0 4278 4235 2 5917 4328 2 3933 4719 1
3756 4803 6 3910 3824 5 3599 2668 0 3581 3846 0 3305 3777 1
4227 4892 0 4555 4905 1 3987 2529 0 5399 6154 2 3586 3910 0
3796 4658 4 2957 2581 0 3548 3834 1 1343 3183 0 6263 4736 2
3391 2951 0 3146 3397 0 4621 3399 0 3299 4892 0 3567 3691 3
5795 5159 2 4417 4486 1 5113 5317 1 3197 4513 2 3086 3203 2
2867 4239 0 3281 3543 1 2749 2120 0 3829 5047 2 4817 4084 1
3907 4696 2 5069 4909 1 4256 4724 4 4928 4325 1 3038 2823 0
3472 3432 2 1424 2485 1 3836 3429 0 4901 4910 3 4071 3953 1
3604 4185 0 3855 3483 2 3508 4218 4 2972 3665 0 2885 3187 1
4504 4068 0 4780 4703 4 3686 4028 2 4384 4371 2 5220 5426 0
3198 3155 0 3630 5225 2 3332 3430 1 3398 3345 0 4884 3813 1
2776 3515 1 4008 4604 3 5056 4666 3 3203 3497 1 3833 3948 1
3003 2270 0 4642 4351 3 4420 5198 2 4018 4485 5 3677 3614 1
3293 4210 2 3095 3832 1 3172 4023 3 4017 2675 1 2842 3187 1
4662 5303 3 3938 4449 0 3674 3497 0 2478 2738 1 4156 3869 1
4023 3588 1 3600 3905 0 2790 1610 1 2303 3641 1 3315 4265 3
2841 3693 0 3567 3374 1 3336 4045 3 3045 3848 0 3056 2873 1
4670 4527 7 3527 3693 2 4512 3488 1 3429 3927 0 3143 3552 1
3958 3526 1 3649 3587 2 3481 4050 0 3140 2469 4 3271 3938 1
3510 5781 2 3388 3553 1 3820 4329 1 2929 2851 2 3560 1792 0
4925 4389 3 2070 4704 1 3352 3747 1 5722 4955 0 4750 3854 1
3909 4330 3 2720 2681 0 3168 3097 1 4683 5212 4 3684 4138 2
3923 4081 1 3401 4465 0 3819 3723 2 3090 2744 3 2774 3277 0
2742 2450 2 3823 3182 1 2930 4110 4 2998 4089 5 2939 2496 0
3580 3467 2 3726 4069 0 2485 3478 3 2964 3139 2 3034 3003 1
5443 7333 7 3153 3662 3 4155 2479 1 2942 2776 0 3307 3679 2
4171 4410 2 3193 3088 1 4954 4383 0 5277 6331 2 2984 3713 1
3196 3158 1 2990 3497 2 4094 2583 1 2023 3273 1 3229 4033 1
4568 3455 1 3908 3618 3 2739 4017 3 1808 1792 0 3578 4290 2
4285 4321 2 5059 4440 3 5193 6077 3 3684 2932 1 4731 5632 3
3204 3385 0 5768 5152 2 3803 5188 1 4491 4270 0 3456 3775 0
3754 4531 3 4701 5659 4 2529 2258 2 3176 2488 1 2291 3172 1
3134 3799 1 5807 3938 3 4256 4825 2 3329 3685 0 3211 3003 1
2563 3229 0 4812 3624 1 4454 3670 1 3932 5205 1 4747 4675 0
3808 2905 3 3558 3030 1 3447 3457 3 3163 4376 2 2304 3266 0
3354 3971 2 3112 2608 1 4256 3982 0 2633 3332 1 4632 4601 1
4177 5859 5 4111 4586 1 5641 5011 1 4544 4558 1 4840 4077 0
3787 3280 0 4166 4594 0 4473 4970 2 3895 4652 1 2675 2485 0
2567 3208 1 3320 3379 0 3648 2552 2 4131 4752 0 3272 3844 0
3235 2835 1 4308 5002 1 5361 5582 1 4334 3949 0 3326 3620 0
5238 3822 3 3416 3803 0 4337 3891 4 4013 5267 1 2623 3583 1
3389 4113 2 5876 5421 4 3861 4259 0 3965 4515 4 3788 4051 1
3877 5029 1 4889 3134 1 2857 3794 1 3834 4663 1 4425 4412 1
6350 4355 6 2206 2369 3 1967 2109 0 5248 5384 4 2712 4184 0
2343 2242 1 3541 4082 4 4905 4703 1 2727 4014 4 3154 2870 1
4592 4983 1 3993 3841 2 4642 5148 2 4819 4638 5 3507 3665 2
4071 5969 2 2625 3871 3 4582 3072 2 4702 4604 2 4914 4058 2
3703 4884 1 4280 4131 1 4802 4165 0 3406 3748 1 3447 3972 3
2421 3499 0 4264 4009 0 6194 5526 1 5113 5728 1 4421 3413 0
2952 3009 0 4036 3602 2 3669 3646 0 3018 3190 1 3076 3843 1
5594 3876 2 4720 4924 1 4022 6420 4 2265 3433 0 4218 3340 2
2352 2234 1 4840 4600 0 3112 2956 0 4166 5123 0 4698 4056 1
4080 4050 1 4314 4716 2 4193 3878 3 3383 3771 1 3961 4702 3
4648 5684 3 3921 4046 2 4025 3200 3 4458 4613 2 3817 4000 0
3373 2826 1 3201 3597 2 3023 3532 2 3337 3314 2 3559 3614 1
7136 5901 1 5002 5048 2 3096 4467 0 3678 5370 4 4746 3853 1
3560 4149 3 6238 3910 4 2981 3769 2 3431 5026 4 4161 4137 2
3187 3924 0 4924 4101 2 4709 6062 1 4084 3418 3 4126 3288 0
4658 4842 1 5064 5542 2 4369 4324 2 4070 4773 1 3373 2469 2
3181 3294 4 3670 3380 2 3101 3493 3 3061 4072 1 4065 4040 1
4551 4435 2 3275 4813 1 4231 3412 0 4998 4428 1 3463 3455 1
3370 4094 0 5654 5740 2 4280 3980 0 3970 3714 1 3712 4173 1
4354 5603 1 3446 4911 0 4908 3918 4 5352 4426 0 2849 3157 0
4631 4843 1 3345 5208 1 2340 3311 1 4309 3705 5 4116 3185 3
3083 3137 2 5598 5062 1 3727 4690 3 3048 2203 0 5044 5945 3
3014 2834 0 3407 2736 0 4178 4951 4 5050 4512 2 3843 4707 2
2603 3793 1 3480 2801 3 2114 2640 0 3917 3672 1 4971 4459 1
3739 3529 1 2803 3799 0 3171 3005 4 3504 4086 2 2814 1956 2
3984 3742 1 5432 6960 2 4294 3141 0 2779 3271 2 5082 5334 0
4353 4596 1 3503 4278 3 5137 4741 2 2794 3455 4 2879 1812 1
3904 4636 1 3731 3581 3 3672 3547 0 4244 4614 2 3268 3509 1
3606 3182 1 4743 4769 2 2091 2201 0 5463 4688 3 2617 5057 2
3749 4712 0 4109 4188 0 5820 5013 1 3255 4067 3 3447 3446 2
3398 3671 0 3535 2525 2 3130 4190 2 4657 5163 2 3972 4871 3
3633 3866 0 5035 4019 2 4730 3993 2 4696 4591 1 3692 5204 1
2922 3378 1 3008 3260 1 3275 3913 2 3327 3525 3 2591 2708 3
4686 5490 1 4532 4401 1 3976 4166 2 3068 4045 0 4299 3140 3
3653 4058 1 5008 5443 1 5754 5339 2 5003 4491 2 2523 3421 1
4208 4765 3 4155 3131 1 2172 2388 1 2869 3562 1 3196 3856 0
2995 1770 3 1637 3645 0 3307 3881 1 3582 3078 1 2966 3329 2
3648 3814 0 3394 3212 1 4160 4149 3 4102 3388 2 3541 4796 3
3464 3685 1 4486 3921 0 2439 3605 2 2733 3665 1 4772 3806 1
3469 4222 0 5011 4567 2 2846 3406 0 3934 3692 2 3084 3818 3
2491 3575 2 5119 4555 1 2730 3139 1 4538 4705 1 2836 2983 0
4268 4653 1 3230 3653 4 4305 5081 0 3235 3201 0 3845 2670 3
3461 3313 1 3242 2333 0 2924 5230 4 3841 3329 3 4607 4491 2
4584 4670 3 4104 3374 2 3389 3753 2 1921 1551 0 3794 4842 4
2673 2553 0 4192 4122 5 2641 2532 1 3655 3537 0 4403 5189 0
5168 4172 5 3623 3738 3 4009 4382 1 4217 3451 0 4196 5212 2
3943 4678 2 4099 4648 3 4133 4636 0 4326 4463 3 3363 2930 0
5345 4757 2 2188 4070 0 4208 4506 1 5386 5504 4 3830 3029 0
4018 3654 2 3381 4800 3 4605 4079 2 3464 3291 3 4110 4924 0
5084 4026 1 3744 3063 0 5167 4777 4 3612 4927 1 3561 5003 1
3866 3548 2 3437 3420 1 2993 4303 2 5453 5165 1 4435 4110 0
3782 3693 0 3788 4198 2 5487 4941 2 1894 2806 0 5070 5383 4
3569 4195 1 3676 4422 2 4708 3895 0 4923 4469 2 3922 4198 1
3769 2829 2 2079 3751 0 3225 3405 4 3367 3034 2 3954 4600 2
3523 3830 4 4547 4455 1 4353 4988 4 4204 3222 2 1946 3115 0
4675 4692 4 3711 3271 1 3422 4374 4 4812 3890 1 3126 3982 0
3244 4699 2 3596 3830 0 3253 3558 0 3621 2889 1 3994 2901 1
4580 6167 2 3993 5270 1 5237 5375 5 5147 4018 0 4500 2999 0
5425 6259 3 4858 4903 2 3755 4488 0 3028 2561 0 4540 5320 0
3294 3589 0 4125 4026 1 6817 5314 0 4608 4768 2 3672 4299 2
3371 3764 3 2445 2042 1 2163 2863 0 3870 4694 5 3801 3344 3
2512 4326 1 2346 2500 0 3685 3790 1 4008 4510 2 5542 4123 1
3227 4570 4 3269 3316 0 4637 3617 3 3282 3608 0 3097 3967 2
3925 4010 1 5000 4432 1 3860 4733 3 3911 5421 7 3731 3155 0
2722 2942 1 3198 3773 1 2920 2819 0 2956 3240 1 4710 4605 3
3326 3485 0 5096 3846 1 5707 4953 1 3064 4218 4 3629 4571 0
3211 2735 1 4606 4250 2 3326 4215 2 2393 3506 0 4274 3660 2
5100 5602 3 3517 4904 1 6172 5398 1 4916 4177 0 3269 4316 2
4350 3869 3 3697 4322 0 3943 3267 2 4763 5634 2 4038 3962 2
4319 3841 3 3451 2714 1 4326 5674 6 3083 3495 2 3498 3596 1
2867 3668 1 4794 5060 1 4756 4652 1 3506 3337 0 5007 5486 2
3758 3307 1 2601 3880 2 3900 4072 2 4854 5305 3 2978 2697 2
4177 4197 1 3857 4165 1 2841 3912 3 4021 4139 0 2839 2482 1
3368 3638 2 5643 5867 2 4940 5422 1 3123 2879 0 4011 4422 1
2733 3048 1 3488 3782 1 3181 3016 1 4222 4445 3 3930 4585 2
5173 5959 2 4076 2322 1 4464 4525 0 3577 4693 3 4046 3688 1
4205 4412 3 3444 3297 1 3628 4245 0 3650 4404 2 4022 4083 2
4329 3833 2 4173 4389 2 2590 3149 1 3642 4300 4 4166 4621 1
3616 4079 1 4713 4663 2 4740 3670 2 2744 3323 0 3613 3887 1
4495 4001 0 2670 2604 1 3682 4510 0 4335 3791 3 3548 4544 3
2087 1935 0 3750 4484 1 3573 3689 1 3409 3528 0 4079 3781 1
3432 3216 2 4134 4187 2 4492 4325 2 2156 3269 1 2172 2919 2
4758 4743 1 3586 4499 0 3871 4323 3 3566 2707 1 4783 4317 1
3353 3065 2 4413 4395 0 3854 4719 1 3268 2424 1 4094 4306 6
2638 2988 0 4262 4465 1 4040 3264 1 3154 3289 4 2941 3701 0
4389 4240 5 4068 3548 0 3780 3532 2 3276 3800 2 3500 4349 4
3618 2780 3 3422 3123 0 3193 4386 2 4000 3984 0 3501 4171 2
4660 6368 4 5238 4234 2 3378 4506 2 3804 3588 1 4893 3276 0
4950 5515 1 4172 4735 2 5569 4053 0 2367 2871 0 4148 4886 4
2736 2897 0 3701 3513 0 5038 4388 0 4262 5316 2 3880 4184 2
3366 3845 0 2598 2991 1 3538 3543 0 2578 3797 2 4854 3720 2
4920 3592 1 4707 5449 1 3897 4266 2 2716 2451 2 3039 3429 0
3353 2677 4 3644 4923 1 3184 3266 1 3165 4251 3 3948 2544 1
3457 3466 1 2284 3026 1 3869 4070 0 4844 4458 0 4938 4643 4
3953 3826 1 4835 3999 2 6081 6872 3 3391 3588 0 2305 2724 0
3619 5051 4 3320 2709 2 2637 3459 3 2168 2855 0 3055 2113 3
3781 4343 0 5436 4353 0 3830 4466 0 3856 4162 1 3897 4200 1
3874 3524 1 5789 5002 0 3685 4836 1 3969 4127 3 4138 4340 2
2714 3693 0 4461 3901 2 2383 2913 1 3768 4350 5 3283 2251 0
4669 4024 0 4984 5443 2 3939 2953 2 5349 5787 3 3207 3677 0
3459 3017 0 4389 3651 0 3318 4345 2 4249 4527 1 3710 4028 3
3678 3893 2 3594 4427 1 5305 4322 5 3365 5184 2 4902 4573 3
3756 3019 0 5971 5134 3 4247 3656 3 3811 4526 2 4202 6277 1
3379 3948 0 3105 3300 1 6057 4575 1 4648 6086 3 3531 4344 0
4327 6016 1 3634 1980 0 4254 2836 0 3107 3933 1 3280 4404 2
4061 4096 0 2858 3139 0 4036 4974 5 3741 3978 2 4381 3056 2
3915 5183 1 4598 4067 3 3450 4132 2 2407 4030 0 3977 2571 1
3611 3880 0 4736 4763 1 4285 5195 2 3740 3278 0 3980 4240 1
4134 6436 1 3906 3967 0 3067 2614 5 3129 3356 0 4798 3701 2
1610 1525 1 3713 4002 1 3365 4274 2 2440 3154 4 2995 2290 2
2836 2871 1 3741 4304 2 3711 4579 1 3927 3296 1 2215 2128 0
4136 5239 4 4831 4847 2 4140 4218 1 3895 3861 2 3309 4158 0
3794 2855 0 2326 1823 0 3973 4831 1 3250 3477 1 3946 3792 3
2797 3771 4 4733 4144 1 3655 3480 0 3933 3995 0 3981 4441 1
3396 4180 2 2881 2354 0 3228 3558 1 4372 3416 1 3056 4378 4
5201 4682 1 2207 3425 0 4641 4946 0 3095 3469 3 4896 4051 2
4946 4052 1 3792 5231 3 3580 2982 1 4938 5472 3 4432 4177 1
3700 3347 2 3836 3614 1 5718 5078 3 2663 3973 1 5039 5460 4
3444 3220 1 4244 4369 1 3719 4539 1 3505 3529 1 4596 4884 1
4197 4341 4 4819 5482 2 4604 3713 1 3768 3458 3 2601 3312 0
2441 2330 1 4097 2790 4 2639 4334 1 4379 4194 0 3849 4557 1
2768 2921 1 2066 3559 3 4183 3600 1 4021 3814 0 3373 3319 1
2324 2711 2 3789 3354 0 2621 3054 1 4335 4195 1 3336 3560 1
2756 3187 1 4310 3965 2 3467 3124 1 4537 4771 3 4798 5044 5
2878 3182 0 4156 2757 0 4283 4869 1 4286 4941 3 3940 3483 1
3279 3363 2 4402 4772 3 2883 3544 0 4330 3924 1 4303 3656 0
2408 2537 0 2202 2480 1 2551 3034 2 1999 2513 0 3401 3082 5
3234 3470 2 3988 4740 0 3782 3957 2 3700 3224 0 3376 3296 4
1504 2538 0 3550 2284 1 4493 4897 4 3768 4418 2 4239 3468 0
4300 5505 3 5202 3908 2 4353 4085 0 4261 3051 1 4439 6352 2
3926 3977 1 3518 4814 3 3866 3413 0 3895 4032 0 4260 4239 2
3418 4075 2 4694 5139 4 3553 4663 0 4403 3716 2 3986 3363 1
1955 2296 2 4357 4256 3 4836 3430 0 4003 5092 3 3705 3801 0
3088 3525 1 3641 2609 0 5393 3299 2 3740 4539 2 3427 5754 4
4171 4130 1 5033 4684 0 4667 3896 1 3064 3876 1 4002 4917 1
2494 4197 1 2577 2680 0 4824 3680 0 3239 2424 1 2197 3847 3
4697 5496 3 3339 3857 2 3891 4609 3 4406 2919 2 3574 3745 1
4975 4668 1 3304 3050 0 1980 2012 0 2916 3204 3 2594 3311 2
4480 2843 2 3556 3338 1 5055 5326 2 3357 4796 2 4065 4704 2
3557 3897 1 3467 2596 1 1462 2446 2 2865 3923 1 3517 3896 5
3483 3344 2 3613 3444 1 3013 2923 1 3238 3230 3 2171 3606 0
3509 3942 2 4371 4506 2 4357 3433 0 3136 3728 0 4411 5312 1
3378 2876 4 3635 4786 2 2807 2497 2 1845 3279 2 2262 2439 1
4173 4764 0 3935 1967 3 2275 2776 0 4799 3840 1 3950 5858 1
4753 5100 4 4325 3732 0 3018 3610 1 2897 2565 1 3741 3727 0
2949 4678 0 5443 5560 1 2874 3796 0 5040 4751 2 4644 2720 0
2993 2667 0 2727 2504 0 2121 2907 0 4413 4688 1 3502 4276 5
3922 3576 1 5363 5082 0 3228 4582 0 3487 3275 3 3036 3768 1
4149 4516 1 3097 3860 3 2935 4286 3 5087 3921 0 4757 3568 2
4889 4305 1 3149 3443 1 5723 4832 5 4416 4789 2 3599 5176 2
4395 5494 1 3902 4355 4 5137 3559 1 2524 2417 1 3563 4176 2
5054 4837 2 3551 3790 1 3958 4815 1 3870 3988 0 4399 5144 3
3832 4003 1 4510 5090 2 3533 3803 1 4239 4380 3 3341 2599 0
4169 3801 0 3455 2612 1 3415 3789 2 3061 2665 1 5296 6024 2
3285 3142 1 2905 2422 1 3527 4761 2 3907 5112 0 4569 4270 1
3572 3316 2 1725 2251 0 2739 3266 3 3454 3327 4 2307 2461 0
3408 4684 1 3975 4337 0 3387 3797 2 4578 4871 4 3665 2205 0
2696 3362 1 3280 3923 3 3631 2273 1 2646 3919 2 2988 3336 1
3498 3743 1 3314 3106 1 5248 5203 4 3316 3943 2 3144 3393 1
2847 4715 0 3237 3638 2 3296 3357 0 4972 4574 3 2368 1828 1
3899 5222 3 4629 5299 4 5668 3871 1 4771 3919 1 4356 4800 4
4258 4506 5 3363 3335 1 3205 4034 3 3018 3252 4 3702 3152 0
3035 3344 2 4325 3797 2 3814 3676 0 3090 3785 0 4273 4733 4
3933 3758 3 3375 3880 3 5034 4129 3 2924 3494 1 3399 4554 4
4078 4448 1 4446 4526 1 3746 4639 1 3366 3858 3 3149 3211 1
3289 4192 2 3975 4349 2 3387 3372 2 3947 3856 3 4164 4010 2
4881 5008 3 5245 4476 1 3861 4932 4 2871 3733 2 3950 3725 0
4249 4827 2 3251 3053 1 2418 2440 2 3417 3128 0 3270 3363 0
4363 3930 2 5164 4669 2 3118 3161 1 3004 4849 3 3911 3419 1
2908 3818 0 4175 3441 0 3566 2828 2 2512 3789 0 4165 4059 5
3831 3403 2 2764 3505 2 2073 1544 0 4223 5769 2 4015 3234 2
5339 4323 3 4130 3644 3 2402 2968 1 3452 4824 3 3569 4985 0
1703 3161 2 2999 3491 0 3582 3929 3 3232 2864 2 2293 1747 0
3241 4151 6 4302 3603 0 3873 3879 1 2604 3300 2 3994 3904 1
3141 2821 2 3297 2741 1 3021 4526 1 4230 3556 1 2973 2638 2
3447 3607 3 2413 2285 1 3520 4298 1 2137 2508 2 4091 3952 3
4457 2903 2 3711 3687 0 4311 4026 0 3023 3370 0 2559 4167 2
3022 5076 1 3295 3277 2 4202 3659 1 4220 3420 0 3362 3314 1
3079 3679 2 4944 5341 4 3506 3534 0 4436 4399 0 3623 3887 0
3379 3482 1 3850 3737 2 4304 4626 1 4603 4681 3 4335 3748 1
4104 4111 0 3584 3023 0 3629 3990 1 5011 4764 2 4120 4616 1
3899 3877 0 5477 4246 3 4475 5521 1 5152 4651 4 3564 4798 1
3394 2971 0 3938 4078 0 4513 4626 2 4954 3737 3 2583 3752 0
3707 4149 2 4374 4605 1 3137 3524 0 4598 3407 3 3659 4078 0
3642 3903 4 2705 3606 2 3631 3796 3 3928 3178 1 4113 3979 0
4339 4671 2 3349 3442 1 4707 4050 2 4241 4399 1 4788 4301 3
3965 4263 3 3231 3412 0 3728 4248 2 3038 2772 0 2577 3045 1
4384 4215 0 3421 4734 4 5029 3784 0 2475 3392 0 5205 5399 2
4149 3409 1 3686 4147 3 2555 3961 0 4086 5033 5 3952 3187 0
3728 4461 2 4505 3934 2 3529 3972 1 3440 3061 0 5781 5691 2
2809 3157 1 4088 3033 0 4016 2989 0 3054 5138 1 3670 3482 2
3998 3513 4 3399 3093 3 2998 4012 7 2660 2800 3 2870 3577 2
4571 5175 3 4253 5285 2 3787 3878 2 3673 3465 1 3810 4063 1
3614 4194 1 3987 3036 0 2542 2925 2 1771 2272 0 3935 3660 2
3222 4701 1 5130 4154 0 4793 4921 3 3928 3485 1 5068 6026 2
3388 2780 0 1680 2214 1 2249 3995 3 3716 4114 1 4918 3126 3
3110 3769 2 3633 2956 1 3399 3513 0 4466 5582 4 2865 1840 1
3482 4897 2 4245 5841 0 4728 4554 2 5528 3483 0 3166 3530 0
2994 2943 4 4164 3395 3 2474 2555 0 2893 3463 2 2881 3917 4
5270 4973 1 3872 4352 0 3799 3640 1 2267 3417 0 4131 3574 2
4069 4088 2 4832 3665 1 2836 3778 0 3417 3805 2 4623 4623 2
3827 2824 0 3737 5140 4 4603 3882 2 3152 3690 1 4027 4629 0
3845 4077 0 3952 4079 2 4735 4745 3 3615 3580 3 3841 4101 1
4605 4317 1 5264 4241 2 4717 6040 1 5720 4678 1 3976 4937 1
4760 5277 7 5625 4530 4 4211 5014 2 3840 5301 2 4452 4010 2
3897 4092 1 3383 5355 2 4269 3524 2 2832 3168 1 2829 3145 1
2635 3140 2 2461 2902 1 4725 5103 4 4904 4122 4 3942 3229 2
4002 3752 0 2839 2514 0 5658 5269 4 3113 4041 0 3423 3553 2
3341 3695 1 3807 3999 1 4710 4735 0 3977 4458 2 4170 3724 1
3568 3564 1 3664 4690 1 3744 3528 2 4038 4529 6 4139 3473 1
4426 3573 1 4229 4379 3 4297 3960 1 3333 4446 1 2744 3536 0
4761 5830 1 3715 3039 4 4834 4369 1 4364 3909 2 3266 3208 1
3760 2783 0 4403 4417 1 3655 5351 1 3610 4765 0 4048 3773 3
3100 4071 2 3089 3312 0 3919 4099 4 3797 3796 0 2764 2650 0
4137 3613 2 4951 4570 1 3453 3430 0 3799 5300 1 3612 5095 2
4145 4376 0 4910 4392 1 3116 2813 1 4622 4576 0 4886 5695 2
3130 4162 1 3326 3954 2 3668 2448 1 4073 3740 2 2893 3699 1
4568 5396 2 3680 5080 1 4183 2836 0 3069 2429 3 3129 3707 4
3655 4139 2 2903 3384 0 4252 3365 0 2846 4018 3 4013 3605 1
3101 3984 1 2363 2994 1 5459 4499 0 3353 3246 0 4164 4100 2
4291 4838 0 3961 4258 1 2858 3634 1 4371 4130 4 3864 3739 0
4020 3426 2 3972 3714 3 3125 3199 0 5192 5455 1 3308 4566 2
5107 5232 1 3426 3773 1 4197 3590 1 2148 2940 0 4233 4496 0
3254 3906 0 5309 4670 0 5045 6201 1 4165 3513 0 4906 5749 3
2239 4102 1 4184 3473 1 3795 3899 0 4313 2997 2 3282 4058 4
3271 4458 5 3782 4287 0 4566 3801 1 4276 4755 1 3027 2760 0
4740 4754 1 3741 3928 3 4000 3586 2 3566 4001 1 3594 4222 1
2051 2503 0 2828 2459 3 3720 3386 2 1961 1909 0 4294 5049 2
2715 2968 3 3877 4690 0 3655 3299 2 4235 4584 1 4455 4215 2
2156 3669 2 4113 3972 1 2514 2585 1 3249 2986 1 4438 4233 2
3695 4168 2 3501 4579 1 3211 3064 1 3491 3757 1 4553 3747 1
2737 3760 2 3648 3676 2 2793 3048 0 3489 4172 2 4593 3986 1
4353 3797 3 3222 4131 0 3305 2630 1 4252 5450 0 4183 4406 2
3965 4374 3 4562 4396 1 3111 3936 1 4355 3667 0 4051 4119 2
3589 3293 1 2846 3527 3 3096 3784 0 4261 5183 2 3821 3163 2
2204 3636 1 4005 4034 2 5244 4418 2 4399 4961 0 3938 4063 1
3214 3636 1 3955 5276 3 3332 2295 1 4121 3890 4 2643 3199 1
3548 5886 1 3787 3434 0 4516 4359 1 4040 4764 0 4339 2528 1
3338 4195 2 3236 4166 0 4100 4937 5 3548 2409 0 3477 2693 2
4284 4480 2 3182 2944 0 4184 3350 0 3209 4586 1 3402 4019 1
3306 3416 2 4282 4137 1 3508 4518 5 4775 4870 4 2281 2400 1
4138 3744 2 4444 4465 0 4609 4541 1 6070 6519 2 3917 4133 2
4575 4608 1 3591 4227 2 3139 2944 0 4505 3928 2 3413 4374 1
4089 4607 1 5201 4388 1 4075 5098 3 5587 5336 2 5053 4577 2
5567 6607 0 4112 4552 2 2992 2704 0 3367 3491 1 4470 4006 2
4137 3745 1 4153 4045 4 2982 3199 0 2839 3518 2 4035 3758 0
5093 4449 1 3688 3590 0 3527 3327 0 4796 5358 1 2985 3699 1
3371 3780 1 4111 3982 2 4062 6430 4 5407 4503 4 3726 3655 0
5268 5137 2 5973 6321 2 3630 4304 0 4041 3869 0 4719 4743 0
4911 4233 3 3898 3257 0 3164 2645 0 3958 4331 3 2571 4833 4
3372 3359 3 2492 2690 1 2777 3351 2 3977 4040 3 1861 2166 0
4252 3889 2 4753 4397 1 4295 4421 2 5236 4242 4 3119 5056 0
3845 4162 0 3566 3421 2 4186 4221 2 4194 4528 0 3694 4446 1
4867 3951 3 4102 3395 3 4102 3778 2 3912 6158 3 4810 4516 1
4043 3485 1 4006 4785 2 4202 6285 0 4562 3833 1 5366 3296 1
3610 3269 0 3098 4071 1 2949 3423 1 4256 3566 1 4198 3758 2
3625 5254 0 3457 3955 2 4995 4657 3 4414 3582 1 4142 3860 0
4207 3551 2 3667 3957 1 2603 3213 1 4816 5164 3 4462 5241 2
3435 2536 3 4649 4921 1 3857 3260 1 3984 5230 0 3182 4300 0
4471 3894 1 3857 4165 1 2985 3406 0 4379 4072 3 2823 3429 2
3028 4030 2 3174 2791 0 3543 3863 0 5434 4373 6 3495 3247 0
3960 4186 2 3668 3647 1 3499 3293 3 3688 2292 2 3626 5470 3
4332 4912 1 4324 4859 2 3932 4134 1 4375 3794 2 2530 2905 1
4711 4608 2 4844 5238 0 2442 3373 1 3664 3950 4 4815 4894 2
3699 4563 1 6714 4953 3 4635 5125 3 4268 5502 0 3959 3721 2
3115 2809 0 4789 5588 2 4149 3301 0 3313 3037 1 4258 5881 3
3157 3898 1 4111 3568 0 4233 5033 3 4416 3882 1 3892 4609 3
3995 4742 1 3939 4665 3 4459 5671 3 3032 3283 2 4821 3068 2
3377 3342 0 4869 4493 1 4182 4420 0 2492 3692 2 3876 3677 1
4773 5494 1 3453 4928 1 4289 4341 0 4983 4022 1 4914 4317 2
3535 3778 0 3548 3357 1 4231 4921 3 4069 4254 2 3869 4040 1
3796 2548 1 2473 3062 2 4465 3872 0 3613 4539 1 3718 4298 0
4111 5475 1 3002 3550 1 4082 3435 3 3862 4224 3 5738 5133 2
4031 3826 0 4239 3384 0 3740 4588 4 3415 3828 2 2712 3439 1
2656 3012 2 3348 3366 1 3690 2505 3 1525 2876 4 2448 2863 1
3392 3501 2 4033 3876 0 4117 4020 5 3536 5054 2 3565 3216 0
2661 3347 1 4174 2853 1 3438 3779 1 4911 6562 2 5961 4628 3
3217 3570 1 3970 3906 0 3304 2947 1 2707 3220 5 2508 3235 0
3713 4457 3 5271 3871 7 3719 4203 1 2079 3911 4 3430 2850 1
4553 2924 5 5237 5765 1 3650 4290 1 3452 4087 2 2545 3394 1
3250 3669 1 3050 3219 0 4988 5623 4 2576 2468 0 3215 3781 2
4986 6016 5 4035 1864 1 3856 3873 0 2468 4655 1 3606 3437 1
5061 3467 3 4108 4002 1 3511 4072 0 4352 5434 1 4156 4313 0
2963 2727 2 3688 3453 2 2372 2651 0 3004 3695 2 4734 4170 1
3938 5275 2 3208 3374 0 2676 2686 0 3953 3274 3 3346 3758 0
3684 3757 0 3054 3801 0 3687 3456 2 4701 4356 4 3919 4578 3
3822 2639 0 3807 4792 1 3290 3320 0 3175 3827 3 3813 4173 1
3979 4624 2 4736 3458 2 2071 3381 2 3917 4292 2 3430 3467 1
3466 3532 0 3653 3976 3 4767 5094 5 4762 5018 2 3215 3227 0
2744 4116 3 4078 3139 0 2736 3512 0 4239 3739 4 4233 4142 5
2199 3311 3 4921 3789 1 3355 4281 0 3754 2591 1 1998 3726 4
2748 3728 2 5272 5440 0 3744 3234 2 3973 3903 3 3325 3543 1
4039 3937 2 3427 4174 2 4009 3860 1 5080 4867 3 2686 3797 1
3004 3408 2 4260 4483 1 2571 3904 3 2146 1850 0 2905 3205 3
3550 3682 3 3955 3753 3 4453 4557 2 1983 4156 1 3851 3040 1
3411 3407 0 4357 4613 5 4131 4064 1 4688 4476 3 3635 4544 1
3976 3438 1 5005 4961 2 1944 2217 1 5214 5612 2 3755 4116 2
4899 3439 1 2917 4239 1 3771 4267 0 2485 3265 3 4749 3848 0
3820 3382 1 2995 3881 3 3997 4476 0 3706 2730 1 3440 5160 2
3425 3547 0 2929 3402 0 3339 4011 1 3549 3152 3 2535 3276 3
4916 5438 1 3463 3163 0 3782 4978 2 3018 2255 1 4558 5900 3
5921 4903 0 3330 3628 1 4023 5682 0 2392 2458 0 4991 5062 3
2938 2764 0 4621 4133 3 3314 4028 0 5099 5540 4 3631 3376 1
3491 4066 1 5198 4189 0 4239 4680 1 3215 3507 3 2653 3282 1
4163 5002 1 4747 4798 1 3347 4662 4 3238 3717 1 3228 2426 0
2883 2909 2 3884 4234 2 3564 3876 2 4147 3572 3 3395 3883 5
3379 3469 0 5132 5594 1 3023 3231 2 3523 3994 1 3179 3579 0
3198 4298 5 2144 3110 0 3992 4401 0 3829 2975 0 3204 3563 2
4382 4400 1 4405 4860 2 4681 3396 3 3672 6201 1 4803 4072 2
2667 2868 1 3989 4440 4 3813 3665 2 3492 4230 2 3469 4433 1
