5930 5026 2 4594 4225 0 5308 4703 3 4622 4796 2 3214 3631 2
5939 5068 4 3242 3467 1 2811 3620 1 4364 4530 3 4044 3974 2
4083 3806 1 4449 4804 3 4659 4202 1 3710 5316 0 4945 3577 1
5461 5114 1 4576 4974 2 4538 4638 2 4313 4690 2 5858 4606 1
5162 4349 2 3428 5128 2 5739 5598 3 6192 4530 1 3982 4636 1
4014 3806 1 4247 4482 2 4462 4851 1 3631 3636 0 5264 4537 2
6604 5676 13 5253 5154 4 5093 5790 4 2902 4757 3 4860 3967 4
4308 4665 2 5331 4412 2 5506 5541 3 3979 4553 3 4556 4876 3
3978 4383 3 5334 3906 2 4692 5022 4 4345 5471 1 4621 4417 3
3355 3447 1 5099 5633 2 5931 6242 4 5464 3912 1 3497 3838 0
3094 4102 0 4753 3996 1 5451 4840 3 4164 4292 1 3806 3933 2
3394 3289 1 4952 5903 6 5175 5014 5 5435 5578 2 4376 3534 0
4427 3861 2 3205 3528 0 6682 6125 6 4415 5646 2 3592 3135 2
4940 4958 3 3723 4517 3 3676 3278 0 3881 3483 3 3884 4402 1
5334 4679 4 2743 2901 2 5457 7142 8 3219 2597 2 4536 5224 3
3933 4339 5 4197 3311 0 4014 3964 3 3937 4581 5 3954 4409 3
5973 5063 4 4900 4969 3 4273 4901 2 3136 3928 0 4825 4865 4
4414 5003 1 3783 5266 3 7659 6553 3 2675 2332 0 4245 4344 4
3223 3855 2 5560 5539 5 4850 4476 3 3343 3704 1 5452 5592 2
3230 3820 2 2902 3009 1 5075 4382 3 4459 3135 3 5790 5316 2
4241 3489 1 3703 5111 1 5072 5548 6 3549 3738 3 5151 4491 6
5246 6123 4 4328 4055 1 5192 5270 3 3695 4117 0 5052 3963 5
6655 5340 4 4657 4940 2 5836 6123 2 4653 5241 0 4514 4566 2
4885 5336 4 5819 5589 3 4076 3284 1 3228 3762 1 5142 5415 1
5370 5430 5 4417 4085 3 4458 4189 3 4401 4571 3 4373 3911 2
5812 4054 5 5268 6124 5 4682 4187 4 4405 4524 6 2877 4650 2
4272 3683 3 5115 6432 4 7205 5661 4 3028 4165 1 5574 5051 6
4926 5589 6 6739 6113 2 5372 5669 2 3016 3091 2 4895 4447 3
4345 4243 3 5438 5052 2 5340 4554 1 4927 5456 1 4325 4639 3
6024 4807 2 5234 4641 2 4900 5827 3 5191 5234 2 4253 4602 2
5184 3861 2 4477 5652 1 3520 4584 4 5180 4818 6 4104 2783 0
3383 4414 1 4312 3557 0 5217 3961 3 4113 5486 2 4875 4650 1
3404 2848 2 5373 5522 3 3743 5549 2 4014 2917 2 6220 6020 1
3427 3806 1 4740 4254 2 4936 4606 3 4973 4882 3 3894 4785 4
4504 4457 2 4823 5198 2 4175 4659 1 5412 4812 8 3411 3239 2
3609 4519 2 6358 4760 3 3315 4283 0 3276 3995 0 4978 4269 3
6056 3438 6 3385 4021 3 3116 3210 5 3617 4955 7 4198 4061 3
3606 4529 1 3661 4537 0 3451 2504 0 7333 6816 4 3348 4409 0
4290 3896 1 4827 4190 1 2280 3237 1 4027 2931 2 5071 5533 4
3747 3991 2 6947 6291 5 4703 4536 4 1520 3761 0 4935 3353 4
3886 4635 4 4027 4428 1 3158 3987 2 3296 3544 2 5593 4109 2
4821 4644 2 4094 4447 1 5510 4946 2 4033 4704 0 4229 4112 4
3514 2892 1 5211 3685 1 2531 3152 2 4997 5377 6 3438 5392 3
3225 2686 0 3910 4979 3 5129 4083 4 4152 4310 4 3897 4524 1
3595 4549 1 4429 4223 2 3081 4466 1 6316 4342 3 5327 5811 2
6011 5242 2 3431 4122 1 4609 5083 0 5056 4982 5 3881 2672 3
5232 6040 2 5861 5629 4 4197 4167 1 4632 3864 4 3944 4089 4
2269 3054 2 5670 4993 4 5099 4301 3 4648 5783 1 4581 4791 2
5190 4891 3 7392 7902 3 5638 6357 5 4502 4048 3 4261 3862 3
4749 4636 2 3701 4688 1 4947 4797 1 5214 4210 2 4000 4494 4
3153 4341 1 3851 6292 2 4875 5012 2 5760 4320 3 7208 4638 5
4697 5272 4 3055 5101 2 6047 5004 5 3767 3270 3 5270 5205 2
4849 4542 1 5012 4715 2 6064 4432 4 3404 4611 3 4380 4728 4
3909 3927 0 6448 6043 1 6971 6565 4 3352 3538 5 4520 4593 2
5255 4111 4 5205 5666 0 5489 5349 3 3453 3873 2 4395 4297 3
3376 3881 1 3415 2882 2 5165 5572 4 5062 5316 3 5109 4157 3
4337 4313 1 4736 4906 1 6383 5689 5 4772 4566 2 4848 5777 4
5703 4673 5 4805 4726 4 5373 4897 5 3510 3803 4 4338 4912 3
4095 3109 2 5147 5395 3 5766 5406 4 3471 3869 1 3861 4223 2
5752 5526 2 5745 6914 3 3745 3445 0 3722 3908 1 4792 5269 3
4028 4224 6 5801 4875 3 4357 3925 3 4451 5488 2 4251 4348 1
4848 6157 5 5414 4346 3 4600 5001 2 5773 5665 6 3621 2717 2
1636 2174 1 4495 5726 1 6712 6162 1 5271 4286 1 4494 4213 0
4197 3777 1 4826 6253 2 4364 3116 4 3926 5040 2 4255 3656 3
4701 6553 4 4330 4531 2 4573 4075 1 4727 4429 0 3467 3423 2
6019 4805 4 5425 5301 7 3507 4931 0 3547 3387 4 4539 4799 2
5171 5036 1 4524 4867 3 4925 5191 4 3985 4535 5 3980 3378 4
5070 5851 4 5179 6422 5 4146 3986 1 4436 3507 1 4801 3943 2
4064 3606 1 5512 4980 7 4308 3734 2 4232 5438 2 4883 5901 8
6014 6638 6 5457 3725 5 4120 5023 4 3640 2968 1 3624 4262 3
4228 4735 2 3242 3107 1 4308 3479 1 5347 5314 1 4430 4871 1
4410 3879 0 4838 5708 2 5170 4771 3 4160 3714 2 4239 4587 3
5962 4460 1 3092 3294 1 3752 3137 1 4583 4083 3 4311 7228 3
3658 3480 2 4961 4469 1 3956 5834 2 4323 3617 0 5680 4896 0
3948 4561 1 4127 4333 3 2856 3216 1 5751 4965 2 3866 3568 2
5587 5159 5 5313 5675 5 6998 5138 4 2951 3953 2 2921 4285 0
5540 5390 2 3927 4688 5 4324 3833 1 5249 5512 3 3207 3656 2
5431 5623 2 5593 4388 3 4292 3962 2 4737 4722 0 4196 5811 0
4039 5437 4 4831 3997 2 4312 4121 1 3571 2486 1 3921 4983 2
4643 5032 0 4376 5348 1 4834 3797 2 4461 3926 6 5047 4986 1
4829 4615 0 2704 4768 2 4323 3882 3 4995 3949 6 4130 3740 0
3566 3424 2 4031 4104 3 3822 4907 2 3657 3617 3 5672 5735 9
4841 5062 1 2283 3025 1 2954 2957 4 5675 5157 2 4454 3844 2
6265 4938 2 3966 4792 0 4919 4065 2 5713 6289 4 4756 5643 2
3927 4542 1 4699 5140 3 5042 5226 4 5268 5322 2 4509 2926 3
4579 4109 5 4021 3991 0 5057 5579 3 4031 5123 3 3662 3230 1
5032 4116 3 3856 4312 2 3861 4221 0 4588 3987 1 3628 4463 6
2691 2857 0 5512 5326 3 5376 5240 3 6561 5480 4 4231 5231 1
3378 3420 0 4169 4426 1 6081 6316 1 3766 3595 0 5729 5293 1
4600 3362 1 5595 4945 1 3988 3863 2 4285 5677 2 4075 5222 1
3712 3666 0 5393 5165 2 4753 5144 1 4370 3912 2 2987 3222 0
4400 4209 3 4006 4719 1 3214 3699 3 5597 5837 3 4262 4120 0
3940 4901 1 3444 3764 1 4382 4576 0 6118 4818 6 5062 4037 2
5365 4420 3 3706 5397 2 4375 4418 5 5122 4239 4 3319 2933 0
3814 4222 3 4927 5372 3 6344 5497 3 5601 5112 5 4066 5763 2
3766 4563 2 5912 5906 5 4667 4747 2 5463 5125 4 3646 3312 3
3290 3407 4 5556 5275 7 3971 3522 1 3824 4412 5 4763 4680 8
4942 4799 1 5520 5467 3 4297 5522 4 4196 3608 1 4155 4736 2
4419 3723 0 4799 5488 3 4412 4358 1 5835 5405 2 5165 5580 3
3817 2763 1 4966 6983 5 5585 5313 3 3279 4695 1 4681 2981 3
3688 2989 2 3411 3188 1 4045 4222 1 4346 4637 2 3491 4118 3
4940 6966 1 4733 4264 0 5325 4586 2 4885 5199 3 3725 3247 4
5289 5815 4 6142 5725 5 6414 6103 1 4230 3665 3 3503 4681 2
5357 3084 1 3610 4579 1 5243 5729 0 4031 4331 2 3619 3539 2
4888 5098 4 5975 3777 2 3575 4292 3 3876 4343 2 2703 2684 1
3443 3461 0 5781 5993 2 5000 4961 2 3991 4028 3 5016 4850 6
5010 4431 1 4612 4987 4 5387 3970 4 3218 4547 1 4395 4562 4
6375 5598 5 4849 5823 2 6225 6524 5 4470 4332 3 5086 4473 3
2290 3631 0 3630 2727 0 4819 4627 0 6082 5135 5 4654 4719 2
3847 3962 0 3970 4083 3 5154 4142 3 3098 3236 1 4434 4609 3
6608 5962 3 4311 4736 3 4876 5232 1 4296 4546 2 4582 4894 3
4077 5159 6 4387 4156 2 4510 5439 6 4572 3925 2 6023 5965 4
5103 3756 1 5048 4619 0 4832 5872 1 4716 4928 3 3617 4633 2
4708 4674 2 3835 3468 2 3872 3479 0 3852 3781 3 3751 4391 4
3048 2932 6 3253 3897 1 4628 4907 1 5474 5556 2 4683 4228 4
5627 4412 2 6807 7591 6 2544 3732 3 5224 4701 5 3770 3989 2
3521 4277 2 4430 4395 2 5385 6327 6 5639 3761 4 3158 3288 1
4882 4214 1 6615 7064 3 3677 5565 1 3839 3113 4 5480 4297 4
4285 5481 3 3361 4105 1 4813 3943 6 5408 4443 6 4082 3864 3
5116 4926 5 4623 5216 5 4609 4164 2 6030 6247 2 3826 4401 1
5190 5056 2 4930 4273 2 4415 5154 5 5198 5480 5 4269 4123 2
5062 4827 3 3797 3727 1 3737 5196 1 5144 5367 5 4361 3830 3
4577 4800 3 2610 2881 1 4071 3882 3 5023 4069 0 4441 5784 3
4006 3337 0 5678 6479 2 5891 5424 0 3478 4304 0 3018 3215 0
5177 4715 2 5066 4946 2 3638 3758 2 4248 4302 1 4052 4410 2
3270 4261 0 5681 4871 3 3961 4619 2 3646 2924 1 4898 5619 2
4172 4430 1 5120 5581 2 6440 6462 5 5013 4913 4 5065 5386 3
4821 3417 2 5459 5390 6 5637 5170 5 3800 4498 1 4561 5666 3
5740 5329 4 4742 4183 7 5408 5094 4 3030 3522 3 5356 6930 8
5798 4182 3 5231 5701 6 3945 4799 0 4542 4418 3 4023 5111 1
5523 6019 4 3788 4048 1 5380 4837 1 5344 5710 5 3700 3881 1
4484 4359 4 3854 3530 2 3914 3226 2 4242 5903 4 5314 5217 3
3401 3079 1 5424 5491 1 5112 4998 3 5292 4601 1 3914 4887 0
4251 3600 1 3982 4135 1 3809 2821 1 3581 5133 3 4210 4748 0
5479 5097 1 5826 5720 1 3626 4698 3 4039 3299 1 5716 5150 5
4847 4035 1 3844 4043 3 5259 5121 4 4887 4930 3 4178 5569 0
4213 5029 3 5624 6178 3 3549 3408 3 4477 3535 3 5465 5654 5
3718 3297 3 4840 5552 4 5120 5252 2 5376 5727 5 4098 3280 1
2570 2600 1 5630 5184 2 4461 5877 1 4848 4010 2 5253 4331 1
4602 4880 3 3418 3387 4 4388 4626 1 3902 3422 5 3310 3593 0
4427 5017 2 4651 3326 1 4955 4024 3 3873 5149 3 2973 3384 1
4086 4080 2 4381 4816 3 4856 3820 3 4578 4503 6 3481 4464 1
5453 5353 3 6814 6527 5 6132 5091 2 3476 4250 0 4686 4615 3
3781 4799 3 4012 3368 2 5045 3916 0 4119 3705 5 3676 5661 3
4788 4964 6 4395 3896 1 3720 4476 1 5335 5173 4 4849 4752 3
4431 3177 2 3415 3052 0 3973 5326 1 5705 6676 2 4720 4572 1
4706 4545 1 6023 6260 2 3965 2956 1 4794 5715 3 4013 4037 0
4532 4405 3 6933 6257 4 4091 4308 1 4482 5062 1 3825 3586 2
5372 4175 2 4632 5163 4 3703 5410 1 3203 3966 0 5720 4652 7
3756 4011 0 3956 4469 2 4817 4100 2 5048 6302 2 4256 3985 3
4565 6297 2 4767 5290 1 3390 2815 2 5322 5302 4 4278 3108 3
5459 5657 3 5293 4733 1 4478 4851 1 4851 4455 0 3601 4533 1
6556 6854 5 5487 5732 5 4578 4482 1 3866 3647 0 4262 4798 2
4985 5084 2 4711 4022 6 5802 6439 1 4373 3846 0 3697 4208 3
5136 4847 2 4188 5561 2 4254 5180 2 4263 3932 1 5735 4388 6
4177 5030 1 3979 4330 1 4552 2977 1 3205 3688 1 5346 4973 3
3237 3594 0 5076 5947 5 5700 4423 0 4619 4814 4 3732 4469 2
5896 6695 2 3757 3211 1 4731 3389 1 3797 4789 3 4768 4956 3
5274 5319 3 3236 3288 0 4091 5409 2 5008 3699 2 4748 4620 0
4037 4675 2 5186 4457 1 5368 5175 2 6594 5768 2 3139 4577 0
4181 3309 1 5511 5738 3 4789 5721 2 3345 4188 5 5776 4643 5
3560 3105 3 4061 5196 2 4845 3720 1 4167 4051 3 5044 5012 2
3270 3486 1 4791 3617 3 4202 4017 1 4160 4520 3 4978 5107 3
3470 4147 3 2755 3563 3 2503 2998 2 4633 4408 4 5123 4041 9
3005 4088 2 3444 4862 2 3806 3315 0 4389 3239 1 6116 5658 1
4610 5103 1 6314 6642 6 3543 3360 0 5040 4100 3 4127 4873 0
3704 3460 3 5146 4862 5 5335 5385 5 5766 5522 4 4235 3718 3
5204 4207 2 3441 3621 1 4860 4546 3 4270 4752 1 3723 4416 1
4221 3155 2 3083 3370 2 3778 3606 3 5361 5379 6 4238 4383 2
4379 3537 3 3517 3908 1 4144 5677 2 4088 3997 2 5756 4681 3
3837 4494 2 3058 4789 2 5720 4047 2 5028 4340 3 4790 5170 2
4139 3615 5 3046 4539 4 4332 5716 5 4586 2519 3 4024 4405 4
4867 4259 1 3744 4525 2 5405 4382 3 5098 5039 2 3706 4927 4
5368 5481 2 5271 4215 4 2958 3602 0 3734 3077 0 4415 5536 1
6107 4975 6 3438 3479 1 3753 4915 3 3119 4155 3 5061 4504 0
6186 5659 7 4995 5940 2 4636 5196 2 5285 5158 1 3771 3656 3
4959 4670 1 3676 5198 3 3564 5139 2 5992 3526 2 4892 4450 3
5084 4977 2 4495 4617 2 5230 5793 4 4363 4086 1 3401 4286 1
3385 4309 1 6017 5789 4 3561 4404 3 6053 4995 3 4900 4409 4
3869 3854 7 4558 4972 5 4090 4177 3 3925 4096 4 3575 3133 2
4859 4168 1 4028 3777 2 3166 4221 3 5181 5610 3 5569 5454 1
5619 5397 6 4755 5194 4 3548 4122 5 3224 4437 1 4951 3864 3
3615 3600 2 4390 5559 2 4972 4658 2 5160 4416 1 4267 3834 2
3622 2381 2 4807 5346 6 4997 5455 4 5247 5185 7 4630 5172 2
4104 3391 1 5027 5433 0 4331 5462 5 6169 5289 2 3600 3869 4
5226 4731 5 3540 3650 2 4745 4931 3 5828 6079 5 3069 2695 0
2764 3158 1 4028 4246 4 5043 4253 0 5535 5358 4 4791 5754 3
3360 3522 0 4676 4709 2 4465 3326 0 4119 4984 2 5281 5377 1
5519 6035 4 4176 4065 2 5073 4331 3 4777 5600 2 4051 4454 2
6135 5138 0 5236 5826 3 3684 4045 3 5054 5209 3 4092 4592 0
3900 3370 0 3603 4093 1 5308 4412 6 4084 4645 3 4257 5588 3
5208 3856 1 2924 4797 3 5182 5027 2 6260 4562 1 3548 4886 3
6794 6101 3 4573 4116 1 5072 5471 1 3179 4121 2 5232 4354 2
3821 4197 2 3015 3773 1 5854 4478 2 4027 4033 1 4350 4299 6
4128 5063 3 6332 4908 5 4896 5507 8 3943 4897 2 4068 3315 2
3715 4051 1 6998 5908 5 2933 3482 1 4285 4648 1 4116 4483 2
5584 5386 4 5576 5824 2 3823 3040 2 5475 4884 2 3365 4488 0
3883 3773 3 4632 3827 1 2784 4766 0 3418 3306 1 4997 3827 4
3107 4009 3 6902 5628 2 4417 4114 5 4964 4850 2 3847 4081 2
5502 4481 2 4729 3567 2 4666 5689 3 3714 4234 1 4333 5289 3
4971 6014 4 4973 4643 4 3326 4258 1 4903 2858 2 4699 5015 6
5072 3721 3 2903 3240 1 3943 4569 1 4347 4814 3 3345 3725 2
5172 6031 2 4654 3680 3 4932 5411 2 3645 4306 1 5695 4878 3
3453 3319 1 4221 5160 3 5327 3866 2 3677 3951 2 3802 4082 2
5526 5397 4 4288 5369 1 5222 5101 4 4607 3975 1 4203 4917 1
5239 6652 0 2552 2789 0 5078 6078 1 6144 5386 4 4260 3002 0
2690 3257 0 5253 4661 2 4419 3549 2 4697 3625 1 3646 4907 0
2318 2474 1 5927 6754 2 4585 3990 1 4317 3903 2 4590 5248 2
4068 2881 1 4609 4115 1 4410 4861 5 3557 5144 2 3973 4220 2
3642 3736 4 3742 4099 2 4661 4957 5 6095 6396 4 5075 4677 1
4415 4730 2 6900 6266 7 5606 5189 5 3489 3252 1 5284 5050 4
3958 5104 3 4264 5000 4 3248 2912 0 5168 4874 2 4631 3550 5
3909 4817 0 5093 5327 0 4198 3716 4 4107 4867 2 6767 6071 4
4388 4704 1 5881 4491 2 4056 3278 0 5667 6798 2 3336 3457 3
5691 6116 1 3464 3818 0 4746 3895 4 4000 4903 1 5101 5028 5
3679 5166 2 5235 5164 4 3937 3395 1 4745 5486 3 4598 3439 6
5669 6077 2 4444 4084 1 4765 4616 1 4358 5415 1 3705 3327 0
3523 3982 2 5119 2878 2 3805 4611 2 6560 5205 6 4270 5865 3
4837 6480 0 4748 4714 1 5052 3968 1 3739 3862 1 4032 3479 3
4914 4907 7 3115 2703 1 4080 4342 1 4536 4748 4 5842 4822 4
2738 3521 2 4135 5236 1 4677 3779 3 4472 5419 2 6483 5012 2
3438 3679 2 2849 3615 1 4293 3694 2 4326 4384 2 4888 4243 2
5471 6009 4 3308 4203 3 3756 3401 0 4147 3535 5 4613 3906 3
4704 5166 2 3999 4723 2 6520 5151 5 3821 4148 1 4926 5622 6
3550 3404 0 5309 5688 2 4538 5072 1 4930 4714 2 3935 3989 3
3218 4029 3 4470 5939 6 3496 3595 3 5212 3515 6 4483 4555 1
4622 5170 0 6364 6055 0 4864 5417 1 5397 5452 5 3678 3715 1
6672 5860 6 4464 4249 4 4945 5450 4 3317 4823 3 5395 4029 2
5190 4222 5 3624 5121 2 4216 4386 3 4125 3375 2 5289 4605 3
4866 4259 2 4995 5371 3 3756 3535 0 4172 4878 4 5094 4956 2
5439 6105 2 6299 5546 5 6058 5679 5 2061 2771 0 3553 4336 2
6150 5125 1 3707 4943 0 4036 4531 0 3300 3867 0 6126 4559 3
7639 5503 4 4460 5384 3 4305 4170 3 3447 3403 0 5037 6338 5
3985 4145 3 3707 3859 2 5519 5015 2 4225 4943 4 4784 5157 2
3496 3375 2 4665 6478 6 3976 5186 3 4445 4412 5 6463 4051 5
2748 4300 2 4519 3360 2 4840 4865 7 3060 3643 2 4432 3438 2
4619 3812 0 3004 4393 1 2746 3509 2 5867 4950 2 5792 5158 1
5404 5679 4 4166 3522 2 4823 3765 2 4350 5973 4 3077 3784 2
3334 3339 0 5051 4248 2 5357 4017 3 4687 5605 1 4178 5711 6
5389 4349 3 6232 5163 2 3786 5923 3 4846 4607 4 4366 4457 2
6493 5645 3 6157 5351 5 3402 2679 4 3765 5608 4 4269 4496 1
3974 3518 4 3929 3749 3 5195 4896 5 5057 3986 1 3723 5539 4
5192 4984 3 3851 5328 5 5196 4735 3 5210 3863 4 4319 4785 3
4763 6109 4 4954 4590 3 4202 4529 2 5013 4833 4 4866 3694 2
3362 2837 0 5015 4345 2 4243 5028 2 4060 5448 1 4614 4584 1
4957 4064 5 5723 6026 6 3351 3637 1 5009 5392 1 3577 3455 1
2283 3608 3 5241 5512 2 4784 3595 3 4368 4445 3 4843 3567 2
1977 2137 0 4653 3711 2 4501 4148 3 5422 5182 4 4157 6015 5
4468 4384 2 5042 5061 1 4704 5330 1 3819 2866 1 5863 6167 4
4657 4448 3 4686 2941 1 5951 6389 3 3909 4881 2 3461 4010 2
4256 3479 0 4251 5014 2 4686 5766 1 5008 4062 1 5382 4768 4
4290 4178 3 3844 4220 2 3008 3073 0 6467 5518 4 4648 4767 2
4352 3775 0 4334 3581 4 3397 5550 4 4280 3751 2 4639 4522 3
4133 5153 1 4919 5543 3 7572 4357 7 3171 4520 2 4874 5462 4
5317 5433 4 3818 3928 2 5476 5322 1 4980 4608 1 4776 5114 1
5118 4163 5 3485 4067 3 4137 4048 1 3911 4820 4 4447 3491 0
4426 5246 5 5487 3823 6 4108 4555 3 5861 5240 2 2381 3141 3
5144 3958 2 4384 5351 3 5152 4290 2 3845 4563 2 3410 3765 2
4075 5135 3 3898 4992 1 5443 4461 7 4748 4205 1 3512 3541 2
4139 4303 3 6324 5332 6 4487 4386 2 3502 4117 4 3767 4791 2
3739 4056 2 4160 4097 5 2661 2818 3 3876 4219 2 5661 5890 9
4420 3476 4 4272 4090 4 2754 3744 1 4674 4493 2 3191 3238 0
4185 4346 1 4938 4501 5 3435 4283 2 5281 5720 5 4348 3763 3
4607 4807 3 3773 4989 2 5751 4281 2 4842 3788 3 4048 4956 3
4351 3942 3 4368 4476 1 6762 6289 3 4021 5307 0 3384 3678 2
3504 3744 0 4318 5654 3 4780 4727 4 6136 5032 2 5429 5215 2
4183 5222 4 6087 4673 3 2950 3224 3 3541 4609 2 5815 4820 6
3998 3308 1 4494 5065 0 3554 3225 0 4832 4393 0 4355 4854 1
4789 5615 6 3611 3247 1 4192 3511 1 5122 5409 5 3512 4265 1
4199 3678 3 5425 5147 5 4387 4071 1 3860 4340 3 4123 4285 3
4904 4096 4 3814 3514 2 5230 5377 6 3224 3970 3 5675 5629 3
4707 4704 2 3881 4268 0 3800 4483 0 2814 4085 5 5335 3669 2
4621 4394 1 4323 3505 2 4249 4923 2 4101 3635 2 4928 5253 4
5004 3779 1 4193 4623 2 3036 4381 3 3784 4095 2 3930 3878 3
5685 6170 3 5574 5340 4 3866 3859 1 4420 4939 6 4484 4473 1
4509 5101 3 3851 2880 3 4815 5129 2 4163 3548 3 5537 5701 6
4981 4009 0 3674 4015 1 4163 4135 3 4991 5626 3 3674 3384 1
4130 4089 1 4543 3582 2 5098 5210 1 4512 6068 3 4485 4246 2
6381 5403 4 3882 4060 3 4736 5633 3 4353 4647 3 5008 4748 5
5979 5930 3 4203 4746 0 4124 4174 1 4257 3813 2 4835 5005 1
3995 3995 2 3928 4214 2 3825 3285 4 3934 4654 3 4315 4388 4
4387 4398 2 4157 4130 2 3799 3731 3 5657 5030 0 3391 4043 2
4510 4895 2 4669 4098 3 4489 4513 5 4794 5316 4 3501 3760 2
3004 2929 1 4863 3632 3 3695 4548 1 6790 6779 6 2704 2792 0
4838 4082 2 4378 5693 4 3760 4063 1 5691 5728 8 4612 4286 3
4360 5288 4 5218 4423 3 4681 4979 2 4405 3841 1 3273 3604 4
3803 4829 1 5411 4730 4 4973 6156 3 2219 2311 0 5508 4604 2
3605 4137 2 3612 3593 2 6184 5550 5 4518 5400 5 5165 4868 5
5764 6253 0 5111 5531 4 5015 5078 5 3705 4096 0 4508 3805 0
4908 5107 1 5987 5047 8 3455 3627 0 4342 3777 2 3945 4436 0
4624 4868 3 4598 4326 3 3608 5086 1 5606 4436 1 3686 4240 3
4663 4470 6 4959 4279 3 4606 5264 4 4183 4646 6 3964 3943 4
4965 4421 3 4884 5563 2 4070 5009 3 6401 5773 4 3703 3384 0
3382 3592 1 4401 3582 3 5504 4615 3 3424 4554 3 4725 5006 3
8423 8002 6 5833 6552 3 5515 6118 1 3484 2389 2 4676 4974 2
4562 4190 1 4598 5646 5 4697 4511 0 3735 3623 1 5465 5200 3
6086 6453 6 4793 5889 2 2727 3175 1 6542 4188 1 3950 4273 0
5792 5850 5 5286 5894 5 4079 4540 4 3560 2928 3 4566 4179 1
2032 2280 1 5047 3862 1 4316 4129 2 5088 5721 3 5068 5198 5
4680 5543 3 5561 4618 7 5239 5520 4 4103 4350 3 3695 3482 3
5136 5172 0 4885 4234 1 4232 3654 3 4201 5623 4 5043 4272 0
5005 4368 2 3894 4595 2 4733 5445 2 3699 3716 3 5061 4570 0
4043 3252 1 2184 3177 0 5450 5847 4 5257 6208 5 4991 4683 4
5651 6426 5 6821 6091 2 4005 3682 3 4914 4533 1 4128 4277 1
4810 4598 4 4417 4008 4 4768 4373 0 4532 4516 1 4071 5470 3
5865 5060 0 4330 3809 1 4382 5468 4 4263 4016 2 3921 4347 3
3750 4048 1 3773 4410 0 4400 5880 3 5837 5662 4 5882 4482 2
6858 6824 5 3686 4390 3 3106 3226 0 6073 5074 2 3960 4881 0
5682 6850 5 3359 4899 2 4223 3997 2 3836 3560 0 6867 4815 2
5114 5797 2 4405 4647 2 5591 5627 5 4354 3992 3 5005 4109 3
4315 4122 2 3556 4095 4 3044 3171 0 5319 5305 2 4733 4153 2
3963 4724 2 4047 4954 0 5271 5261 2 4902 5093 3 3918 3209 7
5052 5110 4 4251 6577 4 5416 3785 4 4936 3204 2 5040 5800 6
4305 4598 1 4054 3047 1 5936 5307 3 3804 4005 2 4088 4871 3
2784 4499 3 4355 3971 2 3263 4198 0 5664 5107 4 5919 3946 0
4664 4593 1 6056 4495 0 4467 4968 1 5659 6800 1 4745 4113 0
5322 5576 4 4921 4799 2 5784 5049 4 3334 3961 1 3583 3853 6
4294 4556 4 3292 3555 0 4568 4930 3 5318 4924 1 6326 5767 5
3347 3815 5 4166 4932 2 4959 3995 4 3891 3667 2 4751 4175 1
6270 5311 8 4633 5540 5 3307 4047 5 3223 3642 3 6090 5104 7
4900 3703 1 4574 4236 3 5366 4793 4 3596 5300 4 4676 4942 3
5308 6073 1 3671 3158 0 4134 4393 3 4556 4641 2 3571 3023 2
5074 5595 4 5986 4153 3 3556 3589 2 3844 4190 2 3710 4949 4
5832 5836 3 4465 4175 1 4545 5581 2 5055 4400 6 4511 4543 3
4429 3844 2 3609 2837 0 4433 5141 3 3130 4003 3 5865 4517 4
6378 5723 2 5162 4254 0 2831 4432 2 3809 4106 2 3866 3939 3
4687 5264 5 3779 3589 3 5944 5251 5 4168 4128 3 3153 4391 3
4938 4377 3 4717 3424 1 3608 3347 0 4100 5132 0 4151 4720 3
2991 3706 1 5629 4335 5 6659 7217 8 4333 4659 3 4692 4661 2
5000 3336 0 4902 5226 2 4388 4845 1 5549 6427 3 3953 3663 3
6080 5447 4 6432 6288 2 4709 4438 1 4015 4439 2 3202 3917 1
3557 4344 2 5226 6572 1 5192 4625 1 4682 3843 2 6751 5839 5
6212 6622 2 3967 5045 3 5131 3925 1 3679 3264 1 5722 5375 7
4192 5442 2 5558 4474 1 3816 3873 1 4694 5487 2 4847 4651 0
3486 5271 6 4682 4375 1 5228 3385 3 5190 4469 2 3985 4442 3
2678 3108 1 5797 4909 3 5018 4343 2 4692 4568 4 3799 4765 2
3994 4809 1 3496 4366 3 4787 4142 5 3787 4620 3 5252 4653 8
3280 4529 1 4650 4029 1 4224 5141 2 3516 2901 1 4275 4692 5
3993 4312 3 4815 5189 3 4219 3637 2 4157 4112 3 4543 4686 3
4345 5094 4 3542 4090 1 4549 2859 2 5995 5401 6 2560 3213 3
3689 3739 1 3320 2779 1 4291 3616 0 5150 3898 2 4275 6158 2
3563 3229 2 4551 3605 0 4068 5818 2 4685 4268 0 5305 6040 0
5596 6608 6 4940 4118 2 4426 4380 4 4233 5033 2 4929 4458 5
4848 5268 2 5043 4499 3 3871 2968 0 3943 3933 1 3162 4538 1
5524 5867 5 4352 4121 3 4668 5437 3 5072 4595 2 3892 3583 4
4886 3684 7 2661 4267 1 4460 5955 4 4563 4380 3 4437 3326 3
4945 5311 3 6300 5630 2 4288 5141 0 4049 4695 2 4022 3671 0
4458 4999 1 2933 2815 0 3102 3246 0 4989 5300 2 4948 4717 2
4762 3836 1 4314 6214 4 4289 4367 4 4802 4463 1 4439 4258 0
4465 4229 2 5702 6121 4 3413 4436 4 4976 3623 4 4293 4019 0
3978 4205 2 5209 4992 2 4004 2945 0 5214 3967 1 3773 5536 3
3925 3959 0 5206 5352 4 5122 3993 6 4208 4933 6 3293 4250 2
4343 5331 6 6485 5690 2 4595 4806 3 4407 4269 1 4386 4047 0
5011 5110 3 3954 4036 0 4099 3912 2 6483 5188 4 3851 4946 2
4776 3716 4 4218 4279 3 4151 4986 2 4095 4183 3 4036 5201 4
3090 3992 2 5251 3838 1 4106 5258 4 4324 3709 4 3707 3389 2
4264 4728 3 5028 3943 4 3623 4738 3 4183 3648 2 4533 4541 2
4849 4294 3 4225 3659 4 5175 4993 2 5005 5001 1 4037 6347 0
4927 5760 3 4692 3698 2 5526 4091 1 3689 3928 5 3508 5626 1
5144 6844 4 4510 4105 1 3661 3934 2 5793 5378 4 4121 3873 2
3352 3888 0 2985 4096 1 3602 3322 0 4539 4342 1 5086 4212 2
4701 4746 5 6959 7360 6 6784 6099 3 6240 4091 3 2315 3823 1
5252 4497 3 3527 3682 2 5153 5199 3 3394 4048 2 4418 4084 0
4013 3862 4 5287 5157 2 4126 5600 1 5104 4549 3 4456 4631 2
4694 4908 3 4374 4504 4 4619 4391 0 4012 4659 2 4841 3991 1
3874 3474 2 4954 5438 5 6045 4752 0 4299 5472 5 5405 4795 1
4166 4281 2 5327 4043 1 3989 5497 1 3646 5616 4 4675 3345 2
3864 3242 3 3482 4400 4 4411 5987 10 4740 3941 6 4714 3597 4
5455 4858 5 3790 3675 2 3825 3329 0 4133 5169 2 4325 3339 6
3886 4983 0 4706 3410 3 4844 4343 1 5867 6125 4 3719 3903 3
3200 3866 0 3515 3474 2 3716 3617 0 5803 6273 4 3824 3341 1
5681 4960 4 3407 3677 1 3426 4276 1 3362 4157 1 3551 3277 1
4018 5088 2 3852 3394 4 5357 4972 4 3859 3755 4 4967 5374 6
7166 6061 3 4456 4843 3 4201 5118 4 4108 3576 1 3588 4136 5
4965 4124 3 4482 4164 0 3033 3782 1 7008 6472 4 3903 4294 2
5586 5588 3 5622 5707 4 2927 4057 0 5042 4929 4 3897 3466 0
3917 4683 1 4322 3713 2 4790 5435 2 5103 4553 5 5358 5545 2
4773 4484 0 3914 5136 2 5658 4825 2 5097 4942 2 3615 3676 1
4717 4853 1 4521 3842 0 3861 3546 1 4144 5915 2 4253 2801 1
4431 4957 2 3680 4564 2 4784 4016 4 4228 3793 1 5871 5669 1
3861 4370 2 5016 4523 2 5849 4205 2 4189 4745 1 3116 5001 0
5004 3964 3 3802 4019 5 3717 5744 4 5280 4458 3 3040 2805 2
3570 4640 2 4952 4669 1 4730 4754 5 4426 4089 4 4002 5078 1
5175 3801 2 3611 5651 3 4102 3885 1 5349 5405 7 5175 4169 3
4682 4310 6 5205 5721 3 4285 4194 4 4075 4333 4 4553 4632 2
3874 3337 2 4624 4623 2 6447 5999 2 3883 3559 5 3863 5554 2
3913 4554 3 4956 4654 2 4515 4626 0 4617 2804 1 4559 5778 2
3804 4827 2 6712 5415 5 5213 4588 2 4885 4847 4 2706 3821 3
6261 3550 6 4133 4429 4 4523 7199 4 2757 2897 1 4142 3816 1
5230 5322 1 5935 4570 1 3101 4266 1 5237 5112 3 3979 4043 0
4019 3617 0 3400 4611 3 3853 4958 0 4086 3666 0 5097 4152 1
4821 5041 1 3856 3594 0 3137 3057 0 5455 5752 1 4179 4336 1
4245 3217 1 4900 5862 4 3539 3868 1 3618 5845 5 5232 2767 4
3587 5375 2 3456 3001 1 4552 5118 2 4121 3872 6 4807 3762 4
4065 3762 1 3921 3935 3 3382 3826 3 5179 5196 5 4506 4574 2
6090 4509 1 4035 5458 6 5602 3877 3 5203 5397 5 3323 4613 1
4536 4762 1 5004 3913 6 3960 4945 1 3841 4732 4 4029 4308 1
4148 3135 3 4641 3426 1 5730 6813 5 5180 5275 6 4717 5500 4
4655 4191 0 4481 5243 2 4398 6084 0 5747 4056 2 5620 5773 1
4282 4637 3 4079 4953 2 4540 5814 2 5628 4663 2 5487 4271 0
6397 5740 3 5440 6074 2 4756 4112 4 4037 3263 2 4348 6380 2
4158 4614 1 4159 3652 1 5521 5050 2 5563 5292 0 4193 5206 3
4170 4360 2 5037 5250 1 4276 4048 2 5615 5016 2 4326 4346 0
4711 5037 6 4079 3833 4 4075 5222 0 4301 4791 3 4525 3572 5
4115 5081 0 2965 2500 0 3674 4221 3 5609 5331 4 4166 4520 4
5084 4881 2 3460 2543 0 3718 3342 1 4538 6732 4 4188 3657 3
5024 4128 3 3968 4486 2 5113 4601 3 5163 5182 1 4675 4612 2
5386 4915 3 3713 4439 2 4798 4128 0 5255 4641 2 4817 5227 2
2961 2898 2 4225 4912 2 4447 4802 6 5077 5218 6 4607 3442 1
4450 4734 0 2612 2909 0 3940 4291 1 4460 4546 1 4547 4481 1
5690 6479 3 3502 3816 1 4555 4759 0 6136 5245 3 3505 4770 4
5912 5665 1 4692 4875 3 3961 4468 1 5036 4700 3 3841 3784 0
5574 6397 2 4676 4153 2 4227 4236 3 3301 4317 1 4591 4575 3
3919 3149 2 4568 4961 2 4058 4340 0 5346 5072 4 5131 5114 3
4828 4127 3 5915 6006 4 4638 5737 4 3348 4447 3 5016 4479 3
4801 5139 0 5526 5608 1 3821 3819 1 5602 4287 1 3534 4238 2
5219 5533 2 4695 3430 1 4204 5693 1 3969 4650 1 5015 4226 1
4401 3753 3 4479 5027 1 3715 3990 4 4182 3192 2 4066 4740 3
5638 3488 6 4014 4878 2 5784 5481 4 4400 4593 3 4561 5435 2
5105 6005 5 5503 4515 3 4463 4355 3 5771 6510 5 4264 3615 3
4876 4796 0 5181 3861 2 3411 4658 4 3326 4237 2 4688 4418 3
5135 4936 4 3951 3970 3 3916 4778 3 2882 3677 3 4842 4064 2
5626 5319 2 4087 4397 1 4183 3820 0 5090 4762 1 4272 5452 1
4247 3793 3 4608 4741 2 3732 4276 4 4877 4501 3 5570 6138 2
3612 4735 3 4710 5564 1 5013 5391 3 5536 3071 4 3495 3793 2
4263 5396 1 6447 4477 5 4954 5022 2 4932 5246 6 4292 4999 1
5422 5606 2 4453 4826 1 5150 4771 1 4856 4060 1 4107 4436 0
3320 4999 1 4741 5095 2 3110 4794 0 6159 4024 2 4863 3933 5
5513 4631 2 4721 4987 1 4664 5622 2 5028 4649 1 4653 4800 2
3673 3390 0 5537 6761 2 3671 4863 3 3823 4085 3 6370 3320 5
4110 3768 1 5264 5656 1 2582 2855 0 4232 5154 2 5161 4910 1
4173 5441 0 5987 5195 0 3954 3477 0 5740 5628 2 5647 6825 3
3935 3688 1 5293 5207 4 5363 5553 7 4212 5181 2 4463 4568 2
3016 2888 0 5272 3793 3 4914 3985 2 4510 6496 4 4665 5522 3
5554 5208 2 3930 4424 2 4284 2276 0 4055 4514 1 4127 5421 1
5696 5808 2 6292 5475 3 4086 5217 1 5329 4918 3 3603 4370 3
5635 5420 3 4467 3893 2 5047 5513 2 3358 4206 5 4163 4273 1
4969 5097 6 6480 5913 7 4118 4988 0 3767 3829 1 3904 3923 4
4170 4899 0 3855 4340 2 3948 4103 1 4065 3963 1 5451 4902 4
4559 5559 2 5031 5366 3 4529 4685 1 5345 3811 3 5264 5284 4
4322 4481 2 5465 5968 3 4506 5036 2 2749 4099 1 5288 3450 2
4725 4578 2 5565 5964 3 3532 3725 1 4437 4419 3 3394 3370 0
5541 6223 5 5680 4996 4 5276 4984 5 4063 4623 2 3064 3626 0
4255 5181 3 3833 5014 1 5431 3527 1 4543 3821 3 3348 4096 1
4958 5070 4 3735 3690 3 4130 3673 2 3698 3761 1 4607 4122 4
4000 4537 0 4694 5199 1 3516 2523 1 4545 4589 1 5031 5347 2
4250 4736 6 4737 5570 4 7077 6933 10 3270 2283 0 4353 4853 1
4756 5273 2 2734 3356 0 4347 4124 2 4244 3975 2 4052 3699 2
3840 4601 5 4703 4020 3 5128 5137 6 4095 4687 2 3631 3910 0
5723 5458 3 4041 5489 3 7797 5885 3 4627 4863 2 3335 4060 0
4233 4645 4 4702 4208 0 4385 4536 1 4455 3910 1 4623 6368 2
5663 6128 4 3652 4632 2 4127 3476 1 3947 3282 2 4935 5640 3
4119 5195 1 4441 5475 1 4769 4036 1 4947 4477 3 4179 3492 1
4271 4171 2 5769 4843 2 3624 4961 4 2424 2680 1 3764 4671 2
3879 4532 3 3554 3572 2 4375 3671 3 3908 4006 4 4875 5784 3
6023 6436 5 6107 5830 3 4244 3935 1 4220 3691 6 4785 4674 3
3857 5147 2 3728 4440 2 4762 3884 5 5315 4156 2 4283 5350 2
5078 4542 2 6604 5057 5 2458 3501 1 4727 4202 1 4750 6059 1
4920 4573 2 5344 5000 5 5304 5241 2 3960 4779 1 4942 4792 5
5931 4802 3 4357 5315 0 5147 4885 1 3942 3727 2 4711 5527 8
5111 5615 3 4052 4793 1 4803 6472 2 6952 4742 3 4023 3771 1
2898 3377 0 5594 5257 2 3191 3675 2 5817 4475 2 3250 4491 1
4985 4284 3 5281 5215 6 4820 4393 1 4164 4214 2 4456 5400 4
4518 4521 1 5241 4088 1 4851 4956 2 4444 4873 3 4746 5167 2
3032 4032 2 4704 4019 2 5719 4229 3 3619 4132 3 3681 4419 2
4841 4203 2 5065 5252 1 4492 5378 2 4543 4109 0 3994 4521 1
5733 5820 6 5623 6536 4 5070 5160 4 4364 4082 3 5582 5643 2
3856 4473 1 4902 4130 1 5036 5795 3 4212 3935 1 4966 4802 2
5018 5472 5 4134 4218 2 4593 3417 1 3646 4060 2 4497 4964 3
4051 3665 2 4626 3959 4 4980 5447 2 2781 3322 2 5226 5593 8
3376 4621 3 2922 3568 0 3664 3320 0 4694 4054 2 5105 5110 0
3825 4958 2 4187 3756 4 4345 5710 3 4070 2759 2 5054 4693 3
4476 5145 3 3947 4758 1 5799 4807 8 3858 3096 0 5110 5362 2
3319 3847 0 4267 4398 1 4166 4112 0 5495 4871 5 4265 4892 4
4185 3462 1 5220 4836 3 4054 5699 6 4719 4063 1 4894 4982 3
4587 5678 1 4434 4740 2 4065 4030 1 4343 4605 3 5050 4714 2
6673 6838 4 4758 5425 3 4062 3853 2 5450 5238 1 4120 3662 2
3103 3881 1 5049 4335 3 5495 6066 5 4821 4242 2 4645 4330 3
5709 6271 5 4488 5129 3 4548 4471 4 4368 3986 1 3665 2965 2
3454 4354 3 5095 5374 1 4070 4479 2 3940 4119 4 5178 4410 2
3819 3714 1 3512 4079 2 4634 4673 2 4091 3678 3 4582 5334 3
6631 6855 5 4219 4159 2 4066 4214 1 5517 4068 1 3205 4741 2
3756 3833 0 4453 4192 1 4278 4026 0 4471 4041 1 4856 5596 4
2955 2693 2 4556 5056 1 4398 4448 3 5257 5093 4 4424 4849 3
4930 4943 2 4546 6044 1 4921 3396 2 5487 3937 2 4361 6040 2
3274 4251 3 4170 4330 2 6302 5180 1 4339 3883 5 4890 5629 3
4512 3981 0 3634 2768 0 5098 5315 2 4540 5452 3 4153 4507 3
4754 4271 1 4245 4626 2 4232 3316 2 3728 4689 1 4680 4341 3
4918 4401 4 4783 5269 1 3997 4008 1 5015 3620 3 3411 4749 1
3420 3220 1 3729 3998 1 5307 4262 2 3933 5097 2 5420 4781 4
5105 4794 1 4305 4755 0 5461 4949 3 4732 5680 2 5468 4823 4
4111 5724 0 2278 3452 1 4754 4203 2 4834 3690 1 6335 5407 2
5069 5066 1 5336 4637 1 4756 4728 2 3562 4399 1 4889 3881 1
5296 5309 1 3700 3836 3 5648 4765 4 3347 4473 1 4335 4430 2
4646 3648 0 5840 5186 5 3962 5118 1 4502 4756 1 3555 4226 1
4692 5343 2 4948 5229 3 3917 2802 1 4127 3803 0 4201 5194 2
5258 4457 2 5320 4793 3 2657 3847 2 4630 4168 5 3588 4056 1
4955 7175 2 5366 4504 2 6429 6054 7 3712 3531 1 4744 4830 2
3216 3577 2 5896 5004 1 4180 5286 4 3629 2725 3 5453 5836 3
4947 5216 3 3678 4065 3 5061 5175 5 3961 2807 0 4480 4499 6
5071 5901 3 5096 4845 5 5249 5076 4 4235 3527 3 4692 4508 2
4257 5319 2 3162 4226 2 4287 4518 2 5813 2538 3 2472 3706 1
6120 5341 1 4307 4404 0 6159 5070 5 3516 3357 2 5236 6192 1
3675 3426 4 3887 4033 2 4778 5299 2 3493 4569 1 5116 4103 1
4723 4500 2 4277 5072 3 5049 4151 2 3980 3545 0 4434 5242 5
5830 5226 4 4072 5142 2 4443 5924 1 5649 4612 3 4478 3497 3
5379 5234 1 5343 4268 3 3893 3169 1 3568 3837 3 4256 5194 1
3593 3796 0 5202 4849 3 4587 4892 2 4310 4157 2 5123 4626 2
5279 4314 3 4975 4355 4 4710 4688 1 3882 3540 0 3646 5941 3
3506 4348 1 4808 5119 4 3472 3384 0 4949 5434 3 3725 2726 0
4503 5054 4 6309 5552 4 4301 4417 1 4723 4895 3 4461 4188 3
4393 4432 1 3728 3411 1 4096 3228 2 5227 5008 2 3456 5333 3
6412 6887 5 7129 7406 7 6443 4822 4 4120 4763 2 2568 3834 1
6024 5210 6 3819 4961 2 5026 4776 2 4258 4924 5 5078 4544 2
5655 5934 3 6165 7067 3 3767 4270 2 4668 3678 1 6197 5656 3
5010 3888 3 4044 4668 3 4046 5021 5 4219 4587 1 5184 3834 3
3372 4599 3 3214 4623 2 5175 4651 4 5343 4345 3 4031 3340 0
5724 6363 5 6259 5118 4 4133 4051 3 4183 3873 2 4845 5661 2
6530 6039 2 5083 5407 0 3924 3776 2 4637 4725 3 3877 3437 1
3456 2607 2 2497 4555 2 5193 3425 4 4045 4153 2 4729 5189 1
5473 5164 2 3342 3037 2 3865 5191 2 5641 4591 6 4124 4922 4
3414 3410 2 5107 6617 3 4417 4563 2 4215 4015 1 5999 5145 1
4990 4917 3 5367 5590 2 3359 3904 4 2862 3802 1 6721 5317 5
5816 6613 5 5111 5071 3 4299 4252 1 6469 5368 2 3466 4528 0
6128 6145 3 4029 3127 0 5239 5637 3 5534 4708 3 3936 4051 1
4172 4533 2 4998 4504 3 4776 4468 2 5123 4905 4 5665 6314 4
4883 5194 2 4581 4079 2 6347 5454 2 2878 3769 1 4322 4185 2
3197 3018 1 5950 6789 5 5315 5891 5 4643 4833 3 5352 3739 0
4715 5073 1 4130 3968 5 4350 4872 1 5041 5353 4 4255 3656 1
5984 4971 3 3819 4613 0 3971 4127 3 5117 5103 4 3961 4251 3
4834 3763 1 5358 4690 5 3738 4585 1 5062 5222 1 4434 5128 3
4293 5719 3 5109 4393 6 4275 4210 4 2012 2844 1 5139 4563 1
5904 4586 3 3714 4340 2 3389 4476 2 5125 5315 5 2701 2746 0
3774 4945 0 5817 4451 6 4463 5244 3 4593 5092 2 3256 2593 0
4852 5787 4 4065 4882 0 5164 4246 2 4911 4409 4 2446 2912 1
5414 5789 3 4660 4265 3 5670 5387 3 4411 4337 1 5472 5542 2
5232 3908 2 4284 5479 2 5694 4941 4 5563 5612 5 2696 4144 5
4271 4529 3 3637 5702 1 3583 3620 1 3382 2756 3 5534 4154 3
3150 3692 1 4177 3873 4 4128 4067 1 4123 4448 2 5755 5755 4
4393 3377 1 5060 7077 5 6564 5915 3 3600 3543 1 5811 6238 7
4003 4141 3 4374 3819 3 3596 4095 2 4443 3990 2 4472 4592 3
5374 5857 5 4844 6013 0 4315 4394 2 5028 4859 1 4278 3790 3
3592 4712 0 3965 5340 4 4343 2975 0 4999 4614 2 5857 5461 5
6704 4906 5 4673 5871 3 5475 4783 5 4679 5694 4 3697 3811 0
5364 4190 2 4727 3959 4 3290 4726 0 5832 4977 0 3390 4496 2
4385 4710 4 5823 5302 5 4426 4336 5 4746 5114 3 5227 5158 4
4780 5121 2 5018 4886 4 3680 3472 0 3147 3989 1 5413 5116 4
5916 5361 3 4149 4693 2 5739 4194 3 3545 4328 0 3593 4081 1
4424 5253 2 3871 3511 1 4722 5053 5 4305 4647 4 4723 3984 2
4110 3232 1 5335 6103 1 4022 4140 2 3575 4691 3 4566 4101 2
3793 4165 1 4183 4289 2 5631 4054 4 3956 5874 1 4121 4168 0
3600 2937 3 4580 3811 1 3337 3756 1 5230 4308 2 4145 6084 3
4552 4966 2 5104 5778 7 5347 5259 3 5318 4821 2 3494 3004 0
4868 6474 3 6160 4266 1 5959 4310 2 3203 4345 2 4026 4576 1
6139 5997 2 4793 4564 3 5963 5178 3 3629 3375 3 4552 5616 3
2757 2837 0 4029 5411 1 3569 2704 1 4097 3560 2 5356 4843 3
4440 4825 4 3817 4762 1 5510 5514 1 4795 3696 0 5169 5373 2
4050 4724 2 6046 4497 1 6249 7103 4 3503 4181 1 3971 3927 2
3541 4053 4 3300 3188 1 3298 4232 3 5453 4834 7 4331 4177 4
5095 5541 7 5238 3885 5 4292 4078 0 4139 5873 2 4126 3801 2
4477 4647 4 3592 2639 3 4843 4026 4 3680 5863 4 4548 3752 2
4983 4750 3 5320 5109 7 5514 6787 4 4418 3730 4 4474 4523 1
4288 3379 0 3848 4683 0 4637 5482 3 4637 5051 1 4149 4366 1
5011 4860 3 4325 3510 3 3678 4908 1 4856 5727 6 3845 3930 1
3959 4381 1 5882 5199 6 4967 4427 4 5149 4165 3 4552 6012 4
4890 5518 2 6043 4837 2 3318 3710 0 4835 5271 1 5322 5986 4
3344 3657 1 5887 6233 3 2796 3011 1 5411 3838 2 4122 3964 0
5426 3889 1 4312 4879 1 3957 4322 1 4470 4152 2 3630 4637 2
4658 4378 5 5908 5867 3 4255 4900 1 5891 5972 3 4056 4594 0
4496 3865 3 4640 5626 3 3159 4607 3 4739 3297 3 3757 4761 0
4738 4104 1 5077 4766 5 2928 3979 5 3898 4477 3 5050 4628 2
2533 2839 3 4949 5155 7 6455 4847 4 4601 4299 3 3599 4481 2
3711 4610 3 4708 4437 2 4751 3592 1 4464 4260 1 3829 4211 2
2500 3562 0 4284 4099 2 2749 3895 0 4820 4709 3 5798 3890 1
4582 5348 3 4526 3377 5 4443 4790 3 4962 5722 3 4656 4868 3
5045 4988 4 4039 4878 1 4630 4752 5 5552 5888 1 4790 3932 0
3959 2753 2 5005 6014 4 3085 4117 3 3549 3622 1 4515 5171 5
3409 4073 0 5375 4156 4 3054 4721 4 5168 4579 2 3554 3782 0
4314 4124 1 3675 3426 1 4639 4392 3 4986 5950 4 5143 5003 2
4355 4859 2 4996 4804 7 4322 5274 5 3754 3805 3 4967 3805 3
3616 3729 3 5354 4199 2 5164 6029 4 2004 3000 1 6424 5842 7
4007 4075 3 5373 6107 3 3913 4409 0 6518 5717 5 4142 3865 1
4836 5165 1 5230 4642 1 4214 3782 0 4120 4784 1 4871 4173 3
3002 2713 1 4479 5521 2 5899 4925 2 4278 4601 1 4405 4930 3
4524 4678 1 5328 6033 6 3435 3589 1 4873 4331 2 4232 4278 1
4885 5277 2 5158 4607 1 3167 4534 2 4244 3385 2 4256 4007 2
4695 4089 3 3231 3684 2 3931 4025 1 4739 4272 3 4817 4410 6
4625 4760 3 4730 3373 3 4730 4909 2 5082 5848 4 3876 3560 2
3345 4941 0 3624 3665 0 6929 6426 6 2546 3558 3 5624 4126 0
2637 3127 1 3638 3834 1 5440 5161 2 4684 4431 5 4543 4325 2
4216 4229 2 5064 4586 3 2901 3353 1 6039 7269 3 5011 4072 1
4191 4871 3 5401 5544 5 5629 5753 3 4521 4135 3 4438 4210 1
7971 7159 8 4978 5435 2 4658 4763 1 4597 4800 3 3823 4297 0
5334 5493 1 3415 4137 1 4615 5137 3 4409 4376 1 5691 5066 3
5835 5027 2 5059 5930 3 5147 5540 4 3064 3097 2 4680 4999 3
6046 5477 4 5299 7136 2 4491 3281 1 3784 4456 2 5087 4493 7
5046 4635 3 4093 3786 5 5041 4860 2 3329 4558 1 3970 4194 1
4993 4809 3 5076 5090 5 4321 4307 1 4755 5062 4 3910 3411 1
4110 4842 4 6040 5700 3 5374 4446 4 4010 4160 0 4682 5218 2
3620 5205 1 4036 3173 2 5634 6913 3 4969 2858 2 3752 4014 2
4479 4947 2 5164 3393 2 4379 4963 1 4830 5560 4 4144 4564 2
5129 4990 2 5669 5650 7 3992 5290 6 4348 4495 1 4931 3228 1
4531 4757 5 4213 3447 2 3357 2654 1 3712 4088 2 4642 4975 2
3205 4675 3 6567 5946 2 4912 5072 3 5728 4596 3 3206 3463 2
4485 4541 2 4532 4903 1 5041 5847 4 3440 2292 0 4974 5032 4
4387 3916 3 5658 5737 8 2876 4761 1 4302 4284 2 5219 4038 4
3878 3904 1 3789 5398 1 4535 4848 1 3387 2471 1 5185 4404 2
4678 5181 0 5274 4760 4 4421 4623 1 4230 4590 1 4606 4041 4
4887 4948 3 4793 6095 1 5230 5042 1 5483 4454 6 4308 4442 4
6498 5137 2 4959 4974 2 4195 4936 2 4785 4693 4 4761 5788 0
4980 4983 2 3554 5916 1 6338 5672 5 5058 3448 3 4295 4190 2
5624 4749 10 3406 4080 1 5004 4373 3 4179 4858 2 3428 4308 4
5229 5050 4 5268 4741 3 4538 5935 7 4909 4273 3 4601 4220 0
6899 7016 6 5255 5379 3 4883 5878 3 3292 3265 1 3830 2951 1
5150 6581 1 6657 5677 5 5850 5015 4 4359 3690 3 3353 4230 5
5934 4566 2 3819 3317 2 3596 5064 3 4662 4541 4 5214 5057 2
3276 3745 2 5734 6575 2 4079 3158 0 4746 4332 1 4595 4170 0
4969 6194 3 3843 3761 4 4607 4436 1 4397 4996 1 5000 3716 3
5338 5093 4 4823 5729 2 3953 4484 3 3621 3584 0 4966 3928 2
4999 5573 6 4536 5485 1 5053 4812 0 4753 4422 3 3514 3384 0
5749 4943 4 4164 4942 0 4749 5080 1 4440 4171 0 3796 4133 0
3473 3740 3 4141 5861 1 3956 3624 2 5259 5071 1 5655 4194 1
5671 5677 7 4775 5417 0 4031 4721 2 4146 3422 1 4372 4969 1
2423 3269 3 4897 5528 6 4163 4562 6 3770 3720 4 5447 4309 10
5191 4876 3 4942 5455 1 5816 4554 0 5198 5325 4 4076 5073 2
4630 4144 0 4303 3795 2 4538 4237 3 4295 4826 5 2804 4008 4
3759 3727 4 3033 3304 2 4138 3534 3 5028 4909 3 3909 4972 4
7367 6054 3 5207 6950 6 4005 3340 1 3703 5556 2 4305 3820 2
4804 4523 3 5472 4396 4 3256 4371 0 3970 4314 2 4233 4478 6
7534 5322 3 4241 3683 2 3054 5563 1 4116 4037 2 4271 4497 2
6149 5073 1 5321 5501 1 4850 4759 1 5465 4997 6 3047 3693 0
3131 3825 5 4177 3746 3 4073 4432 3 4266 5084 2 5377 4467 4
6667 5185 3 3987 3765 2 3230 4688 2 3282 3576 4 4088 3575 4
3116 3876 2 4778 4489 2 5641 5953 2 3861 4297 0 4861 4770 1
4925 6131 6 6044 3752 4 3138 4151 1 3296 3825 3 4454 4583 2
5676 5848 4 4192 4766 5 3031 2806 3 3757 4177 4 5697 4197 5
5103 6162 3 6072 5283 2 3953 3599 0 3181 3616 0 5371 4917 1
6036 4581 3 5213 5909 4 4055 3988 1 3499 3639 2 5062 5482 4
4933 4589 2 5093 4850 5 3895 4817 2 3979 3914 6 4072 3787 3
4198 4065 2 5868 5552 3 3308 3704 0 4411 3982 3 3515 3826 1
5400 4940 5 4024 4083 1 4686 4479 3 5403 5483 4 5245 5097 3
4100 4987 2 4970 3765 4 4228 2919 2 5205 5353 3 3629 4338 2
3583 3252 0 3264 4827 2 4031 4869 6 6043 5127 2 3697 2933 3
3767 4356 1 5555 5496 3 4563 3977 3 4674 5988 2 4274 3467 2
4998 5525 1 4635 4456 3 3373 4829 1 3834 2908 1 5395 5059 2
3450 2495 2 3737 4502 4 3698 5016 3 5033 4926 6 3657 2645 3
4215 5071 1 5635 4482 4 5432 5633 1 3633 4077 1 5774 5395 2
5557 5065 1 4298 5813 2 4754 4369 3 5957 6069 5 3812 3429 1
3463 4453 0 5754 5270 2 5929 4857 1 4462 3904 0 5850 7156 4
4936 4702 4 2479 2894 2 6471 6385 9 4523 6104 2 3578 2559 3
4847 4047 3 3761 4760 0 5740 6080 3 5052 4973 2 4862 4526 2
3963 5342 5 3748 3103 0 4159 3780 3 3651 3826 2 6098 5302 12
4772 5338 1 2746 3647 0 3663 2009 0 4079 3866 1 4291 5323 3
7629 6893 6 2271 3395 2 3167 4593 0 5368 4185 0 4167 3964 3
4760 4589 2 3853 4839 3 4926 5277 3 5450 4377 3 5329 5952 5
5654 4326 3 3593 3152 2 4759 4908 4 2643 4069 2 5477 5945 5
4576 4460 4 3329 4137 1 5083 5146 3 4162 4386 2 5286 4719 3
3363 4814 2 4938 3220 2 4547 5675 0 2943 3685 3 5361 3883 1
3325 2654 1 4777 5295 3 3881 4471 2 4440 4122 2 5099 5731 2
4541 4619 1 3249 4204 2 5506 5068 3 5777 5073 2 4317 3946 0
4105 3998 1 2832 4166 1 4939 4846 1 3705 3650 1 5219 4605 3
4017 3154 1 3042 3110 0 4640 4867 5 3586 3728 4 5495 5376 3
3859 4205 3 4198 4350 1 4741 3277 3 3944 4417 3 4223 4004 5
3679 2472 1 4878 6399 3 5295 5517 2 5675 5257 0 3745 3930 0
4918 4494 2 1676 3164 1 5105 5220 3 5754 4635 3 3190 3547 2
3452 4485 3 4951 5077 2 3932 3336 0 3724 3208 1 4546 4237 0
5348 5630 3 3537 4344 0 5544 5251 4 5120 6102 4 5220 4219 0
3607 4280 2 3904 4481 3 5506 6210 5 4348 5086 7 5090 3586 0
4407 5393 3 2798 2740 2 5716 6149 3 5129 5546 6 7350 5743 1
4223 3255 2 4840 3576 2 6245 5751 4 4428 5916 2 5436 6420 2
4119 4252 1 5022 4580 7 4071 4939 5 4537 2578 3 3857 5627 0
3582 3972 1 4496 4635 3 3297 3976 0 3608 4726 1 5643 3934 1
5140 4855 5 3422 4430 3 4914 6129 2 5184 4958 3 4398 3549 3
4305 3581 3 4006 5708 3 4949 5101 2 2951 2432 0 5804 5773 2
5238 5933 3 3305 4559 1 6624 4507 5 4864 4846 2 3582 4607 0
4843 4598 1 3985 3801 4 5305 5461 2 4768 4635 1 3701 4300 1
3547 3763 0 3920 4449 3 5613 4842 3 4982 4823 2 5161 5223 2
4491 3818 2 3982 4071 4 4076 4571 0 3774 4343 1 4707 4161 1
4442 4968 3 4137 5763 2 4821 3735 0 4584 3666 3 3444 3813 2
3637 3881 1 5911 6143 3 3306 3412 1 6089 6283 2 4486 3859 3
6225 5792 5 6392 6039 4 3361 4856 3 4366 5295 7 4625 3969 3
3920 4430 2 4109 3751 0 4465 4867 2 6255 5500 1 4400 4850 1
4391 4857 1 4013 4191 1 5113 5232 4 5217 3941 2 4607 5222 2
4275 4208 4 6056 5151 1 3959 3338 1 3903 3874 3 4545 5902 3
3515 2760 0 4801 5338 2 4406 4281 2 4926 5188 4 5978 5503 3
5979 5104 9 4080 4591 6 5417 5779 2 3687 4120 2 4645 4582 3
4594 4106 0 4560 3364 0 5055 5652 4 3619 4052 1 3849 4883 1
4138 3735 2 4695 5123 0 5546 5834 2 4527 3929 2 4215 4512 2
3194 3027 0 4532 3966 1 5437 5437 2 5416 6124 2 3793 4365 1
4810 4753 0 4184 5013 5 3932 2658 0 4251 4741 3 5288 4194 3
4613 4434 4 5016 6262 4 4960 4363 4 6077 5409 3 3078 3607 0
4335 4720 1 4756 4246 3 5778 6084 3 5023 4101 3 4456 4282 1
4490 5757 1 4561 3682 1 3107 2511 1 4760 5038 0 5114 4716 0
4937 4602 3 4161 4622 2 4136 4485 0 4470 5134 2 4674 3819 2
6420 5840 2 4308 4664 4 6600 6055 0 3604 3206 2 4308 5636 6
4039 3619 3 5662 4415 3 4097 4407 5 2916 4953 2 3833 3870 2
5001 4727 3 4619 4676 5 5594 5190 3 4136 4540 3 2837 3294 2
4864 4565 2 5448 6131 2 3743 3772 0 4412 5264 4 5196 4605 2
4761 4932 1 3272 4777 6 3860 3472 2 5615 4143 9 4462 4267 3
4098 3611 0 5309 5356 0 5663 4102 1 4125 5442 2 2812 2899 0
3873 5046 5 5854 5617 3 3009 3148 0 3124 3542 2 6009 5256 2
5527 6141 5 5731 6807 5 4317 4296 3 3676 3249 4 5042 4358 1
4488 4996 5 3313 3336 2 4660 4547 1 4796 4677 2 4142 4275 0
3502 4507 3 4880 3928 2 4088 3609 0 6093 6184 2 4486 4647 1
5189 5485 4 5597 5276 1 3682 5085 2 5942 4294 0 3108 3291 1
4058 5095 2 3922 4865 1 5287 4795 0 2967 3979 0 6106 4427 2
4803 3788 3 3651 3918 1 5636 5440 5 3271 3801 2 5304 5712 8
5455 3549 2 4607 4958 1 5456 6822 4 3408 3579 1 3558 3517 4
2811 2147 0 4034 5148 0 4844 4978 2 5049 3007 1 5043 6729 2
3601 4549 3 4328 4106 2 4799 4563 3 3898 3446 4 4337 4654 4
4377 4425 4 4368 5066 0 6229 5548 3 2629 3328 0 3262 3249 1
5732 5550 1 5427 6726 1 5293 5350 4 3847 2934 0 4274 3865 2
4408 4227 0 3716 3130 1 4926 6560 6 3599 4008 2 6424 5659 5
3904 3294 0 3410 3783 1 5036 4928 2 4396 4339 0 4005 4580 3
5812 4861 2 3719 3612 0 3555 3574 3 4185 5115 3 5563 5784 4
5123 4827 3 4456 5173 4 6011 5234 5 3689 4895 0 3808 3357 0
4026 4413 1 6243 4829 4 4033 4219 2 5008 4706 5 2822 3522 1
5411 4456 1 3512 3395 0 5113 6407 6 5843 5953 3 3144 3536 2
4999 5160 6 4314 3945 5 4542 5868 4 4145 3624 7 4319 4156 7
5831 6327 3 4109 5160 1 5270 4631 0 5414 5249 1 4805 4611 3
5489 4438 4 5974 6190 3 3674 4091 1 3514 2979 2 5248 6198 6
4685 3885 0 3947 4668 1 4737 4735 4 3316 3146 1 3803 4060 3
2921 2929 2 4048 2840 0 5007 5267 2 4590 3818 2 3832 5016 3
5187 3952 3 5238 5542 3 6149 5841 1 3425 3994 3 3854 5823 2
5269 4485 2 3901 4961 3 5241 4226 0 3716 4776 1 4506 5081 1
4925 4823 2 5104 4528 4 4005 4101 6 4481 4684 3 4763 4841 3
4537 4963 1 2361 3908 2 4780 4864 1 4853 4754 4 5119 4383 4
4787 5691 3 3215 3065 2 6329 6079 3 5594 6764 2 4664 3909 3
4782 5588 4 3592 4651 0 4876 3974 1 4124 3824 1 5510 5064 2
4563 3443 1 4426 5584 0 4537 4911 2 4281 4391 3 5729 4900 4
4858 3414 3 3931 4089 2 4825 5541 3 4350 5937 1 4411 3142 0
4570 4524 2 5061 6062 4 4271 5020 2 5208 4365 4 4234 3484 1
4654 4832 3 3376 4034 1 4847 5397 4 4675 4948 4 6038 4713 2
4016 4490 2 4822 5261 3 4061 5030 2 4635 4018 3 4914 3638 4
5347 4965 4 6638 6007 6 5335 4783 1 2908 4315 2 4591 4621 2
5398 5360 2 3364 2879 2 4139 3368 3 4347 6018 0 4980 4196 1
4028 3636 1 4600 4053 2 4382 5837 5 4645 5484 4 4488 2647 3
5736 5172 5 3765 4398 3 3076 2607 2 3589 4242 0 4602 5120 1
3535 2758 0 3789 5365 2 4612 4643 2 3743 3461 1 5107 4670 3
4374 4692 2 5014 5735 0 5779 6227 5 3968 4265 2 3610 2451 1
3045 2775 2 3857 2723 0 4507 4647 2 5075 6589 2 5078 5022 3
4848 5236 2 4283 5660 3 4292 4051 3 6184 4101 4 4343 4361 4
5544 4965 5 4694 4236 1 3587 4405 3 4050 3628 1 4515 5202 2
3687 2818 3 4487 5664 2 4852 4516 2 4859 5472 2 4039 3754 4
5221 5295 1 3977 4417 2 5832 6096 4 5200 4690 6 3680 4034 2
2314 4105 1 4127 4113 2 4961 3394 2 4241 4807 6 4706 4468 1
5141 4367 6 4432 3617 4 2051 3788 5 6030 4433 6 4041 4806 3
3979 4265 4 4795 4492 0 3093 3472 0 4761 4140 1 5171 4939 3
3996 4166 1 5562 5138 1 3684 3466 2 5930 5800 2 3446 3843 1
5155 4181 0 3851 4245 2 4113 3895 0 3997 3130 1 4632 5579 2
7181 5729 5 4912 5264 2 6050 6116 2 4942 6251 5 3599 2734 0
4192 3808 2 5361 5276 5 4635 4245 2 4589 4989 5 4449 5060 1
4466 4452 0 3761 3243 5 3999 5144 5 2995 3258 1 5006 4559 3
4626 5836 3 3948 4333 0 4104 3574 3 5108 5296 2 4276 3421 1
4872 4921 3 5197 4666 3 4820 5606 4 3649 4286 3 5624 4488 3
4377 4872 1 5171 4526 5 6117 6338 4 5542 5216 5 4152 3683 2
3610 4101 4 5324 5066 2 5414 5143 5 4437 5989 2 4369 3211 2
3901 5497 2 5336 4913 3 2620 2014 1 5262 4722 3 4538 4583 8
5037 4329 2 4500 4124 3 4561 5043 3 3986 3749 1 4378 5358 3
5315 6151 6 8114 6647 7 4314 5377 1 4350 4608 1 5109 4931 2
1880 3217 0 5533 4701 5 4450 3753 3 3802 3419 2 3694 4225 3
4975 5551 3 4614 3343 1 3815 4826 2 3354 3364 1 5584 4750 2
5748 6222 4 5305 6283 3 5318 5341 1 5689 4736 6 4302 3453 0
3197 3051 1 5269 5351 1 4317 4259 1 4336 4037 2 5324 6147 5
3719 2727 2 4713 4468 5 4251 4077 4 3588 3489 2 4972 5847 2
4322 5250 1 5327 6029 5 4881 4300 2 4596 4355 3 5296 4382 4
3870 4120 2 4212 4314 3 5220 4826 4 4227 4647 2 4722 5100 3
4617 3259 1 3735 3888 2 2971 3669 2 4086 3801 0 4709 5594 4
5426 7346 6 5546 4558 4 3324 3640 1 4401 4069 4 4953 3581 3
3849 3643 2 3368 3154 2 4638 3384 2 3596 4575 2 5180 6210 4
4393 5512 1 4249 4328 0 4520 3352 0 4907 4217 3 4227 5286 1
5339 4678 4 6237 6628 5 4877 4669 2 4811 4875 3 3485 4105 1
3954 3760 1 3672 4282 3 5439 4201 1 4933 6342 4 4611 4173 2
4434 3593 6 4671 4296 2 3628 4105 2 4344 4479 1 4668 5431 4
3864 3941 0 5308 3620 1 5951 6424 5 4314 5483 0 4307 4826 0
6155 6822 3 3760 3396 2 3760 5472 1 4277 4194 2 6313 5310 4
3925 4874 3 4719 3935 2 5408 5305 0 4213 4953 2 4009 3132 1
2919 4401 2 3894 5608 1 4779 3496 3 3832 3014 0 6188 5777 2
4067 4458 0 5175 5087 4 3776 3232 2 4331 5241 2 5096 4952 3
4363 3765 0 3852 4675 2 4044 4537 3 4755 3893 1 3128 3717 0
3840 4010 2 5386 4507 5 6145 5823 1 4293 5276 0 4261 4505 6
5459 4748 2 4146 4089 3 2497 2898 1 4931 4932 4 4976 6064 2
5882 5162 3 3902 4610 2 4917 4887 4 3188 4147 1 4463 3485 1
4938 4793 4 5122 5311 2 4400 3478 2 4342 4594 1 4145 4619 3
4449 5031 1 4707 4986 2 2926 2721 0 4146 4883 1 5521 4910 2
4058 4553 3 4237 4899 5 4832 4332 0 4829 4513 5 4876 4697 1
3132 3389 4 4614 5497 1 4745 4605 4 4131 4447 3 3647 2846 3
3382 3225 2 4690 5395 3 4404 4498 3 4416 5339 4 4556 3655 3
5684 5799 5 4757 4476 3 5280 5579 5 3115 2798 0 6146 6386 6
5591 6288 3 5400 4651 6 4046 4548 0 3025 1985 0 4720 5339 1
3214 3423 1 3837 2938 0 3532 4357 1 5319 4667 2 3675 4202 4
3498 3225 0 5592 6238 2 5405 4151 2 5691 4734 0 4400 5985 1
5846 4882 2 5127 4971 4 3972 4885 3 4833 5059 7 4259 3434 0
3757 3315 2 4259 5288 0 3348 3688 0 4998 4598 4 5282 4790 2
4881 3113 3 3176 4762 2 6081 4428 3 3325 4470 1 4641 4605 3
2979 3963 1 5466 6119 2 2924 3360 1 4711 4367 4 5528 4555 3
3739 3171 2 4761 5530 2 4260 4179 4 4873 4279 3 5357 5702 5
5599 6434 1 5356 3468 4 5484 4343 1 4516 5485 3 3122 4625 2
4844 5218 2 4476 4610 4 3074 4062 0 5317 4969 8 5191 4012 3
3312 3418 1 4402 4204 3 4098 3943 3 5367 5372 2 5159 6419 3
4587 5578 6 4307 5124 2 4818 4507 1 5170 5301 3 3422 2962 1
2363 3689 1 4673 4241 2 5734 5238 3 5336 4161 2 5309 5218 5
4125 4467 1 5036 4689 4 5825 5252 2 5957 5997 3 4732 5483 2
4973 5570 2 4424 4300 3 6494 5140 2 5759 6421 3 3684 4155 0
5152 3597 5 4590 3434 1 4887 5134 3 3899 6301 5 4742 4252 2
5660 5859 7 3536 4016 0 3562 3910 1 4976 4611 1 4151 4400 2
3539 5296 6 3394 3483 0 4079 2826 1 4188 3126 2 3566 4157 1
5357 5988 4 5437 4430 1 4795 4837 2 3936 4263 0 4744 4316 0
4119 4277 0 5550 6260 3 3592 3344 2 4231 4398 5 4768 4837 2
4705 3993 2 4061 4336 1 3682 3884 1 3393 3321 2 5026 5406 6
3509 3272 0 5041 3954 3 3560 3079 0 4961 4065 1 3914 6167 1
6525 5576 9 5574 5698 5 3840 4274 1 3275 4599 3 3366 3387 2
5277 3891 5 3942 2487 2 4349 5261 6 4384 3919 3 3379 5132 0
3872 3912 2 5264 5506 2 5478 5180 5 3073 3269 0 3391 3533 2
4118 5047 0 4825 5220 2 4530 4577 2 3676 3160 1 4183 4128 2
4561 3584 4 3834 3820 1 5079 4269 5 5192 5304 4 4914 5750 3
4923 3689 1 3585 3370 1 4612 5541 4 4263 5791 2 5744 4850 5
4556 5152 8 3070 2911 2 4218 4343 2 3871 3102 3 4954 4189 0
4877 3700 2 4162 5164 3 4579 4576 2 4921 5001 4 4699 4816 1
5231 4428 3 3322 3881 3 3465 3617 1 4407 4790 6 4646 5332 3
4737 5709 4 3168 3289 0 4950 3470 3 3788 4205 0 5630 5021 4
4582 5041 3 5262 5472 1 4543 5313 1 5606 4194 2 4090 3952 1
4280 5047 3 4437 4841 4 3734 4132 1 3958 4432 2 5678 4242 5
5501 5178 5 4623 4183 2 4006 4306 2 5556 5469 2 4438 5094 3
3996 3863 0 5010 5969 6 5409 4274 2 6386 5971 9 3238 4519 1
4950 4896 4 5452 5224 3 4598 4814 2 3478 3416 3 5484 5658 6
6025 6589 1 6044 6263 1 4845 4180 1 4885 4583 2 4570 5080 2
3726 3992 1 5494 5060 1 6262 6162 7 4728 5063 4 4246 4719 5
3849 5282 5 5290 5540 4 5048 4527 2 3415 4367 2 5200 4430 2
5451 5005 1 5012 5897 2 3603 4673 2 5593 4568 3 5087 4735 0
3331 3619 2 4102 3507 4 5399 6859 6 4863 4264 2 6031 5559 6
6085 5976 2 4186 4257 2 4239 3869 4 4176 4546 2 4828 4619 4
4531 4081 4 4910 4401 3 3264 3883 1 5897 5407 6 4487 5258 3
3771 5271 1 5390 4939 1 4434 5628 1 5189 4874 0 3947 3150 2
4610 4869 1 5027 4595 0 5573 5082 1 4547 5502 2 5221 5405 0
4841 4128 1 4445 5296 0 3983 4301 2 4125 4196 1 4850 4244 1
6410 5780 3 5390 5486 5 3554 4109 1 4134 4326 2 5160 4572 2
4189 4971 1 6309 5222 6 3162 4447 3 4226 4541 4 4844 4130 1
4121 4990 2 5602 4491 3 4493 3067 2 4125 4125 0 3308 5043 5
5252 4681 1 3854 4078 1 4913 4171 1 4588 4800 5 4287 5617 2
5975 4944 4 4392 4502 1 3606 3553 4 4179 4106 2 5097 5870 3
4504 5382 0 5769 5054 3 5279 4946 1 3083 4024 3 4934 4922 1
4769 3651 1 3564 4397 1 4350 3999 2 4825 5433 1 4370 4334 3
2880 3336 4 4776 4450 2 5692 5500 4 4590 4861 1 3983 4303 6
4082 3938 1 3428 3210 2 4638 4914 2 5326 4784 2 3538 4267 0
2198 2186 1 5598 3973 1 4116 3929 3 4447 5100 1 4832 5199 3
5154 5071 4 4466 4070 2 4024 4741 4 4462 4939 4 4192 4744 2
5143 5628 3 5790 5764 5 5515 5346 7 5321 4977 2 4291 4651 1
5232 4845 2 3025 4396 1 4676 4518 1 4331 4664 2 5908 5163 2
3780 3756 2 4983 4766 2 5020 4415 3 5083 4727 3 4061 5238 2
4938 3949 6 5419 4960 6 3275 3949 4 4413 5712 4 3614 3634 1
3431 3645 2 5067 6691 4 3889 3618 0 5210 4903 3 5658 5006 1
5311 4923 4 5514 5395 2 4905 5029 1 3900 4006 3 4241 4877 1
3738 4619 3 3474 4628 0 4679 3846 0 4130 4659 1 5968 4671 0
5209 4928 5 5617 6039 3 4528 3468 1 4179 4733 1 4326 5039 4
6912 5966 1 4695 3398 1 4679 6232 4 3914 5448 2 4010 3769 0
4522 3106 2 3630 3922 0 5130 5646 1 5269 4806 2 4327 5480 3
4470 4762 1 5318 5468 1 3296 4024 1 5724 5931 3 4945 4125 2
3223 3103 2 6165 5205 3 4743 4202 0 4295 5009 1 4822 5748 3
5150 5204 2 6628 5120 4 3771 4314 2 4543 4558 0 5033 6209 5
4878 5735 6 6413 5922 7 4502 4275 3 4681 5469 5 3780 3690 3
4964 5368 3 4719 4670 2 5824 4898 2 3866 3900 2 5163 5883 1
2997 2691 1 6678 7712 5 4511 4297 6 3711 3838 2 4600 5243 6
5160 3865 5 3841 4505 2 4560 4259 3 4273 4935 1 3903 5246 3
2840 4147 2 4874 5069 3 4686 4075 3 4765 3417 0 4312 4295 1
4579 4463 1 4298 7250 4 3923 2733 1 4649 5497 2 5116 3509 4
4547 3788 3 2984 2562 1 3921 5547 2 3840 4381 1 3890 4254 6
3044 2992 2 4415 3752 2 2508 3072 1 4931 5196 4 5368 5265 4
4349 5628 0 4624 4488 2 5643 5186 3 4743 5085 0 4891 4639 2
4019 4560 1 4323 5092 4 3612 3456 2 5739 4778 4 4804 4410 4
4415 3663 3 2923 3571 0 2964 5145 1 3437 2776 1 6351 5377 9
4133 4057 6 5040 4440 2 2504 2937 1 4228 4445 0 5780 5570 2
7159 7241 5 5023 5194 3 3919 3197 2 4274 4999 1 4985 4941 2
5197 4078 1 4216 4315 4 3090 4132 0 4932 4076 1 4356 5015 1
5832 5378 5 3842 5493 2 4965 4350 0 3157 2693 3 5470 6365 2
3938 4130 0 5712 5176 3 4333 5385 3 5156 4006 5 5063 4821 4
4077 4302 1 6103 5632 5 4882 5274 2 4696 4893 3 4107 4388 0
4152 3247 0 5411 3673 2 4441 5916 1 4678 4428 0 4585 5397 2
3686 3788 3 5143 5204 1 4120 3448 1 4551 3791 1 3532 5396 2
5416 4538 1 3786 3987 4 3972 3637 2 4874 4702 6 3135 4305 2
5096 4651 4 5341 4903 5 4468 4040 5 4549 6083 3 4298 4068 0
3999 3751 0 3818 4039 3 4064 3802 1 5451 3759 2 3661 5712 3
3351 2634 1 4410 5529 2 3873 4771 0 5106 4655 6 4402 3311 1
4907 3583 3 2387 3010 2 4853 5456 3 5126 4707 1 3279 3977 1
5492 4992 3 4872 4343 2 3384 3362 2 2983 4196 1 6792 5598 2
3109 3489 1 5774 4199 0 4408 5532 1 5159 5091 4 4029 4162 2
4831 5028 7 5321 4539 2 4267 4723 3 3925 4851 4 4648 3533 3
4182 3820 3 4887 5102 4 6569 6330 4 4624 4466 4 3330 3767 2
5303 5063 1 3264 4641 4 5848 5143 3 4491 4349 5 3803 4799 6
4250 4796 7 4321 3370 4 4444 5079 5 4875 6262 2 5654 4720 1
3949 4175 1 4822 4519 3 4407 3757 2 5891 6745 5 4440 4169 1
7319 6363 7 3835 3979 2 3726 3983 1 4847 5528 4 2960 2579 0
4624 3739 3 4446 4079 4 5348 5899 8 3779 3729 2 5855 6080 3
3284 3609 1 5240 3856 2 5000 4750 2 4727 4908 5 3738 4279 2
2415 2917 0 4888 4842 5 6003 6090 6 5391 5471 4 4509 4639 0
4793 4350 3 4938 6378 3 4082 3532 0 5722 5790 7 3987 4080 3
3307 4633 1 4707 3121 2 3200 2842 1 5366 5139 2 4578 5637 2
3602 3951 1 4268 4245 0 4172 4219 0 5720 5708 2 3919 3895 1
5820 5734 2 6347 5606 3 4105 4298 5 4947 3931 2 4244 5663 1
4692 5019 4 6592 7334 4 4373 5161 1 4535 3618 1 5669 5264 1
4046 3738 0 3554 3846 0 3420 3647 4 4382 4248 2 3199 3753 1
4567 4253 1 3960 4645 0 5412 5563 4 5763 5065 1 3763 4521 4
4936 4813 2 5922 3853 3 4355 5713 3 2824 2921 2 4345 4775 1
4474 4984 4 4348 2961 2 4105 3490 1 4388 3866 4 4440 5708 4
4437 4567 0 5648 5862 6 6476 6218 2 4478 4565 2 4147 3814 0
4705 4578 2 3997 4250 1 4014 4518 1 6272 5619 6 3688 3579 2
3841 4187 2 2615 3385 0 6244 5165 0 4245 3540 0 5938 6562 4
6923 6660 3 4301 4536 2 4250 4485 1 4330 4347 0 4430 4566 3
5118 4993 2 3854 4133 5 5243 4215 0 4079 4549 2 5062 4994 2
4183 5010 1 5810 6451 3 3569 3426 0 4427 4342 3 5043 4566 1
4328 4347 4 4925 4649 5 4252 4441 2 3156 3325 1 6429 5961 3
5067 5372 5 3885 3979 0 4121 3164 2 5446 4868 0 3874 4730 2
3625 3214 4 6020 6146 0 7356 6777 7 5126 5704 2 3265 4160 4
5202 5742 4 5169 4754 5 4338 3799 1 5268 4883 3 4177 4009 3
3226 4483 2 4948 5018 2 4993 3430 1 3734 4547 2 4198 3732 5
3844 3740 0 4617 4047 1 6114 6756 3 3997 4299 2 5384 5053 1
3746 3843 0 3952 3637 1 3491 4917 2 3376 2760 2 5472 5498 6
5415 4199 2 3536 4428 1 5552 6030 2 2731 3081 1 5074 5303 5
3805 4080 1 5893 4706 3 4121 6068 1 6226 4140 1 3859 4962 3
5458 5129 4 4159 5213 2 3973 4743 1 6150 5692 5 5168 3826 1
5377 4926 3 4148 3926 1 4061 4067 1 5360 6292 4 4800 4366 1
3673 3727 1 4709 5995 2 5645 5106 3 3225 2391 0 5361 5410 3
2477 2959 0 5380 4559 1 3521 4214 1 5129 4419 1 4807 6178 1
4335 4456 1 5499 5805 3 3365 3167 3 3692 4947 2 5068 3468 2
7879 5327 2 3376 3967 2 2717 4274 0 4169 3450 3 4169 4569 2
4727 4893 1 5435 4167 1 5139 6328 4 3086 4295 2 4317 3077 0
5129 5332 2 4313 3240 5 5228 4795 3 4066 4245 2 3776 4493 1
3988 3934 2 6050 5818 0 6714 5671 3 4819 5596 3 4034 4702 1
4344 3833 4 3618 4282 5 4018 4150 4 4008 4540 4 4401 4703 1
4320 4427 4 4381 5385 2 4151 2564 1 5030 5418 3 4266 5005 4
3552 3653 3 4192 4788 1 6619 5637 5 4869 4506 3 5416 5989 3
3779 2912 0 3855 4907 2 5097 5179 3 4891 5385 2 4554 3368 2
4655 5333 4 5189 4280 3 5369 5250 4 4954 5172 4 3597 4329 2
4918 4932 1 4231 3482 4 4199 4874 3 3758 4369 3 3797 3146 1
3810 4654 2 5398 4115 1 4535 4876 1 5113 4319 2 2637 3025 0
5201 5023 1 5724 5411 8 3088 3643 1 5034 6018 3 4040 3806 3
4345 4056 1 5543 5778 5 4661 4668 4 5028 4335 3 3965 4340 3
6677 5814 7 4798 4084 2 1733 2882 0 3292 4551 2 3816 4022 5
3190 5069 2 4232 3732 4 5673 5522 4 6308 4968 1 3704 4092 0
4483 3625 1 3946 3567 0 6577 4730 1 3528 4680 0 4150 5607 3
5350 6730 5 3318 3414 0 4549 4496 3 4861 3949 1 3908 3629 0
3885 3305 0 3944 3926 1 5947 4829 3 3921 5093 4 3777 5027 2
5346 4288 2 3935 3984 1 5791 4055 3 2834 4461 0 5900 6268 3
4864 3997 1 7121 6421 1 4784 5452 2 4533 3803 2 4257 5720 0
4809 6516 6 3951 3135 0 4591 4361 3 3301 3725 1 5190 3476 1
4425 3993 3 5302 5474 4 2840 3754 0 4464 4709 6 5203 4706 1
3263 2996 0 5663 6214 0 4734 4766 0 5262 4493 1 4000 4394 1
6283 5079 3 4408 4864 4 5629 6030 2 3597 3948 0 3445 3652 1
4356 4837 1 5168 3906 4 2567 2819 1 5264 5618 2 4048 4206 0
3261 3699 3 5050 6103 2 5742 5147 2 4985 3930 4 5353 4743 2
2860 3671 1 4358 5006 1 4561 3423 2 4557 4673 3 4822 4626 4
5281 4587 3 3713 5272 2 2870 3482 1 5598 4047 3 3639 4331 0
5439 6095 4 5770 5602 4 4445 2973 1 2768 4437 3 3815 3150 0
4503 3770 1 3770 4174 1 4877 4320 2 3290 4440 2 6667 6250 4
3498 4866 2 4527 5209 1 5650 5642 5 3768 3030 2 6057 5821 4
3651 4375 2 4684 4222 3 3929 3806 4 4224 3703 2 5137 5240 3
6016 5958 2 2688 3574 1 4807 4509 3 4345 5264 1 4790 4469 3
4196 4060 0 4146 2911 2 5356 5980 3 2461 2476 2 4165 5394 2
5815 4696 3 3945 4013 6 5605 6431 8 3499 4210 1 4729 4092 1
6547 5646 4 6009 3802 2 3814 4975 2 4473 4359 4 4056 6074 2
3524 3515 2 3872 5017 0 5552 4869 3 3306 4007 1 4823 4294 4
6278 4894 3 3802 4599 2 5360 5525 6 4578 4501 4 4149 4309 4
4122 3813 0 3854 3264 1 5673 6634 3 4876 4893 0 4465 4561 2
4122 4274 2 3763 4708 2 6175 4905 3 5081 5812 3 5186 4705 2
7168 6748 7 5810 6202 4 3360 3661 1 3732 4040 2 4518 4513 6
3361 3399 1 4154 3422 0 3648 5372 4 3114 5051 1 5322 3117 2
3545 3308 2 3624 4742 0 5175 5198 1 3840 4594 1 5339 4407 1
3897 5072 1 5628 4564 3 4744 5753 0 4329 5784 2 4501 2801 2
5014 5433 2 4106 4859 2 4042 3834 0 3961 4946 0 5834 5652 1
3906 4556 3 3174 3275 6 2915 3882 2 3846 2750 3 4605 4200 2
5502 5681 2 4295 3587 2 5929 5470 4 3411 4437 4 4152 4058 1
4911 5337 2 5912 5769 6 3703 3778 1 4018 4391 2 5718 4730 1
4606 4547 3 5515 4755 3 4705 4567 3 5732 5805 4 3675 4629 2
3402 3363 0 4755 4277 3 4733 3348 2 4803 7267 6 4070 3430 2
3562 3486 0 4257 5110 3 4023 4767 2 6268 5173 5 4893 4527 2
4473 3991 2 5286 4278 2 4804 4866 1 4384 5100 3 4759 5291 3
4539 4524 0 4225 3794 0 5094 4219 1 4692 3492 0 5354 7507 0
4112 4890 4 4573 5666 1 4626 4080 2 5834 4405 3 4237 4762 3
5669 4808 6 4766 4832 3 4201 3291 4 4113 4888 3 5152 5806 5
4643 3334 3 6113 5945 1 4224 4410 2 5539 5867 4 3517 4758 0
2816 2118 1 5065 4380 2 4084 4642 4 3279 4212 1 4183 4270 4
4255 4074 3 5641 6378 5 4193 4591 4 5016 4726 5 4425 3896 7
4173 4525 2 5842 4285 0 5016 4923 2 3428 3370 3 3998 5837 3
4184 3572 2 3656 4504 1 2781 2085 1 4871 4997 1 4883 4613 1
6751 6187 4 5836 6256 6 5416 5011 3 5498 4738 1 4774 5650 2
4727 6709 6 4135 3952 3 5268 6333 4 4549 4146 1 4200 3166 1
3548 3505 3 5671 3852 4 2481 3371 2 4942 6298 1 5305 4316 2
4074 4848 3 2831 2291 0 5572 4982 2 6089 5050 4 6621 6936 4
4547 3941 2 3840 5191 0 5207 6136 4 5657 3327 4 3261 2487 2
3975 4840 0 4031 4136 1 7233 5888 2 4916 5499 0 4442 4687 1
4161 4882 1 4231 4186 3 3266 3922 1 4511 3677 0 4696 3903 3
3755 4531 2 4667 4738 3 4874 5172 2 5325 4882 0 4619 4449 2
4624 4039 1 4026 4170 2 3090 3579 1 5047 4748 3 4930 4963 2
3505 4712 1 4082 4251 3 4665 5383 4 4849 5304 1 4398 2680 2
5004 4845 4 3716 4700 1 5061 3471 1 5909 6327 3 3437 3357 3
5121 5590 4 5338 4908 2 5042 5339 2 5107 5274 6 4939 4360 2
6741 6891 6 5399 5012 4 4005 3869 0 4262 3313 2 5845 6859 2
4650 4876 1 6946 4875 6 4081 5246 3 4505 4353 0 3484 5173 2
4227 4031 4 4152 4323 1 4412 5455 2 6225 4625 3 4780 5364 6
3968 4627 3 5744 4905 3 4551 4467 2 4624 5594 0 3811 4599 1
