7122 5663 5 4177 6265 2 6764 7985 4 3595 3599 2 6896 7171 2
3451 3787 3 4422 3783 0 3560 5476 2 4683 3797 3 4909 5809 6
4454 5040 3 4789 5429 2 3693 4954 0 7187 5856 3 6196 5896 5
4635 3903 3 5013 4199 3 3653 5692 4 5398 6296 2 3897 3523 3
5750 5311 1 5824 5894 5 6361 6627 4 3417 4832 1 6229 6641 6
6334 5173 5 3859 4734 2 6040 6357 5 6044 7809 5 5898 4616 3
4848 3009 1 4012 5081 3 4169 4014 2 5734 7006 2 4334 4944 6
5082 6794 3 5630 6159 4 4763 4777 2 7038 5789 1 4781 4680 2
4398 4154 4 4953 4148 2 4866 4717 2 4967 7060 2 4221 5057 7
4343 4611 4 3794 5457 4 3373 5288 2 5257 3927 4 7083 6912 3
4202 4326 5 4244 4448 2 4003 3755 1 4671 5599 3 3682 4851 3
3795 4743 4 4777 4764 2 5672 4569 2 5262 5881 2 5561 5831 3
5414 6770 4 5522 4591 2 4844 4710 3 4103 4556 3 5050 5410 7
6357 6375 4 4995 5204 4 4920 5741 2 4237 4754 1 5818 6086 7
2619 3198 4 3321 3579 5 5965 5290 6 5497 4214 6 4486 6455 5
5200 5844 6 5210 4089 4 3646 5175 3 3915 3838 1 2458 3161 2
4647 4598 2 5674 6074 5 4689 5785 7 4621 4187 2 4901 5454 5
4048 4877 1 4337 4368 4 3360 5528 3 5442 4565 1 6088 5163 6
6018 5235 1 5396 5503 4 4566 4800 4 6504 5874 6 4925 6951 1
3941 4734 1 4651 6641 4 7690 6247 3 5168 5143 2 6032 5402 6
4898 5635 1 3701 3645 2 3337 4897 6 4233 3692 1 5447 5883 5
4732 5482 4 4497 4468 2 5250 4975 1 5057 5510 2 4840 5075 6
4381 4797 3 4594 6103 5 5570 6353 3 4166 4838 1 4664 4720 2
5259 4562 2 5146 5449 3 4343 5890 4 6359 6303 2 5041 5375 4
6858 6470 4 4577 5819 1 5432 5479 2 5228 5561 1 5479 5978 4
5377 5965 2 5651 4971 3 5269 6205 6 5601 4650 3 3474 4678 3
5340 6486 2 5278 6062 2 4169 4204 1 4942 5169 1 5110 4957 6
4294 5537 2 3479 3990 3 5010 5584 2 4936 4462 3 7210 5989 4
5756 6815 3 4814 5334 2 8714 7998 5 4028 5408 4 4054 3993 1
3334 3753 1 5955 6277 6 6545 6759 4 5112 5802 4 3729 4527 3
5032 5816 4 5014 3509 2 6134 6404 2 4278 4481 3 5897 7447 3
6867 6376 6 4747 5353 3 4039 4494 2 4012 4603 2 5902 6076 6
4602 3581 3 5099 6327 5 5794 6260 4 5002 4631 3 3973 4915 1
5438 6595 6 4743 5247 2 4910 5347 1 6519 5227 6 5476 6361 3
5273 7344 3 6521 4947 3 6282 5895 2 4734 5409 0 5304 6386 5
4861 6137 5 5281 4305 1 5155 5740 5 5038 5243 4 5202 6080 5
6831 9308 3 6297 5984 3 5295 6248 6 5446 4012 0 6667 5865 1
5307 5500 2 5408 6312 0 5687 5164 3 5034 6320 8 6535 5293 3
4958 6277 0 6232 4926 6 5166 5611 4 4506 4751 1 5181 4645 3
5822 4262 4 5228 5600 1 6894 7692 4 4710 5758 1 5499 5013 4
6099 4809 2 4638 4470 4 3991 4049 1 4865 5329 6 3698 5518 2
3642 5096 7 5130 4668 1 4758 5565 3 5588 5563 3 5220 5552 3
4758 5446 3 4633 3730 2 5816 7405 8 3973 4412 3 4434 4036 7
4589 5569 5 5401 4940 0 4685 6261 0 3971 4568 3 5269 4195 6
5518 6360 4 4772 5351 5 5898 5370 3 3758 4349 1 5437 6027 4
5168 4892 3 6158 5133 1 5267 6528 1 4970 5055 2 4970 5987 2
5760 5592 2 4731 4514 1 4611 6070 4 6139 6175 3 3920 4792 4
4361 4077 2 5697 5698 7 4339 5731 3 4962 4956 2 2603 4244 3
4660 5018 4 5022 4684 2 3795 4715 6 4990 5210 1 3957 4510 5
5069 6540 1 3785 3686 3 4209 5489 4 5189 6419 7 4909 4043 3
3685 4519 3 5839 6282 1 4883 5389 2 5531 5202 6 4611 4169 6
6046 6041 5 5925 6682 4 6617 6294 4 4440 4530 2 7145 7947 3
5422 6886 5 4788 5922 3 7255 4709 1 6639 6773 5 4457 5607 4
5687 6251 6 4628 4290 4 5132 5138 1 4339 5242 4 3529 3325 2
5521 4944 1 4091 5067 2 5216 5757 1 4230 5118 6 4884 4676 4
4957 5096 7 4702 4889 1 5324 6767 3 4431 5320 3 5716 5324 7
5160 5243 1 5130 5359 5 4701 4982 2 4434 5369 6 4337 4188 5
3846 5506 2 3952 4320 0 4652 5015 5 4933 4437 1 5684 6033 4
5511 4858 5 4809 5541 4 3876 5350 2 5407 5423 3 4451 5001 3
4077 3693 2 2561 4204 3 5500 6619 6 4163 3586 1 3531 4106 4
4361 4934 1 4100 4731 2 4670 3759 1 6120 4916 1 4223 6182 7
6036 6836 6 5378 6676 7 5224 5746 4 5757 4573 4 4385 3868 5
4235 4352 2 4516 4238 3 5347 6154 7 4970 6017 2 5302 5641 4
6096 5342 3 6560 6222 5 5749 7689 6 5930 5419 2 6313 6814 4
3890 5240 1 5248 5443 3 3427 3623 0 4295 3922 2 4512 5056 8
6052 4933 4 5474 4841 0 4779 5233 4 5142 5652 2 3710 6451 3
5442 4795 4 5149 6943 4 5957 7196 6 4256 4845 2 6678 5353 1
4889 3808 2 4186 4827 1 4547 5822 1 4984 4314 3 3904 5263 4
4705 6537 4 4587 4323 1 7170 7251 5 4646 5040 2 4102 3229 2
3389 4189 1 4560 5775 4 4209 4799 3 5801 5208 4 4867 4878 2
5554 4864 2 4796 5233 5 5847 6456 4 4468 5725 2 5415 4706 5
3015 4419 1 4651 4832 2 5609 6226 1 4040 5687 5 5204 3886 5
4673 3288 4 4496 6513 3 4423 5852 7 4639 4913 3 5586 4240 2
5506 4427 0 6316 6080 4 5521 6476 4 6685 7138 4 5084 4837 4
5201 5691 3 6387 6081 6 5437 5151 4 5403 7075 6 5458 5966 2
4948 5461 8 4631 3676 2 4394 5109 4 3911 4100 6 3153 5050 5
4624 4869 1 3521 2785 0 5280 6141 4 6003 6150 4 4549 5703 6
5225 6191 2 5592 5316 3 5434 5361 2 4701 5512 6 5120 4946 5
4523 4688 3 3920 5391 2 4610 4516 3 4754 4710 6 4120 3406 2
4417 4862 4 4607 4840 2 4577 5539 9 3980 4460 0 4429 3972 6
4157 3787 2 4568 4816 5 6046 6201 4 4933 5875 3 5535 6576 4
5969 6175 5 6365 5372 2 5881 7147 6 4413 4847 2 4991 5473 2
5085 4517 3 4756 5689 3 4404 5960 7 5190 4520 5 3895 4728 3
7152 6705 6 3862 4684 2 4411 5134 0 5275 4989 1 6812 7061 3
5807 5684 5 5360 5375 4 4042 6499 8 4767 5176 4 5027 4541 4
6445 5597 4 5812 5326 1 4263 5341 4 4389 5398 2 4989 5589 3
5245 6797 5 4575 5245 2 3726 4470 3 6712 6050 2 4882 4215 4
4723 3852 1 5811 7630 3 5454 5262 2 5905 6331 4 6791 6069 4
6132 6230 7 7211 6217 6 4765 6656 3 3829 4092 1 4575 5625 3
3439 3704 4 4888 5355 3 4822 5250 4 3031 5024 2 5422 4706 4
6421 6501 6 6831 6417 2 3982 5045 4 6341 6131 1 5358 5426 3
4279 3914 2 4361 5926 3 5232 6201 7 3773 3883 3 4903 4381 2
3760 4920 2 4731 5735 2 4889 4404 5 4083 3592 2 4862 5880 5
6656 7747 3 4372 4406 3 6311 8117 3 4523 4945 4 5690 3938 3
4223 5334 3 4167 3780 0 5674 6372 5 4494 4580 2 4787 5254 7
5532 5498 1 4759 4817 2 4495 3537 3 4993 5697 6 4878 6484 6
4582 4663 2 4770 4095 0 7215 6175 3 5481 5979 1 4810 5667 5
5113 5934 4 4763 3672 2 4533 4682 1 5477 6504 6 4616 5863 9
4863 5582 5 4138 5591 4 5926 5764 3 3124 3921 2 4094 4205 9
5331 5072 2 6517 6863 7 4159 5330 3 4743 6138 1 5753 5778 1
5130 5179 3 3766 4290 2 5712 5239 1 5228 6007 2 4868 5453 2
3840 5240 2 3711 4746 3 4510 4483 1 5368 5315 2 4418 3764 5
5378 6687 4 6251 5990 5 5342 6061 6 3982 2981 1 4788 5921 6
4233 4731 3 5281 5509 5 3533 4344 3 3305 4111 1 4678 4060 3
6790 5330 3 5684 5674 3 4283 4638 1 4539 6173 1 4782 5267 3
4880 4645 2 3791 3070 0 5275 6464 4 4750 5649 5 5720 6278 7
8545 7977 4 5075 5572 3 4614 4906 1 5444 5960 2 5303 5612 3
4809 4743 3 3926 4589 2 3958 5154 8 6265 6567 3 4505 4692 2
5773 6465 4 6973 6591 3 6862 6029 5 4226 4606 4 5438 6019 6
4642 4642 3 4054 4258 1 4609 4466 4 4086 4524 4 4160 5410 3
5467 5555 0 5856 4652 1 4422 4267 1 5595 6662 4 5258 5731 7
6793 5686 2 4489 5713 1 5431 5014 3 4559 6072 2 6128 5537 3
4293 4959 1 4425 4338 2 5360 4959 1 3713 5265 4 5819 6491 3
3747 5627 3 6075 6391 3 5311 5455 2 5929 5645 3 4769 5855 3
5573 5232 3 2832 4386 4 4354 4691 5 3315 3940 4 5268 5698 4
4248 5522 2 3951 4884 0 2729 4180 4 4422 3636 2 3818 3595 5
5636 6389 5 5975 6513 7 6228 6365 5 5133 5759 1 5067 5052 4
4437 5979 1 5070 4615 3 4858 4766 1 5317 6016 3 6502 6283 7
4787 5229 1 5667 5046 3 4997 4897 2 4266 4774 1 5105 6377 8
4176 4856 1 3941 4035 2 5299 5387 4 5564 5613 1 6159 5995 8
4868 4961 6 5309 5342 2 3496 4832 1 6480 6509 2 5250 5022 4
4827 5394 3 4768 7290 2 5625 5785 1 5689 5688 3 7015 5305 3
4409 4505 0 5851 5897 3 5120 6573 12 6292 6598 2 5182 3655 2
3023 3888 1 5601 3977 1 5013 5398 2 4092 5625 4 5020 4434 2
6002 5693 3 5002 4951 2 5585 7310 7 4438 4799 1 4619 5120 6
5403 5806 1 5978 6319 7 3376 4720 3 5889 6196 2 5619 5064 5
4560 3568 1 4326 5484 3 4390 6394 5 4791 5481 1 5937 5587 2
5562 4343 2 6001 4864 2 3628 4797 3 3838 6146 3 5061 5081 4
4033 3833 3 7384 6574 5 3747 4663 3 4909 5780 6 4603 5083 4
4337 6506 5 4050 3454 5 5181 5084 3 4341 4770 1 4991 5606 4
4231 4035 2 4535 4910 3 5247 4274 5 5351 5760 0 4536 5744 4
5602 5737 4 3332 4110 5 4846 5345 2 5037 4474 3 5063 4228 3
4083 4095 1 5116 6281 5 4725 3517 0 4497 5016 1 4600 5378 3
4325 3887 3 4193 5500 4 5516 5064 6 5149 5682 5 4347 4984 2
5198 6143 3 6539 5249 4 4277 6066 3 3984 4509 1 5311 5422 5
4311 5588 3 6375 4751 2 6022 6155 3 4894 6121 1 5171 6637 6
4854 6028 8 5923 5628 3 5191 4382 0 3570 5196 1 6806 6656 4
4627 5089 2 5584 4831 2 5219 5775 6 4769 6399 1 3865 4918 4
4024 3480 1 7387 7342 4 5752 5314 1 4356 5931 4 3702 5574 4
4490 6561 3 6810 6201 8 4007 4356 5 5308 4509 1 4774 4135 3
5559 6112 4 6355 5697 1 4903 6964 2 5109 4935 3 5832 5134 3
4528 5634 2 5163 5607 2 4673 5092 7 5833 4509 4 5224 5198 3
4575 5815 2 6176 5494 5 5547 5877 2 3340 4742 4 4720 5297 1
6066 6045 6 4970 4967 3 3733 3067 1 4515 4733 1 4465 5280 6
4302 5836 5 3301 3742 1 4792 4203 3 4181 3843 0 5442 5889 4
5955 5541 1 5718 7727 3 5441 5285 5 5754 3848 1 4512 5720 3
5419 5529 2 7105 5726 3 3839 4866 3 6562 7189 7 4037 5704 4
5293 6745 2 7154 7057 3 3802 2453 0 5068 5807 1 4803 6500 6
5036 6683 7 5510 4933 0 4249 3981 3 4920 5019 1 6364 7177 4
6059 5667 4 5022 5853 4 5162 4287 4 3246 3919 2 4794 5897 6
4693 4207 1 6052 4831 3 4150 5987 5 3596 6227 5 5414 4645 2
5434 5717 2 4205 3719 2 5121 6086 8 5240 5543 2 5412 4667 4
3152 3649 1 4428 5389 3 7254 5883 5 5685 6499 4 6186 6149 8
4661 4124 4 5874 5156 9 4131 4201 2 5101 7340 6 4217 4600 4
5769 6261 6 5483 4869 1 6145 5624 3 6447 6610 5 5289 6344 2
4536 4994 3 7015 6597 3 2363 4544 1 5493 6209 3 6898 5698 9
4650 5675 9 5212 6181 7 4803 4351 1 6290 7041 5 3330 3027 1
4632 4618 2 5652 6678 4 5920 6756 4 6207 5178 5 5554 6005 3
6170 5320 3 3880 3213 2 4029 4616 4 4397 5742 5 4449 5238 2
4378 4727 3 4705 5891 3 6043 5377 4 5576 5518 5 5633 5169 5
5001 5400 3 6105 4928 3 5610 6149 6 3903 4801 3 4391 5567 2
6131 5453 2 4863 5185 5 4325 4100 2 4128 4939 4 3287 4974 4
3854 5215 1 4858 5647 4 4779 4390 3 5594 5406 5 3181 3776 4
4697 6683 3 4293 4934 3 5547 5984 1 5601 4397 5 4612 3980 2
5304 4450 3 6016 6899 7 3386 5096 1 5133 6315 3 5426 3844 4
6430 6544 3 5032 4574 1 5022 5081 2 4773 5777 3 6700 7269 7
4230 5061 4 5383 4824 3 5182 4022 4 4643 4502 2 3810 5547 3
4888 5816 6 4776 4676 1 4866 4364 3 6141 5749 3 5610 6402 3
6348 4393 2 5820 8389 7 5164 5364 4 5909 6454 5 5819 5573 6
4522 4081 4 3668 5497 3 5326 5407 10 4679 3928 3 4699 5598 6
5196 5185 3 3870 4825 4 7097 6279 4 5094 3873 6 3571 6223 5
5817 6771 4 6906 5836 2 5906 6606 5 5479 5396 3 4283 5238 2
5390 5768 2 4769 5575 2 6123 4526 0 6917 6629 3 5225 6635 3
6212 6005 1 4268 4368 1 3670 4158 6 5232 5437 5 5221 6030 7
6872 7322 2 3891 3869 0 6592 4966 2 6691 6404 3 3873 5561 3
4964 4785 1 6744 7971 7 4543 4443 1 4506 5616 2 5610 6093 6
4383 5833 4 6985 6251 3 8255 4962 4 2955 4799 2 5713 6935 2
6089 5497 1 7008 6424 4 5121 6658 2 4149 4729 2 5237 5711 4
6014 7681 4 5062 5200 5 4469 3840 3 5837 4644 2 5377 6227 5
5265 5320 4 4989 4644 2 4970 6828 2 5842 5300 2 5177 5057 2
5881 5140 2 5093 5042 2 5036 6326 6 4723 4648 2 3136 3987 2
5416 5864 3 6247 6579 2 5248 5298 0 4269 4755 6 3518 5180 6
5805 7856 6 4183 4856 3 5052 4961 1 5455 4663 7 4696 4875 2
4776 4620 5 3962 4834 3 4310 4849 4 3760 3726 4 3907 3987 2
4520 4292 3 5928 6540 3 5006 5360 1 5609 6353 8 5979 6528 6
4209 4830 1 6333 4184 2 4274 4863 2 4045 6429 8 4640 4821 4
5174 4768 2 4445 5448 1 4874 5691 6 6338 5447 3 5164 5517 2
4839 5519 5 5281 5450 2 6002 6098 7 3794 4214 5 4665 4601 3
5460 5501 5 4408 4606 0 5038 4999 3 5120 5221 6 3074 4010 2
4044 4395 3 4195 4678 1 6764 6957 4 5484 5866 2 5309 4711 1
4263 4113 3 3907 3745 3 4606 6401 5 5354 5063 4 3616 4968 4
5542 7105 7 6010 5929 3 5967 5475 4 7462 8146 6 4388 3026 1
6063 6528 3 5590 6966 5 6103 6379 5 4933 5421 5 5452 4618 4
4081 4562 3 3706 4599 2 4456 3757 4 3557 3010 1 4741 6616 4
5112 5171 3 5664 6904 6 4335 4630 6 3460 2992 0 4806 3982 2
6021 5235 3 5308 5679 5 5474 5683 3 4261 5209 3 4823 5712 2
6670 6132 5 6398 7221 6 5381 6086 0 5670 6137 4 6047 5142 4
5557 5205 2 7950 7141 5 4427 5746 2 5689 6717 1 5768 5306 4
4101 3903 2 5904 5611 8 5202 5180 4 5550 7513 3 5829 5541 4
4330 4033 4 6693 5407 4 4390 6822 5 3945 3728 1 5139 5494 2
3727 6005 3 5200 5985 4 7248 4810 2 3915 5204 1 4542 4946 2
4580 4752 0 4548 5742 4 5675 5441 4 3052 4229 4 3462 3577 3
4624 4199 3 4242 4775 0 4387 5737 3 5297 5396 1 7307 6672 9
6159 6543 1 5444 3977 1 7071 6659 3 3831 5585 5 4557 5791 3
3919 4943 8 4491 3889 2 6610 5431 5 5078 4536 4 4817 6806 5
4316 5196 5 4272 3165 3 4624 4816 3 4320 4751 3 5278 5633 3
4684 3601 0 5501 5678 3 4243 4711 2 5875 6814 7 4048 5358 3
5759 6457 0 5373 4700 2 3850 3651 1 5112 6365 2 4774 5100 6
5318 6088 3 4969 5104 6 5851 7235 4 5170 4501 3 4639 6048 4
5216 5306 2 5965 5456 2 6328 6438 5 6083 7491 5 5689 6591 5
4683 4827 5 4195 4057 2 3301 4732 0 3876 4890 5 4050 3477 5
6594 6294 1 5714 5438 2 5394 4119 0 5264 7047 4 3536 4222 2
7170 6630 5 4040 4595 2 6943 6339 6 5950 6003 5 4737 5958 5
5745 6006 4 5618 6087 7 4123 5093 6 5477 5100 2 2988 4111 3
4625 4513 0 3324 3870 4 4052 4792 0 3880 4228 2 4611 5607 6
5222 4572 0 5557 7838 5 5957 6651 6 5758 4853 2 5887 5019 3
5764 5898 1 5062 5457 2 4986 5664 4 5586 6660 5 5611 4485 2
5553 6108 6 5009 6097 2 5219 5419 2 4420 4562 2 6108 5038 4
6503 6428 2 6735 5777 7 5053 6861 0 5884 5934 2 5999 7199 5
4905 4831 6 7350 6485 4 5573 5954 1 4236 5979 2 5953 6234 7
5534 6169 3 5942 6179 5 5406 5944 3 5982 6808 6 5673 5015 4
3942 4914 3 5293 4138 2 3287 4810 2 3668 4705 2 5222 4908 4
5553 7239 3 6192 6639 2 6350 6173 5 4702 3270 1 7275 6954 4
5229 5937 4 5057 6251 5 4416 3301 1 4794 5704 6 3552 3550 3
6339 7594 8 4492 5034 4 4587 3932 2 6052 5007 3 3661 4866 5
5193 6087 4 6351 6633 7 4441 5726 2 3141 3368 1 4126 2632 4
4840 6599 5 5103 3969 2 6046 5115 1 4749 4643 1 2970 4726 2
4430 3806 3 5376 5805 1 5397 6738 4 4356 4350 3 4276 4609 6
7188 6632 5 4012 4642 1 4599 4105 2 6262 6690 6 4080 4754 6
4810 4590 3 5094 5085 2 3239 4822 3 4449 5843 6 5395 4471 1
6236 5631 3 6083 5619 5 5899 5701 1 4970 6330 4 4257 6307 7
4844 4511 2 5516 6634 5 5172 4467 3 6180 6203 1 4801 5659 3
5092 5121 3 5288 6193 6 4966 5262 1 4191 3492 2 4910 5003 2
5761 7477 3 6567 6038 4 4618 5086 3 4650 5147 2 5672 5777 3
4406 5044 1 3607 4987 8 4952 5380 3 7038 6406 3 5099 5311 3
7251 6371 5 6135 6069 7 5540 5051 1 4222 7065 3 4510 4802 4
5106 4735 1 6106 4789 3 4761 6588 7 2625 4557 2 5475 4707 1
3514 3616 1 4937 4469 1 4400 5607 5 3213 4692 3 5714 5073 2
4612 3774 1 4085 5638 0 4213 5298 3 4168 4416 2 5013 5697 6
3548 4920 2 6717 5972 2 4634 6887 6 5586 4485 2 4986 5431 3
5190 5027 1 4515 4525 2 5034 4899 4 2558 4281 2 6523 6318 5
4772 5281 7 3726 4555 2 5075 4951 6 3241 3690 6 3618 3459 1
4475 4887 3 4225 5143 1 5521 5910 6 4109 4060 2 4258 4627 5
4146 5240 5 5085 4657 4 5143 4888 1 5375 6956 6 5116 4522 1
4000 4300 0 5724 4879 2 5103 5280 3 5545 5247 3 5500 6102 5
5038 5694 5 4797 5031 1 5069 5673 1 4916 5486 3 6042 6013 4
4775 4834 1 4925 4524 2 4698 4751 2 5306 6198 1 4618 5823 5
5322 5726 5 5859 5753 4 5932 5430 4 5309 6045 0 3867 4009 2
6929 5420 3 4061 4642 1 4298 6223 6 4450 3128 3 5085 6257 4
5852 5318 1 5836 6097 2 4816 4738 2 5267 4468 2 5298 7788 7
6756 6417 4 4493 5871 6 3798 4867 6 5673 4027 3 3608 3711 5
4872 5745 3 5717 4973 5 4851 6568 2 5578 4440 5 6656 6173 1
4765 4450 3 4023 4261 3 3721 4244 2 5262 5094 4 3781 5581 5
4161 6295 4 5520 3310 0 4515 7213 4 4644 4428 0 5645 5002 1
4838 5066 8 4864 5536 1 3536 4327 3 5703 4888 1 2861 3100 2
5206 6376 4 4520 4778 5 4047 4117 2 4216 4414 3 5017 5559 3
5155 5810 3 4333 4994 4 5078 4901 1 5706 6898 2 6694 5919 4
4568 4022 1 3718 3705 3 5128 4765 2 4954 6143 5 4188 4873 4
3429 4238 5 4894 5085 4 5188 5135 3 4591 5049 1 4059 5003 3
5570 4359 2 5200 5971 2 5868 5750 3 4552 6006 3 5644 6034 3
5941 5677 2 6441 7117 4 4977 5353 1 7451 6709 2 4718 5224 3
4593 4771 2 5829 6098 7 5655 6178 6 6221 5326 3 4029 5625 4
5154 4345 2 4506 4037 1 6126 6155 5 4371 6065 5 4817 6207 4
4635 4696 1 3369 4357 2 4343 4448 5 4740 4524 3 5150 5809 5
2987 3720 2 4643 4460 3 3915 4702 1 5608 5833 4 4480 4423 4
6139 5397 3 5697 4807 3 4318 6083 3 5331 6249 6 5588 5483 5
7448 6411 4 4633 5376 4 4835 5184 1 4456 4991 5 4218 5736 7
4020 3570 1 5004 4886 2 5470 4177 8 5266 7289 4 2771 3562 1
5410 5310 1 3151 4323 4 4331 4741 6 4706 4811 3 4963 5235 4
3908 3722 1 3020 4349 1 5743 5729 6 4017 3783 0 4134 6227 5
4642 5836 4 5603 5689 3 3400 3174 0 5245 5314 3 4183 4573 4
3598 5053 0 3840 3499 2 3449 4057 2 4790 4847 5 5197 5122 4
4399 6264 2 3711 3196 1 3234 3523 2 5439 6146 6 5847 5364 3
7456 8371 4 4649 5587 6 4496 5465 4 3260 3355 1 4597 4558 3
3743 4567 3 4095 5377 2 6307 5551 4 5256 4608 2 5397 6264 5
5768 5589 2 3076 4701 1 3918 3467 1 5679 6704 4 6803 7837 3
4280 4878 1 5038 5295 4 4620 4376 1 5735 6540 2 5655 6415 3
4041 4993 0 4640 4185 2 5116 5679 2 5901 6554 3 6252 5765 4
5410 5159 7 4755 5447 3 2948 4505 3 5526 5402 2 4895 4825 4
5977 6397 5 7321 5334 3 3227 3680 4 4675 5187 4 4679 5817 4
2843 3671 1 4550 4763 2 5163 3985 2 4140 5486 7 3652 3675 4
5512 5642 0 3172 4584 2 6295 5354 4 4397 5372 2 7812 6279 4
5975 6831 1 4766 4727 0 5854 5636 3 5101 5981 3 4419 4893 4
6117 5453 0 5100 5232 2 5547 6053 1 5069 6564 4 4120 3274 5
7180 7393 3 4840 5204 2 6744 7096 3 5952 5611 5 4019 4701 2
5345 5646 0 3924 2841 2 6726 5149 4 3379 4120 2 3591 6145 5
4980 6158 3 4951 5145 2 6959 6464 5 5106 4533 1 5155 5894 7
4961 5725 3 3307 4045 0 4681 5317 4 4361 4168 1 5259 4439 3
2465 3782 1 4662 2934 0 4589 3513 4 4683 5625 6 3106 4760 2
5255 4901 3 5025 6348 1 4492 4102 3 4192 4720 2 5742 5790 7
4870 4992 2 5687 5777 4 4624 4212 1 4139 4981 4 4353 4856 5
2660 3637 0 5406 4924 7 4229 3685 0 5159 5463 6 1827 4054 6
5109 5308 2 5043 5173 1 4389 5985 3 4946 5565 3 5409 4785 2
4525 4760 1 5445 4525 2 5550 6449 3 6000 5619 5 4492 6436 3
5842 6243 2 5978 5604 1 5505 4496 2 4102 5269 2 5010 5926 4
4561 5936 5 5004 5957 3 6052 7260 4 5739 5014 1 4258 3700 3
6605 7544 4 4835 5657 0 7465 6521 4 3597 4472 3 4452 4266 4
4893 4617 0 5629 5598 4 4978 4951 2 5551 5639 6 4396 6272 5
5470 6088 2 5546 5451 4 5954 6027 3 4508 4900 3 4072 5223 5
5080 4251 3 5773 5754 4 5370 5430 2 5039 4929 3 3748 4954 2
5695 6084 1 3274 4086 0 6228 4509 3 5112 5471 3 5210 6397 9
4181 3812 2 4459 4506 3 3805 4213 0 4014 5709 5 4978 4806 3
4514 4550 1 4556 6621 9 5881 6120 2 5431 3688 1 5631 6165 6
3999 3967 1 3180 3771 1 5104 5655 3 4423 4345 0 4649 5698 7
5439 3153 2 4827 6929 3 5393 6255 2 4027 4765 4 5906 5880 6
3770 3826 2 6228 7502 5 5483 4754 6 4304 5069 2 3889 4508 3
6627 8184 4 5554 6216 3 6346 6131 2 4942 4660 1 5538 6182 3
6370 6739 6 5774 5828 6 7258 7452 6 3928 5199 2 5717 4956 3
5500 6019 0 4528 6074 0 5766 5031 3 8217 7931 6 6278 5827 2
3738 4333 0 4265 4034 2 5018 6545 1 4333 3894 3 4998 5363 4
5545 5449 3 6069 5787 2 4665 4575 2 3924 4738 2 5508 6663 9
4944 5643 4 4458 4620 2 4546 5069 4 4405 5533 1 5511 4926 3
5898 4093 1 6627 7975 1 6206 7181 2 7129 7639 4 6559 6026 4
6175 5133 2 4069 6081 0 5398 5326 0 5380 6591 8 6586 6059 5
6363 6895 6 6097 5738 4 4671 5661 2 5518 5252 3 4761 5370 4
5359 5552 2 4638 3890 1 3747 4630 1 6167 7281 5 4971 4506 2
4488 4872 1 5538 4854 5 4153 4604 0 4023 5578 6 5676 5441 1
4745 5836 3 5293 4109 1 5192 4423 5 3869 5257 2 4042 5565 5
4711 4217 5 4793 5693 4 4361 4933 5 5337 5453 3 4671 4930 2
4936 5127 6 4063 5350 4 5574 4423 1 3691 5005 2 3615 3201 3
4302 3503 2 3243 4417 4 4717 3956 5 5294 6155 5 3085 4341 3
2396 3204 1 5306 3926 1 3516 4971 7 5043 4265 7 4203 6289 7
4560 4560 4 4891 4623 2 3998 5973 6 5872 6711 6 4505 4039 7
4613 6687 2 3143 4013 2 7349 7303 10 5189 3856 1 5262 4995 4
4384 5430 2 4655 5939 1 4700 4509 5 5809 6361 6 4130 3169 1
4036 4513 3 4129 4962 4 4630 4582 4 3898 4368 1 5424 5230 5
3828 2873 1 6774 7598 4 4729 4550 3 4523 5465 5 6099 6101 5
4510 4024 0 4182 5742 3 4684 4652 3 4697 5054 6 5322 4949 3
4602 5958 2 4584 3766 2 4215 5453 6 6196 6663 3 5358 5224 4
4837 6805 2 4846 5738 4 6258 4753 4 5206 5068 5 5846 6109 5
4732 5709 4 5052 4385 1 5619 5915 6 4995 4906 1 4306 5964 6
5785 5560 3 5527 5123 5 4263 4711 0 4932 5536 4 3603 4094 4
5842 6394 3 5183 4405 2 5879 5830 4 5017 6497 5 4732 4790 4
5166 4600 2 4756 5367 2 6452 6962 9 3179 3795 2 6103 6722 5
6521 7167 4 6448 6698 6 4795 5160 3 6127 6173 3 4339 5549 2
4158 4146 5 3183 4867 1 4618 4486 4 3279 3328 2 5101 5919 7
4858 5528 4 5512 3903 3 5913 6962 6 5222 4499 0 4855 6341 5
5645 5142 3 3992 6663 5 5104 4929 2 5082 4407 6 4155 4555 4
4283 4742 1 4255 4670 3 5248 5697 10 4648 5079 2 4134 4531 3
5894 6753 4 5221 5720 7 6342 6684 5 6378 6729 2 4619 4905 4
6371 6459 4 5138 5937 3 3625 4694 2 5252 4580 2 3575 4419 3
4442 4791 3 4486 4850 5 4752 5551 3 5239 6041 1 4226 3692 4
5897 5834 2 4784 5395 0 4513 5364 3 5007 4777 2 6458 6819 4
4945 5380 3 5892 5875 2 5219 5873 2 6432 5955 3 5354 3824 2
5745 4996 1 6783 7683 4 6147 5873 2 6117 7401 11 6120 5862 2
4374 4268 4 3481 4175 0 5063 3574 1 4007 4414 3 3813 5956 8
4073 4166 1 4422 6374 2 6154 7176 5 5792 5257 4 5311 5376 1
7621 6946 7 4362 5728 1 4706 6368 5 4124 2417 1 4197 5213 2
6068 8576 7 6148 5722 4 5766 4720 3 5424 5637 2 4235 4078 1
4680 5124 3 4392 3307 3 5380 7290 7 5550 5265 0 4873 4884 3
3861 4337 3 5036 3956 2 5023 6182 3 4878 4924 4 4061 4825 4
5374 6149 3 6182 4763 2 3334 4845 3 5323 5537 1 5849 6114 5
5785 6229 3 3458 3674 7 5417 5066 4 7000 7129 6 4001 5157 2
4578 4000 1 3812 4685 3 5183 5906 1 6769 6641 5 3572 4455 4
5107 5899 3 4233 4851 1 4627 5695 2 4272 5339 5 5478 4095 2
5172 5312 2 5162 5135 4 3402 3686 2 4083 3555 1 3712 5850 6
4673 3379 1 6729 6329 1 5755 5939 7 4744 5390 5 4575 6719 6
5865 5649 1 4078 4199 0 5155 6396 5 6433 5237 1 4258 5763 3
5609 4478 2 5458 4378 4 4359 4739 5 3690 6003 3 4108 5947 3
4487 6386 4 5031 4181 1 5292 4478 2 5585 6223 3 5979 6154 3
4466 3598 3 3691 4894 4 4774 6264 5 4355 4384 2 3249 2902 4
5076 5166 1 4375 4563 2 5250 6580 6 3651 2861 1 5331 4948 3
4282 5200 3 6606 5685 2 5296 6153 4 4833 4082 1 4674 5783 3
5848 5773 6 4514 4695 1 5374 5549 8 5951 5236 1 4503 5269 5
5535 5289 5 6090 5444 2 4185 4897 0 5416 5066 1 5742 6689 5
6104 5221 4 6685 7422 7 4595 4864 3 4609 5319 1 5458 5630 6
5724 6623 5 5764 4375 3 5069 4266 2 6090 6847 3 4088 6024 3
5114 3466 1 4178 5933 3 5359 4673 4 4645 5157 2 6473 7009 3
4218 4603 0 5171 6389 7 2496 3658 1 5161 4807 5 5315 4937 4
5939 6339 0 6294 6603 6 4267 5177 1 6752 6151 2 5546 4901 4
6300 6015 0 7019 6804 5 4171 4423 2 6025 5387 2 5770 7516 3
4402 6609 3 6161 4934 2 4761 5150 5 6104 6660 2 6089 6384 7
6777 6843 4 5778 6788 4 5516 5082 1 6149 6057 1 6511 7113 4
5642 6441 2 4950 5848 4 3941 4098 1 4444 5091 1 6097 4342 6
4721 5900 1 4960 5596 6 4407 3873 1 4735 5260 1 4304 3957 5
5091 5501 2 4789 6543 4 4861 5911 6 6330 4784 2 3887 4501 3
4900 5977 3 4864 5689 2 5559 4873 4 6971 6630 6 4832 5107 3
7332 6941 4 5043 6393 4 4977 4238 2 4225 4312 2 6438 6979 8
5510 6981 4 5343 5543 1 6652 5594 4 4731 5704 2 6171 5988 3
5523 5781 5 2889 3391 1 6341 6920 2 4845 3668 1 6036 7147 5
5374 5136 3 5566 5303 1 5234 5410 2 4443 4853 3 4426 5760 2
4247 5431 4 4841 6290 4 4443 5225 3 4838 3087 0 5669 5453 5
4733 6024 4 4135 2797 2 6403 6200 4 7266 7418 2 5311 5370 1
3660 4146 3 3320 4563 1 6386 4879 3 4133 4404 3 3976 5618 4
5239 6062 6 5150 4895 0 5850 6074 1 4945 6424 3 5174 4393 1
5845 4142 4 5398 6671 1 4498 5099 2 6599 6225 4 4546 5554 2
5303 6268 1 4980 5710 2 6167 5449 2 6293 6187 5 4811 5450 3
4909 5967 5 4842 6195 3 4816 4573 6 5877 5109 5 4498 4073 2
6329 5458 4 2389 3794 4 5177 4588 1 4000 5659 4 4183 4327 6
6117 5807 5 4139 4337 0 5848 7308 1 5636 5448 5 7640 7631 4
4350 5198 3 3619 3719 1 4966 4954 1 4389 4977 4 6940 7115 4
4543 4081 2 4959 4987 2 5133 6238 4 5706 5712 5 5019 5757 1
4434 3738 2 3756 4753 3 5109 5064 6 3577 5378 1 4626 3586 4
5265 4886 3 4121 5299 1 3703 4745 2 6344 6170 4 5112 4647 3
4921 5503 3 4575 4673 3 5870 5764 4 5857 5997 2 4224 5702 3
4805 4310 1 5578 6760 0 5766 7223 6 5292 5292 2 6229 6263 5
4078 4523 2 2831 3036 3 5749 4906 4 4894 5808 4 4627 5403 8
4735 5159 2 5194 6372 6 4157 3454 1 5219 5127 3 4960 5494 5
5823 5864 2 3945 4589 2 5497 4857 3 3192 4370 3 5384 5898 6
5472 6878 3 5735 5994 2 5373 5446 2 3831 3894 4 6698 6500 4
5180 4485 2 5541 5921 1 6003 5830 1 4439 3972 2 5309 6792 4
4488 6647 8 5797 5586 2 3607 4164 1 6565 6087 5 5552 6359 6
4700 6008 2 5658 6497 3 4982 5389 3 4454 5200 1 4271 4314 4
5675 4777 2 4359 4862 1 3788 4886 3 4834 5198 2 5822 5252 8
5445 5396 2 4769 5383 2 4758 4141 2 4203 4225 3 4268 6228 6
5327 5483 0 3524 3717 1 4235 4585 3 4230 5142 2 6056 6815 5
3619 3591 1 5161 7633 6 3120 2952 0 5930 5187 2 4920 6028 2
5174 6145 4 5491 5127 4 5013 5218 3 4401 5229 1 5810 5784 6
6610 5353 5 2890 3991 0 4064 5217 1 5274 6164 2 6727 5998 3
6389 6768 2 4558 4607 1 5589 4943 2 5766 6252 6 6108 5888 2
4850 6287 3 5128 5063 2 5359 5837 5 5448 5682 1 4970 4800 6
6752 5825 2 6081 6580 4 3493 4709 3 4158 6222 5 5670 5490 2
5591 5186 2 5452 5634 3 3846 4995 3 5596 6142 5 4996 5919 3
3687 4208 0 5053 5327 4 4965 5442 9 6210 5571 3 5916 6008 6
4528 4574 3 5166 6478 3 4689 5356 6 4524 5890 4 7041 5060 4
5669 5678 2 4375 3748 1 5770 5612 4 6459 6526 1 5276 7281 3
4118 4868 1 6106 5484 5 5472 7418 3 6176 5629 3 4697 4832 1
4555 5640 4 3573 4839 0 4839 4518 4 6203 5452 4 6497 6686 6
3375 4140 0 6145 5871 2 5249 4462 4 5404 5341 4 3809 5414 4
5134 3400 1 5243 6512 3 4602 5829 1 4836 6021 7 4266 5127 2
5723 5683 7 5956 6516 2 3586 3967 4 6425 5122 3 4268 5871 4
6451 6507 6 4403 4918 3 5224 4369 1 5161 6288 3 4791 5398 2
4054 5456 1 5860 6414 4 5187 4152 3 4047 4845 2 7905 6824 7
5427 7992 2 4079 3826 0 5280 4156 3 4235 4474 2 4940 4546 2
4591 5473 3 4427 4573 5 4557 5237 2 5926 6115 3 3993 3934 2
3905 3908 2 6357 5411 2 4896 6763 6 4189 4551 3 4673 4805 3
4365 4116 3 5202 5950 2 4401 4203 8 3607 4050 4 4585 5843 3
5966 5986 2 7571 6590 3 4462 6112 2 4215 5023 1 6008 5741 7
7147 5643 3 4477 4886 4 4275 5947 3 5462 5653 3 6077 6215 4
3698 3748 1 4173 5059 1 5428 4846 6 5432 4735 6 4518 6076 7
3378 3508 0 4689 4880 3 5235 4740 1 4290 6281 6 5565 6126 5
3678 5259 3 5265 4412 3 6428 5848 5 5233 5906 1 5523 5693 2
5146 6619 6 4167 4242 1 6217 5510 5 5708 6147 6 5218 6055 6
5621 5797 7 3820 3165 1 2483 4480 2 3245 3279 2 5007 4757 10
5157 5364 3 3978 2899 2 4664 4626 3 4280 5869 6 3287 4208 3
5904 4511 2 5710 4497 4 6858 7058 1 4865 8457 6 5602 6222 3
4728 5587 4 4434 5953 4 4672 5296 3 4457 4384 5 6925 5810 4
6444 6235 6 7360 7817 4 4505 4289 1 3870 4241 3 4810 5644 3
5308 6977 4 3694 4158 0 5175 5749 5 5096 4361 2 4728 4104 3
4315 6093 6 4079 3457 2 5001 5176 1 5464 4493 7 4055 4703 4
4027 4217 1 5028 4920 4 5638 6310 4 4767 4419 2 4977 5901 6
5967 6731 2 6088 6010 3 7100 7806 5 7497 5953 4 4203 5502 4
3858 4746 5 3941 3960 1 3023 3560 2 4607 4652 5 4908 5521 3
4155 3632 1 4089 4494 2 5044 4795 2 4118 5204 5 5013 5791 4
4934 5676 4 5683 5577 2 2484 3009 1 5126 6008 3 5957 5248 6
6527 6395 3 6069 5839 1 6012 6821 1 5856 6956 3 5335 5185 3
4826 4933 4 3378 4042 1 4880 5497 2 4151 4847 0 6655 6091 6
4880 4535 4 4461 5613 2 5890 6273 7 5120 5499 1 5449 5257 7
2647 3535 3 4679 4234 4 3778 3999 1 3924 5253 3 5590 5345 4
4778 5682 4 4552 4943 3 5211 5066 8 3989 4648 2 4594 4622 4
6518 6311 1 6967 7476 3 5105 5733 2 5545 5944 3 5120 4805 2
3078 3624 2 5998 5556 3 5113 4042 6 4581 5516 4 5184 6573 7
4201 4724 3 4362 4861 2 3922 3381 2 4106 6117 5 4269 3509 4
3802 4191 7 4884 5774 7 4542 6222 2 5371 5315 3 5237 4696 4
4414 4621 1 3378 4474 5 6224 6148 7 4126 4632 3 4006 4621 2
2313 2515 1 3763 4749 0 4063 5601 5 5944 5344 6 4303 4251 5
3672 4045 2 4660 5828 3 3939 3905 2 5445 6812 3 6150 5272 6
4839 6066 4 7994 7539 1 5152 4166 3 5664 7162 3 7436 7419 1
7116 5446 2 6524 7372 7 5367 5892 1 3456 4938 0 6555 6877 3
5121 3797 2 4105 6078 4 5280 4654 5 4785 4614 1 5355 5370 3
4029 4431 5 3614 4870 2 4973 4326 3 4400 5174 2 5762 5973 6
5587 7380 4 5596 6683 4 7636 5175 4 6241 5157 3 5708 7082 7
3936 4985 3 4957 5356 2 5669 4264 3 5560 6309 7 5039 5639 3
4419 3992 0 5322 5220 5 3819 3611 1 5696 6041 4 5817 7091 10
5421 5721 5 4780 4736 1 5043 4839 3 4822 5678 1 4514 4924 4
2523 4413 3 4554 4920 4 4485 5281 5 4687 3034 2 5212 5243 3
4515 4756 2 5213 5191 3 5130 5428 5 4441 5550 6 5354 6023 3
4742 5174 5 4591 5796 5 3843 4184 4 4677 4687 1 4778 3507 4
3908 4961 3 6072 6306 5 5203 5070 1 5254 5579 4 6935 6421 2
4428 6007 2 7535 6639 5 6527 5332 3 5745 6652 7 4721 5164 6
5063 5847 4 4444 4599 2 6053 5123 2 5647 5071 4 5753 7074 6
5049 5240 4 4345 3625 3 4235 4137 2 4286 4784 1 4239 5421 2
4173 4784 3 4355 6087 5 4438 4734 1 5894 5069 3 4688 4311 3
5105 5196 6 6541 6856 2 7503 7901 7 5902 5438 8 4368 5693 6
4533 4026 1 5603 6123 2 4782 5170 0 3917 4827 4 6242 5591 5
4464 4579 4 3132 3912 2 4803 5176 2 5316 4497 4 5594 5615 3
4098 5003 1 5626 4879 4 5197 5149 6 4972 4689 2 5641 6742 3
3746 4559 2 5045 6140 5 5062 5369 5 5467 5425 5 4097 4711 1
4461 5753 5 3889 3443 1 5100 5312 2 4987 5586 2 4551 3980 3
6089 5943 6 6529 7402 3 6586 7778 5 4164 5347 3 4971 4848 1
5971 4671 5 3691 4496 1 5495 6464 2 4785 5140 3 4007 5440 5
6640 5989 1 3718 4104 1 5200 4602 5 4610 6811 5 5737 5441 3
6926 5079 5 3924 5328 2 3846 3894 1 4142 4810 0 5239 6271 6
5961 4619 1 6445 7086 4 7088 6594 5 6146 6354 1 5209 5760 2
6196 5964 3 6668 5338 5 5473 6885 3 5839 5368 0 4817 6444 5
4554 5232 2 5834 4404 0 6070 5552 1 5184 7063 2 4916 6493 5
4239 5880 4 4053 4306 0 5525 5172 1 4632 5180 8 4512 4263 4
5751 6447 3 4676 4059 1 4528 5067 1 3363 3900 0 4542 4955 7
5222 5851 3 4685 4460 0 5231 5431 2 6263 5936 1 5280 5614 5
4255 5575 0 5972 6690 4 4723 4847 4 4079 3944 2 6452 5850 5
4611 5642 1 6626 6334 2 6588 6609 3 6834 7610 5 5085 4345 2
5058 5437 9 6117 6239 1 5163 6156 1 6183 6861 2 4076 3219 2
3188 2849 3 4001 3988 0 5058 4846 5 5255 5335 6 5017 6469 4
3979 4193 3 5219 5157 4 5178 5840 2 5466 6263 2 5429 5141 6
4798 4849 1 5776 7108 2 5552 5211 3 8094 6736 2 5428 6126 4
6214 6247 4 5906 5429 4 5126 7287 8 4150 4135 1 4375 4485 3
5005 5108 3 6282 6663 2 5351 4512 2 3901 5961 5 4427 3974 2
5262 3707 3 4385 4947 2 5968 5540 0 5315 8622 6 5056 4699 3
4333 5153 1 5618 7180 5 4970 6146 5 5640 5190 4 7388 6353 4
4739 5532 3 3394 4264 5 3804 4150 4 4246 4103 1 5230 5096 4
4482 5010 3 3126 3298 0 4406 5065 1 4759 5652 6 3211 3651 4
3495 4496 1 6077 6443 7 6128 4888 5 5978 6891 3 6215 6301 4
3906 4299 4 4714 5058 2 5241 5595 4 3406 3111 1 4057 5015 5
3266 3549 4 5809 5135 3 2806 4453 4 4073 5270 4 3636 3134 4
3700 4712 2 5153 4107 4 3885 5261 3 3056 4504 4 4407 4120 7
5960 5216 5 4462 4445 3 5183 6053 4 5217 6520 3 6356 6900 5
3762 3773 0 4373 4234 3 4551 5266 2 4861 6078 3 5448 5356 4
6147 5654 8 4053 4418 3 5164 4086 4 5252 6619 4 6108 6267 2
6773 6475 7 6779 5403 2 3929 6218 5 3300 4825 4 6750 6293 5
5437 5153 1 5960 7268 4 6517 5956 3 3911 4658 2 5976 6324 6
2555 4191 2 4040 4006 0 4234 5289 5 5357 5227 3 4141 4532 3
4949 5481 1 3849 4825 6 5108 4553 5 5226 5069 5 5015 4972 4
3956 4992 7 6072 5136 4 4234 4853 7 4272 5654 6 3893 3185 2
6131 4719 0 3931 5365 3 5247 5529 1 4939 5718 3 7058 6775 3
3978 4119 4 5031 5729 1 4683 3843 2 3700 4202 1 4067 4900 3
5443 6290 7 3469 3757 1 4578 4146 1 4819 5242 7 4185 3949 3
4733 5221 3 4569 5330 3 5976 4895 1 4207 4553 2 4876 4570 6
5067 5263 4 5250 5018 1 6994 6907 1 5093 5111 1 4523 4977 5
4177 5112 3 3940 3502 2 4152 4957 1 5315 5229 4 4670 4058 5
5146 4178 2 5525 5876 2 7277 6655 4 4643 6157 5 5030 6149 6
6022 5525 5 3447 5121 4 5748 5160 1 5995 4922 1 4610 6791 5
6511 6173 3 6985 7463 0 5440 6031 1 6802 5654 3 4828 5744 3
5429 3557 4 3655 5420 4 3831 4395 3 4798 5078 6 4009 4528 3
4284 4958 2 4424 3662 0 5361 5354 3 5234 6238 2 6028 6360 3
6782 6177 4 3174 5750 7 5655 5109 3 5314 3950 1 4108 5572 1
4861 5269 4 4535 6109 4 4326 4270 2 4427 5059 5 4249 5063 5
3835 5833 3 6905 6620 5 4789 4777 4 5677 4836 8 3096 3710 2
6023 7027 0 5126 4858 1 5347 4493 4 6684 6505 3 4382 6112 4
6235 6418 2 7041 6563 5 6060 8035 7 5817 5315 5 4848 4768 3
3977 4080 4 5472 4369 2 4518 4689 2 4551 6158 4 4742 5316 3
5892 6148 6 6197 7169 2 5632 5236 2 5592 5388 1 5015 5660 5
3298 4387 3 4788 3444 1 4361 4523 2 4268 5772 4 5593 6140 4
6431 6432 4 5691 6755 6 5768 5986 1 4040 4961 2 5831 6657 5
4033 4825 2 3517 4852 2 4588 4741 5 5445 5688 3 5571 5398 2
5699 5371 0 4733 4922 4 4975 4942 2 5406 4867 3 5574 7444 4
4332 4222 4 2920 3825 4 4399 6510 6 4635 4247 3 4663 4191 1
4709 6759 7 3491 5197 3 6638 5039 4 6309 5642 4 6426 6407 4
6511 6597 5 5032 5883 0 5454 5001 1 6561 6479 2 5398 5137 3
5362 5730 0 4790 5295 8 3981 4731 1 4571 4016 2 4743 5893 6
3761 4365 3 4475 3414 3 4094 3547 0 3771 4413 4 4154 5022 8
4497 3576 1 3770 5538 4 3715 2813 1 5147 6135 4 5783 6601 3
4892 5318 2 3284 4307 2 3870 3816 3 2526 3893 5 5116 3047 4
4002 4956 1 6049 5375 3 4171 4319 4 5340 5804 2 3037 4472 2
7332 5921 6 7214 7369 5 5596 5879 3 4469 5920 2 7029 6754 7
5005 4219 5 4092 4750 2 5160 5531 6 3611 4045 2 5151 6332 5
3779 4885 2 5584 4766 4 4255 4694 4 4200 4527 3 6130 5965 7
4922 5156 0 5699 5844 3 5092 4271 3 5999 6121 3 5170 6869 5
5531 7062 4 6278 6098 2 5655 7039 1 5588 5942 5 7018 5846 1
6599 5412 0 7143 6259 4 4726 5363 4 4332 6234 2 5875 6372 3
5978 7237 3 4974 6172 2 6006 5076 3 6131 5478 3 4661 4962 3
5642 4531 0 6068 6193 6 7077 6214 4 4371 5534 3 4628 6539 1
4289 5261 2 5122 4991 1 4574 4081 4 4905 5224 6 6045 6350 6
5853 5012 5 5039 4569 2 5192 5641 1 4348 5237 2 5172 6578 5
5209 4167 3 5034 6560 4 5751 5485 4 5168 5353 6 3411 4360 2
4795 6814 3 5072 4698 2 4018 5064 4 5553 4196 4 4116 4793 7
6298 5780 6 5755 4764 5 5591 7856 3 5603 5698 3 4735 5142 8
5835 6106 2 5871 6072 3 4908 6045 4 5135 5272 1 4469 3844 6
2953 5130 4 6488 6886 3 4076 3767 0 3860 4190 4 5028 4175 3
4042 4121 1 4522 5804 2 7194 7126 6 5103 4391 1 3879 5718 3
5282 5229 1 5639 6156 6 5788 6084 5 3985 4327 0 4197 4078 1
4321 5254 2 4477 4802 2 6739 7101 2 5327 5691 1 6468 5459 6
5822 6219 11 6449 5951 5 4665 4996 1 3923 6110 3 4944 4445 2
4062 4414 0 3491 3808 5 4607 4058 1 4880 5228 2 6369 6960 5
5740 5337 2 3227 4031 2 5435 6784 6 4455 3986 2 4488 4334 1
5149 4233 4 5369 5248 2 3739 5128 0 4389 4940 4 5251 5901 3
5077 5257 6 4793 4966 2 3204 4450 2 4631 6454 7 3592 3153 4
6078 6968 5 4593 5492 5 5422 4133 2 3756 3931 3 4637 5218 2
4257 4659 2 5971 5454 3 3742 5807 5 6148 5515 3 4529 5379 4
6223 5497 2 5435 6331 2 5613 6471 2 5168 4543 3 5750 7032 3
6553 6407 3 6442 7074 5 4593 4364 1 7441 6934 4 4407 5474 4
3834 2898 0 4041 5360 3 4444 4803 4 5000 5185 5 3608 5811 8
5366 5919 2 6251 6086 3 3615 3521 1 4583 5128 2 4126 4935 3
2467 5307 4 2327 3205 0 5434 4625 2 4259 3679 2 3910 4043 8
2697 2778 3 5414 4376 2 5618 4373 2 4728 6407 4 6278 7571 3
4367 5172 3 4623 6192 3 4244 4358 3 6448 5825 7 4710 4644 2
4950 6534 6 5981 5008 4 6785 5641 3 4464 5731 1 4072 4691 2
3259 4784 1 7985 6635 4 4348 4785 3 4097 4226 0 4984 5143 5
4210 7463 3 5342 4888 3 6543 6085 3 4534 5242 3 4610 3723 4
4233 4369 1 3563 3496 1 6418 8834 5 4597 5273 4 5490 4380 2
5428 4991 2 6192 6593 4 6292 7005 7 5917 6382 4 5203 4889 5
4324 4589 3 4272 3533 0 4946 5855 2 3899 4885 3 3311 4250 4
5239 5714 2 4166 4730 2 5490 5044 2 6068 6509 10 5412 6701 5
6004 5727 4 6584 6399 1 5222 4505 3 5673 7323 3 6023 5753 4
4876 5135 2 5469 4959 1 4681 5970 3 4103 4408 2 4662 5022 2
4803 5008 1 5736 5286 2 5983 5577 1 5578 5893 6 5689 6616 5
4951 4762 1 5983 5513 2 5832 6085 2 4330 5599 4 4344 4766 5
5938 5872 1 6985 8505 6 5959 5483 3 5141 5941 1 6272 5244 1
4227 5093 6 4985 4397 5 5559 5154 0 4602 6596 2 6115 5157 5
4910 4761 3 5721 6307 2 5019 5407 1 4665 5548 5 6008 5795 5
5379 5434 6 4590 4626 2 4751 6111 4 5176 4989 4 4609 4182 3
5203 5603 5 6514 5375 2 5849 7622 4 6557 5910 4 6249 7097 4
3869 4192 1 4046 4520 4 4765 6338 2 5277 5276 3 5713 4533 4
4260 4997 3 6052 6006 3 5811 5481 3 5053 5225 4 3245 3102 2
6622 6130 9 5943 5230 6 4464 5513 3 3672 4128 3 4594 5954 3
6291 5823 4 5321 4864 3 4113 5322 0 5062 4787 1 5617 6831 7
6601 6096 2 4596 6230 4 4472 4398 2 6757 6436 6 3588 4458 3
4253 4902 2 5112 4634 2 3702 5449 3 4075 4234 1 4693 4532 4
4738 3781 2 5137 5788 2 5797 5309 6 3725 5058 1 5392 5517 3
4551 4085 2 7029 7532 5 6414 7444 3 4013 5575 3 5403 4314 3
6800 8035 5 5711 6802 4 5422 6948 4 5960 5153 1 5775 4705 3
4017 5275 7 5483 5569 1 5641 4827 5 4202 4835 2 4268 4993 2
5972 6321 3 3412 5406 2 4615 4313 5 7154 6486 1 5384 4020 2
5211 5534 0 5251 6363 3 6819 6284 1 6306 6653 2 7699 7890 5
4822 4835 2 6213 5100 4 6114 6355 2 4676 3925 2 3562 6153 5
4438 3753 2 4116 4780 0 5065 5590 4 4490 5403 2 4664 4576 4
3353 4312 3 4872 4905 2 4872 4277 4 5091 6625 6 3545 3648 2
3650 4465 3 4532 4398 3 5111 5593 8 3602 4069 3 4682 5299 2
5564 5740 3 5089 5697 1 6220 5858 4 6546 6008 4 5329 7328 6
5985 6258 1 3840 4573 1 6574 4570 3 3522 4798 2 6132 7077 4
5754 5385 1 7285 6687 0 3488 5646 1 6270 4255 1 5405 7003 4
5213 4227 3 5527 5555 2 5283 6084 4 5270 6219 4 4270 5174 1
5487 5318 3 4961 6430 2 3956 3207 1 4621 5092 3 4994 5091 6
5906 6279 4 4565 4401 3 3468 3185 1 5440 6572 7 4671 5662 7
7519 6720 3 3839 3940 0 5163 6127 1 6408 5470 1 4239 4965 4
4218 5770 5 5775 5448 1 5869 5217 2 5105 5102 2 5769 5926 5
3442 5187 5 5318 5512 5 5083 5925 7 5061 4499 1 4696 3925 3
4354 5467 3 4767 5751 1 8260 7762 5 5988 5550 0 5561 6195 3
3844 3759 3 3836 4524 1 3585 3728 2 3746 4025 2 3867 5514 9
5941 5853 2 6704 6249 2 6473 5380 1 4515 5852 3 5518 7133 7
3814 3269 1 4569 3771 1 5463 5920 8 3945 5855 1 4800 4777 5
5595 5585 1 5318 6000 3 5247 5163 2 6037 6272 1 3752 4678 4
5725 6042 4 4571 5053 4 6261 6679 3 4451 5280 3 5950 5897 5
5446 5927 0 4686 5748 1 5821 6158 7 4696 5395 4 6114 6092 6
5990 5030 3 4960 6504 3 6249 6036 1 6312 7227 5 5977 5488 3
3163 3262 4 5059 3977 2 4218 5048 1 3834 5693 2 4782 4765 5
4381 5482 6 5568 4181 3 4010 3558 3 4884 4367 1 3665 6132 4
5170 4809 2 6155 7598 6 5452 6494 4 5647 4006 4 5609 5851 2
5374 5991 4 4966 5026 2 4475 4959 4 3471 3858 1 4273 4525 5
7511 6427 5 5910 7637 5 5530 4916 2 3425 4500 2 5659 4717 6
3946 3938 3 5655 5544 7 4814 6604 6 3973 4668 7 4827 4463 4
4660 5127 3 4020 3748 1 3981 4981 1 5906 5055 2 5123 6137 6
4183 4527 1 4528 4267 4 5093 5015 3 5127 5554 5 6335 7244 6
3228 5058 6 4785 3802 3 4464 5427 4 3974 3979 1 4432 4049 3
5472 4930 2 7536 6639 3 5633 5388 0 5243 7191 5 6063 5974 7
4941 5485 5 5643 4565 3 4338 5374 4 4538 5295 1 4744 5045 4
5388 5749 4 5084 5841 1 5223 4677 2 5129 5667 2 3986 4586 5
5081 6474 8 6341 5038 0 5329 6732 5 4858 6154 2 4727 4414 3
4183 3954 5 5018 6525 7 4145 4890 3 5214 5022 5 3584 3810 1
4768 5751 5 4320 5087 2 3488 4326 3 6729 5748 2 4854 5358 3
3822 4684 2 5491 5430 3 3806 6080 6 5100 4876 2 6037 4372 3
5007 6558 3 6067 6189 8 5649 6420 6 3947 2864 4 4167 4645 6
5107 5151 1 5286 4492 3 5214 4281 2 3500 5289 1 4775 6559 5
4524 4636 1 5392 6405 5 5143 5396 1 4436 5437 4 4365 2882 1
4865 4957 4 4736 4523 1 4817 6502 2 3766 4579 2 5941 5372 5
3863 4863 4 5961 6772 3 4773 4484 1 4467 4681 3 4918 4985 3
5158 4254 2 5476 4311 0 5485 6174 1 6422 7422 2 4638 6023 7
3247 4280 2 6221 6035 3 3440 4778 2 5173 5028 3 3783 3751 3
4607 4391 2 4799 4780 1 4393 6731 6 5344 4996 1 3580 3639 2
5259 4715 2 5445 4294 3 4643 5873 4 5306 6806 3 5105 5271 3
8062 7317 9 7412 8523 3 4919 7076 2 5781 4588 2 5661 4668 2
5381 3937 1 5858 7053 3 5358 5485 2 3685 3965 3 4500 5543 9
4554 4634 5 4690 4501 3 6509 6848 5 5650 6314 4 5114 5847 4
5321 6474 4 4859 4106 1 5516 6408 3 5058 5377 2 4755 4532 5
5712 5069 3 6259 7618 7 3145 4140 1 3263 3119 0 4279 5256 11
5840 5326 6 5583 5189 4 5004 5384 3 3988 4573 2 3720 4995 4
4839 6188 4 5064 4208 1 7349 6478 1 4782 6908 1 5904 5621 3
5185 5176 1 4855 7058 9 4300 4703 3 3871 2934 0 3404 2702 1
4987 5365 2 4612 4867 0 4982 6179 3 4299 4643 4 5690 5394 5
4122 4500 0 3538 3713 1 4124 4230 2 3861 4733 7 4437 4592 4
4455 4680 3 6608 6007 2 3804 4146 0 4537 4853 2 4995 6335 5
5702 6218 4 6085 5050 2 5351 5164 2 5022 5245 3 5433 7093 4
5395 4512 0 5910 6123 3 5491 7180 3 4727 7043 5 5784 4798 3
5053 6094 5 3683 4919 2 5251 5412 5 4824 4388 0 5696 5386 6
4149 4441 3 4296 4761 3 6984 7205 5 6203 6281 3 3762 3960 1
5224 5296 2 7021 5911 4 3487 5395 7 3856 4630 4 6091 6076 3
6940 6537 4 4646 5148 3 4625 5535 3 3773 3854 1 5400 6017 5
5978 6239 7 4017 4944 0 5200 4488 4 4924 3465 2 4149 6020 3
5006 5424 0 3619 6086 4 4008 4474 2 4574 3398 2 5468 4178 4
5713 5997 7 4365 4372 3 2884 3319 0 4910 6236 4 3756 3760 1
6135 5840 3 5300 5452 3 4847 4856 5 6267 6466 2 4957 5998 2
6082 6034 1 6439 7372 4 5149 4994 0 6673 6374 5 5368 5167 2
3869 4060 3 3841 4570 0 4505 4724 0 4920 6274 7 3857 3441 3
4928 5169 1 4370 5637 4 5129 4664 2 4318 3885 3 4935 6461 5
5337 6342 5 5086 5950 3 4004 4058 4 5199 5824 2 5957 4225 6
5793 6756 5 5313 6372 3 5133 5534 0 7039 6034 3 3773 3189 4
4835 5664 4 6478 5267 4 3435 4383 2 3296 4239 1 5333 5417 4
4675 6072 4 5965 4407 5 5437 6699 5 3686 5002 2 5376 5074 3
5679 6382 8 6204 4918 4 5262 4983 1 4514 4737 2 5358 6160 3
6605 6229 3 4500 5940 2 4341 5215 2 6005 5913 3 4568 4727 1
3323 4173 3 4469 4093 4 4716 5694 4 3499 2754 0 3933 5508 7
4602 4241 2 3046 4490 2 3410 3370 1 6619 5951 7 4835 5983 4
4806 4938 1 6586 7173 3 6608 7588 1 5402 5603 1 4896 4346 4
4076 5248 2 4686 4935 3 6070 4371 1 4517 6022 5 5737 5850 3
5378 5182 1 4340 6164 4 6441 6455 8 4015 4330 1 3798 4350 3
5329 4115 4 5934 6545 4 5762 6483 5 5292 5081 3 4390 4357 3
5614 6551 3 6025 5233 2 4938 5903 3 5936 5996 7 5017 5616 6
4604 5793 2 5329 5979 6 4612 5598 1 6284 5358 1 5952 4978 5
4462 5517 4 5335 5246 3 3506 3435 1 4074 6277 6 4770 3839 5
5409 7307 0 6518 5736 0 4623 5216 1 6263 6178 1 5501 5040 6
4933 5750 3 4794 5146 6 5571 5223 3 6739 7335 8 3323 3744 1
5125 5978 3 5991 7308 0 5510 4345 0 5897 5746 5 5086 5130 1
5611 6120 3 3280 2903 3 4668 3962 4 4800 4661 2 5050 6175 3
3239 4474 2 4014 3598 0 4935 5784 1 6245 4942 5 6640 8233 8
5375 6343 4 6563 4716 3 6565 6394 3 4710 5466 3 4995 7714 3
7191 6293 2 5342 5802 5 5935 6746 4 5666 6852 5 6573 5627 4
5154 6304 6 6312 5897 2 4335 5129 2 4802 4554 5 5265 5502 4
3983 5642 1 4888 6454 4 4730 4603 2 7060 6681 4 6969 6348 2
4551 4976 2 5702 5374 2 3758 4423 2 5652 4890 1 5135 6098 4
6287 6175 3 5200 4796 2 6138 6646 5 3549 4306 2 4011 4549 2
3655 5095 5 4766 5828 2 4790 4685 5 5179 4946 1 5399 5633 3
3817 3162 0 4848 5205 4 4726 6395 5 3941 3133 1 5212 6917 5
6583 6676 2 4981 5653 6 4421 5991 2 5209 4652 2 4954 5532 2
5663 5738 1 5430 6290 4 4672 4772 7 3875 4888 4 3552 3945 3
6388 5341 3 5025 5915 3 4291 5136 4 4350 4507 3 4766 6344 6
5707 5989 1 7483 8371 7 7748 6870 2 5026 5107 1 4324 6032 5
5127 4709 4 4265 4982 1 5607 5579 1 4305 4668 2 4208 5526 7
3784 4005 4 5014 4035 4 3744 4724 6 5438 5184 4 3435 4869 3
5621 5352 5 4492 5261 3 5269 5850 3 4078 4581 4 5459 5956 2
4104 3513 1 4778 7462 4 4868 5623 4 3891 4665 5 6862 5119 3
7539 6792 6 5904 4604 3 5300 4758 0 5286 7668 1 6114 7019 4
6611 5528 0 5938 5472 1 6297 6977 4 3977 5202 2 5183 5663 5
4075 4937 3 3224 3751 5 5161 5017 1 4100 5625 7 4653 3607 2
7588 8545 5 6609 6319 2 6385 6686 8 6096 6366 4 5222 5324 3
5052 5803 3 5545 5736 3 4724 5476 5 5438 6123 7 4052 3859 1
6346 6675 5 5156 5600 1 5626 7459 7 5547 5026 1 3500 3053 1
5695 5258 3 4769 4752 3 5050 6612 6 4125 5813 2 6657 5429 4
3926 3574 0 3852 4257 2 3861 4594 2 4852 4741 5 4515 4901 5
4194 4607 3 6325 4971 2 6045 5312 3 4888 6691 3 4846 4635 1
5851 6310 0 4431 4890 1 6240 5289 6 4393 6366 5 6630 6605 12
5273 6229 2 4758 4987 4 6185 7449 5 5209 3579 3 6294 7191 7
3201 3795 3 4611 4121 0 4083 5359 3 5130 6000 4 5223 5576 3
3392 5264 3 6591 6447 5 4069 5832 4 5873 4804 2 2353 2341 3
4825 6348 0 5394 4105 2 6566 6750 4 4717 5282 2 6178 7163 6
5069 6739 4 5205 5606 3 5899 5734 3 4480 5106 2 5533 5123 5
5972 5144 7 5141 4809 2 4710 4091 2 3124 4285 3 4246 6127 5
5668 5113 3 4433 5132 6 4989 4181 2 2710 5038 5 6150 5689 7
5315 4039 0 6557 6924 1 5166 6194 3 4534 6073 2 5493 4704 4
3965 4412 3 4932 4641 3 4422 5516 7 5396 4844 0 3494 5307 3
5117 6059 5 5061 5476 2 5426 5488 3 3928 4465 2 6331 4644 7
5679 5065 1 4000 5893 5 4388 3887 2 3251 5676 5 4818 3445 2
3552 4128 2 5385 5827 0 4404 3335 0 4094 4542 4 5852 7057 4
3751 5953 3 6810 6766 8 4827 6366 5 7250 5815 6 5249 4364 1
5758 5653 1 5365 6608 4 5491 5807 3 4529 5317 4 4516 4474 2
3995 4023 1 4466 4527 2 6478 7566 4 4364 5700 4 4735 3556 4
7749 6806 3 5605 6563 5 5769 5600 2 5254 5813 4 5247 6204 3
5228 8512 4 7263 6393 6 4783 3990 1 4329 5897 1 4967 3445 7
4997 6741 7 5664 5835 6 4403 4210 2 3773 3783 3 4940 4354 2
4612 4415 0 5016 3402 2 4375 6266 6 4416 5729 4 4551 4789 1
6283 4691 1 4457 4287 5 3671 4932 4 4276 5594 2 6581 7005 6
6772 7492 6 6445 6590 4 5443 6535 0 7431 6760 3 5870 6022 4
4039 4178 2 4653 6032 3 3148 2887 1 4004 5841 6 4804 3973 2
4443 5089 0 7048 5693 4 5023 5327 3 4639 4737 3 2571 4454 6
4327 4984 1 5383 6741 2 7161 7734 5 6430 4905 2 7604 6721 4
5844 7405 3 3605 4541 3 4862 4577 5 3529 3198 0 3592 4059 4
3663 4894 3 4037 4261 2 5352 5230 5 4236 4687 5 5162 5506 6
5575 5192 1 3863 6327 7 5277 5142 2 5527 4933 3 5995 5558 2
5248 5835 8 5603 4468 2 6330 5548 3 3540 4931 2 4049 4732 1
5390 4368 2 4949 4429 2 4623 6625 4 4681 4534 2 6016 7473 5
4855 4339 3 4889 7230 6 4848 4453 1 4938 5278 2 3539 3586 2
5439 5254 3 5080 6320 1 6549 6359 7 4829 5341 2 4994 6029 4
6179 5243 0 5833 4913 2 5390 4487 4 4254 5456 4 3324 6485 4
5157 5379 4 5550 6211 2 4887 5038 4 3502 4268 3 3880 4245 4
4469 5715 1 5794 4861 0 5477 6908 5 5118 5080 1 5265 5272 7
5342 4802 3 4794 4534 2 4816 5328 3 3519 4918 7 4765 4801 5
5419 5325 3 4047 4525 1 6487 6555 7 5242 5248 4 4140 5132 4
5682 6759 6 5273 5871 5 4416 4026 2 4286 4595 4 4715 4274 2
4687 4445 1 4547 5805 1 5853 5009 1 5916 7797 7 7028 7141 4
6062 5224 4 5242 6299 3 4770 6150 3 5783 5511 5 5701 5285 3
5756 4849 5 5819 5985 3 5075 5064 2 5350 6140 3 4690 6186 9
5750 6869 3 5673 5880 3 5332 5822 2 5904 5441 4 5149 5256 2
5573 5331 3 4241 5129 1 3813 5849 2 5665 4501 2 3477 3902 2
4936 4183 1 7352 7051 7 6100 8737 2 4494 4153 1 5232 5806 3
5033 5316 2 3812 4744 2 5467 4953 1 5095 4336 4 4969 6010 8
4119 5185 2 5186 5634 2 6328 3956 4 4334 5496 4 3344 3947 2
5901 6119 5 3192 3118 1 4129 5290 5 4289 3000 0 3625 5134 5
5782 6024 4 5175 4697 2 6314 7036 6 4067 4270 4 4776 6012 3
5809 6331 2 5508 5392 4 5245 5521 3 5254 6331 9 4350 3748 3
5444 4954 2 5613 6392 4 5280 5420 2 4362 3825 4 4027 4472 3
5752 5971 5 5410 6226 3 5116 3927 5 4976 5420 7 3948 4586 4
4060 4138 0 5528 4922 2 5038 6761 2 6464 5386 3 4894 6138 8
5984 6281 1 5603 6967 6 5339 5081 2 4179 5654 0 4981 4660 6
4795 6449 4 4164 4558 0 4142 5320 6 4041 4841 0 6084 4713 3
3165 4642 2 4651 5026 2 4940 4820 3 5182 4194 3 4768 5761 5
3891 5437 4 6487 5242 2 4499 6183 6 4595 3769 1 3036 3305 2
3988 2990 2 5724 6112 2 5458 6189 7 5548 5965 3 5711 6073 4
5689 4827 4 5900 5708 2 5540 7424 4 5005 6145 8 4994 5034 4
4089 4505 0 6933 6802 2 6054 5800 4 4462 5788 3 7060 6125 4
6288 6640 2 7492 7385 8 5860 7951 8 5711 6234 1 5071 4303 3
5685 6431 6 4124 4714 2 4576 4666 3 4704 4716 0 3403 4462 3
5435 5416 1 5195 5039 2 5824 6952 5 6570 7009 3 5157 5579 4
4804 6193 2 4982 4623 2 4969 4891 0 5763 4771 2 4720 6092 6
5759 5159 5 6087 4394 1 6620 6929 8 7182 7795 7 5273 7276 3
5596 5537 3 6831 6202 4 4498 5145 4 5047 5660 4 4566 4700 4
4581 4087 2 4637 5872 5 4939 5631 4 3908 4799 0 4706 3447 3
4230 4944 4 3680 4788 3 5024 4876 3 6159 7327 6 5460 5078 6
4888 6194 3 5783 5316 5 4145 3628 2 4319 4869 3 2806 3588 2
6821 6642 6 6677 6416 3 3761 6768 1 6943 5215 2 6056 6503 5
6161 5844 4 3664 5373 3 5039 4298 4 4347 4904 4 4035 4838 4
3459 3037 0 4342 4311 0 5665 5669 6 4254 5389 6 5784 6519 7
5435 5477 2 5238 5472 0 5109 4479 4 5155 6205 4 4790 4367 2
4018 5155 3 3867 3612 0 6151 5661 2 5004 4508 3 3612 6003 6
6712 5977 6 3919 5953 4 5874 5601 5 4559 4028 3 3354 4533 2
4698 5458 2 6113 6640 8 4933 4781 1 5551 5435 5 4925 5570 2
4237 7383 4 6973 5237 2 6487 5017 1 6022 6602 8 3500 3634 1
5182 6388 4 5093 5367 3 5729 4893 3 5374 6178 5 4102 3881 1
7459 6812 5 5050 6408 2 4438 5905 4 5121 4861 2 5120 4760 8
7007 6942 10 4391 5271 3 5690 5022 2 4216 4807 5 5497 5140 3
5643 6675 3 4907 4201 2 4761 4350 1 4884 4610 1 4475 6256 5
4247 5008 7 4671 3956 5 5674 5975 3 4063 5176 2 5691 5648 4
3999 3913 3 5737 6824 5 3202 2998 0 6665 6475 4 4154 5261 3
6038 5214 1 3661 4307 1 4965 5737 3 4560 5447 5 4169 4585 4
4785 3955 3 4023 4786 0 4836 4823 5 3076 4941 1 4866 3849 3
4973 5304 5 3892 4408 3 6334 5934 4 7159 7550 5 5885 5604 6
6781 6791 3 5642 5686 4 6065 6102 4 6015 5560 2 4956 5533 5
5717 5379 1 4882 4935 1 4839 6033 7 6229 6128 4 6339 6312 3
4327 5505 3 3558 5002 1 5090 5631 4 5990 5404 5 6003 4859 6
6883 6223 7 5647 5575 4 4044 4679 0 5944 5132 5 3468 4789 4
4389 3795 1 4066 3853 1 3408 3402 1 3801 4934 8 4067 5024 5
5621 5865 3 5157 5681 2 4734 4236 3 5715 5256 5 3200 4158 2
4419 5661 4 4984 4034 1 5110 6506 1 4129 4852 4 5509 5348 7
6063 6518 1 7562 6598 5 4021 4323 0 6371 6403 5 5995 7034 3
4276 4114 1 4615 6531 2 4127 2877 3 4172 4292 0 5092 5764 7
5117 5611 4 6576 5960 2 5529 5759 1 4431 4156 3 5339 5822 4
7017 7018 4 4661 5724 5 6517 5957 3 4015 5227 3 3925 4309 7
4907 6191 7 4318 4804 1 5242 4580 3 3725 3769 0 5959 6342 4
4158 5545 2 4711 5219 3 4127 5909 0 5429 4655 6 4788 3574 4
3879 4983 1 4855 4518 1 4269 3894 4 5234 4888 4 5563 6924 7
4736 6304 6 4352 5538 1 4201 4107 0 7453 6286 1 5439 5404 4
3425 4674 2 5393 4102 0 4192 5401 2 5810 5525 5 4740 4671 1
4494 4677 3 6194 4963 2 4158 5224 3 4384 5103 1 4852 5144 5
4968 4999 4 5093 4417 4 4219 3824 2 4548 6075 4 4497 4940 7
5688 5818 0 5026 6983 3 4367 5900 1 6773 6454 5 4532 2797 2
5496 6329 2 6223 5765 5 3771 3905 1 5043 6491 4 4569 4692 2
5794 6724 2 6582 7011 4 5597 5962 2 6291 6046 4 5899 5202 6
3383 4333 2 4547 5875 2 6038 5749 1 5085 5208 2 6439 5272 7
5353 4751 6 4286 5522 5 6139 5561 1 4965 6127 7 5052 4596 2
3792 3626 1 5117 6281 4 5017 5139 1 6319 7918 6 5252 4040 4
3670 2739 0 4559 3730 1 3612 4070 4 2751 4297 4 4251 4333 5
4932 4608 3 3781 4741 7 3482 4754 3 3641 3408 5 4690 4299 4
5712 5594 3 5515 7351 5 5045 5296 0 6435 6800 2 4701 3727 2
4751 3116 2 5349 4464 2 4199 6172 3 4816 6990 5 5056 6324 2
6832 5436 3 3763 5009 1 5593 6575 3 3754 3879 1 7398 6300 4
5332 6306 2 5572 4612 3 5854 7168 1 5184 4986 3 5049 5011 2
4801 6016 6 5764 4084 3 6011 5724 5 3979 4937 4 4559 6172 5
4676 4909 0 6453 6243 4 5674 5337 3 3653 4226 1 4547 4708 6
5805 5158 5 4760 5006 1 4224 6111 1 4516 5539 3 3989 4085 2
4811 5544 1 5180 5212 2 4578 4819 4 5649 6625 3 4701 4791 8
5465 5119 3 5020 5848 4 6097 6819 4 4621 4354 5 5228 5726 4
6883 6264 3 6400 5366 1 4080 5335 2 4201 6108 3 6049 6265 4
5391 4870 0 5586 5869 2 7228 6517 3 5138 5950 5 6654 7394 3
4882 5135 1 4885 4952 4 4183 6452 5 7110 6545 8 5585 5480 1
3854 4608 1 4036 5351 3 5444 6726 6 5214 5414 6 6563 4967 3
4677 3844 0 6147 6731 2 5913 6366 9 4796 5007 3 4286 4871 3
5156 6755 7 2952 4207 2 6078 5911 0 5095 5352 0 6344 4615 1
6591 6281 4 4198 5105 3 4468 6041 3 7491 6994 9 3556 3268 7
3934 4297 1 5842 6370 3 6329 5808 4 5132 5436 3 3697 4277 3
4736 6764 6 4963 4880 3 4928 6827 4 5203 2918 1 4562 4259 1
4826 6613 0 6281 6179 4 5976 4134 3 4586 7390 4 5761 5271 3
4587 5953 5 3199 3103 0 3925 3939 2 3354 3482 3 4980 5127 7
6336 5521 2 4964 5766 3 5876 6547 9 4620 5070 4 4893 5434 3
5237 6856 6 3721 4082 2 5845 6066 6 3593 3415 1 5323 5160 3
3016 3546 2 3890 4682 4 2437 3857 5 4417 4672 2 4052 4362 4
4769 4747 2 5765 5067 2 4830 5639 4 5451 6463 3 5209 6191 4
4201 5554 5 5207 4872 2 6443 6711 4 3782 4497 2 4533 4301 3
8070 9305 10 5799 5241 4 5999 5991 2 4980 5307 5 5711 6158 2
4561 5338 4 6535 6284 3 3826 4405 2 4322 4291 1 4132 4390 7
4181 5828 2 5344 5987 7 4165 4372 2 6813 6116 2 5521 5437 4
6363 7309 7 5347 6098 5 6067 5444 3 4824 5818 3 4596 3454 4
5866 6324 2 6086 6435 6 4359 6557 3 4852 5214 2 5602 4130 3
3277 3135 1 5407 5281 3 4629 6318 5 5242 4430 2 4064 5674 6
5050 4866 5 5820 4986 2 5539 5669 4 3798 5058 4 4640 4757 3
4656 3216 0 4696 4747 2 4913 6660 4 3721 5204 5 4958 3954 6
5786 6609 2 3407 4278 3 6154 5050 2 5306 6445 2 5310 5022 2
3916 4881 0 5346 5208 1 5253 5330 3 5017 5127 2 7357 7352 4
4965 3458 2 3972 4961 4 5344 4886 3 4845 4955 7 4126 6197 3
4045 4829 1 4604 4305 1 3022 2935 3 4650 5593 4 5892 5695 3
5303 5360 5 5068 5047 4 4445 3686 2 5107 5492 3 5223 6522 4
3650 5376 3 5543 4868 3 5114 5283 7 4368 4686 2 4820 4355 3
5287 5479 4 4213 4482 2 4301 4663 5 5364 4968 3 4454 5684 4
6973 5389 5 4701 3944 1 5853 7623 2 3046 4713 2 5835 5985 2
4481 3692 1 4313 4422 2 2378 4371 3 5105 5624 6 3854 3998 4
5142 5618 8 4381 4275 1 5116 6296 1 5605 4056 0 3666 5873 5
4426 5596 6 4598 4825 3 5653 5216 4 4334 6185 8 6298 4863 2
3661 4047 2 4692 5444 6 3870 4626 3 5125 5986 0 4339 3847 4
6535 6658 4 4084 3814 5 6831 6819 3 5478 6735 8 5366 5092 3
4687 5690 1 5381 3918 0 2396 4253 0 3631 3163 5 5034 6212 4
5657 4897 4 4164 4905 3 4489 5266 0 6898 7774 6 5257 5588 5
4883 5607 6 6337 6305 3 6054 6608 3 4934 5424 4 6710 6824 5
6343 5881 5 4922 4403 4 3893 5448 6 5637 6818 2 4675 4705 4
5800 5936 3 4309 6302 4 4902 4995 4 3944 4073 3 4547 4124 3
4438 5418 3 5109 4079 2 3809 4292 2 5699 5175 1 5017 6398 4
4241 5653 6 5358 6462 4 5794 3961 2 3393 4351 5 4646 4807 3
3741 4991 5 5262 5032 3 4563 3971 1 5665 4994 2 3155 4487 6
4111 6337 7 2945 3225 0 3646 3708 1 5110 3514 1 2697 3686 1
4955 5507 5 6086 7002 2 4259 3558 1 3694 4668 2 4598 4546 2
5324 6533 2 3946 5494 5 3579 3926 2 5631 5175 4 5517 5289 4
4239 3695 2 4044 4884 3 6611 7029 4 4260 5497 3 4334 4369 4
4747 4755 2 5933 6543 3 5767 6982 4 6617 6241 4 4986 4541 5
3193 3981 1 4407 4130 3 3362 4095 3 4610 4806 5 3190 3898 5
3513 4391 3 5339 6263 3 4905 4341 2 4415 4372 1 4834 5914 5
4893 5237 2 3826 5301 1 5974 4849 3 5573 5787 3 5244 5303 3
5996 6433 1 7122 6815 3 4457 4681 2 6853 7812 6 6532 6206 6
5080 4062 3 5753 5821 5 4632 4945 1 5873 7615 5 3541 3865 3
5329 4442 0 3246 4505 3 3346 3761 3 4413 4994 3 4924 5391 6
4209 4681 4 4253 3839 1 4572 5694 4 2533 2954 2 3645 4914 4
4224 4875 3 5461 4654 1 4222 4179 3 3840 4867 4 3667 4823 4
3895 4319 2 3970 5249 2 6035 4962 2 3650 4961 2 4058 4292 4
5714 5547 4 3758 4961 2 5034 5674 2 4734 5352 3 5790 5131 3
4082 3547 1 5045 6864 6 3991 5032 4 5065 5122 1 6431 6286 4
5455 4209 2 5095 6203 3 6210 5742 5 4381 5389 1 5011 5408 3
5390 5284 5 3575 4471 1 6423 6279 4 4958 6212 5 4982 4901 4
5143 6351 1 5633 5604 2 5559 5244 5 7299 6526 4 5902 6190 6
5255 5287 2 4462 4414 1 5310 7432 6 6617 5330 3 5498 5181 5
4836 4202 2 6943 7379 2 4537 4103 2 6904 7365 5 6478 7020 6
5520 5018 2 5329 5618 3 5195 5319 2 6916 6964 9 3600 5044 3
3518 3516 0 3080 4249 4 4335 6835 12 4182 3460 1 5578 4236 8
6117 6473 5 6658 5892 2 6993 7336 4 4686 4322 2 5841 7085 4
4454 3959 0 4433 5419 5 6270 5639 1 4913 5535 2 7337 7990 3
5864 6008 4 5904 6321 5 4918 5493 5 4813 5653 4 4812 5315 2
5331 5756 11 5666 5606 5 4130 6733 4 5482 5140 5 4392 3593 3
4675 5189 3 4696 5450 2 4206 4749 4 4446 4282 2 5533 5279 6
5167 4726 7 4153 4877 3 4144 5062 3 4668 6242 1 3909 3727 1
3917 4586 3 3398 4717 1 6351 6047 5 4288 5372 3 4957 4185 4
5232 4289 0 6462 5917 3 5675 6975 4 5290 6060 7 3970 4975 3
4036 3498 2 3765 4528 3 3876 5935 5 4210 4862 3 5478 5020 5
6362 5223 3 7262 7294 2 4732 5981 2 4706 5249 2 5298 4775 2
6760 5398 5 3435 4155 3 5531 6080 1 3383 2911 1 4004 5664 4
4601 4653 2 5695 5431 3 5161 4786 2 4108 4781 5 4528 6148 3
5545 6263 1 5959 5472 2 6246 6912 2 4720 4710 2 6305 6467 6
5593 5588 3 5905 6673 5 5571 6194 1 6488 5744 5 6205 6440 4
5310 6261 6 4473 5546 1 5506 5502 1 4342 4444 4 5102 4319 5
4963 5964 1 6551 5684 6 5212 5450 0 4379 5894 4 3749 3407 3
5797 5665 2 4342 4973 2 6050 5913 4 5512 5511 1 4065 5302 2
3974 3932 0 5927 6122 3 4003 3357 3 5332 7269 4 7059 6531 7
4883 5171 2 5436 6508 1 7072 6729 5 6425 5983 3 4067 4591 2
3920 5374 2 6138 5999 1 6121 5713 3 4447 4488 1 4986 5316 2
3086 4918 2 4376 5421 3 3227 4497 2 5492 4988 5 5571 4467 4
6026 5832 4 5345 6512 4 6609 7685 7 5894 6093 6 5759 5197 2
5003 3380 0 4691 6256 2 5148 4620 5 3659 4532 2 5942 7414 9
5162 6542 2 5850 5939 3 6779 7744 4 6210 5010 5 6233 5735 2
5734 6094 2 5160 6021 4 5181 5901 3 5436 5031 2 5361 4799 4
5267 6047 2 5438 5001 5 4739 5782 1 4647 4777 2 5402 5164 7
3916 5725 4 7101 6905 5 6056 5403 0 3773 4648 2 5070 5746 6
5409 4887 1 5862 6503 2 4564 5872 2 7195 7273 5 4527 4859 3
4439 5044 3 4916 4761 3 4751 3877 3 4537 6672 5 4133 4197 2
4555 5864 2 5282 5169 0 6223 4770 4 4958 5054 1 5456 6452 2
5360 7120 2 6422 6237 1 5301 5872 1 7207 5407 1 5858 6834 2
4316 4670 4 4204 5529 3 3569 3773 4 4952 5033 2 4463 4999 4
4222 5377 2 3947 3276 2 4549 4419 2 3208 3745 2 6010 6872 5
5051 3969 0 4191 5477 2 6578 6953 5 5137 4970 7 4609 6235 3
5104 5765 3 2748 5595 4 7621 4490 4 5882 5372 4 4197 5102 5
3947 4413 4 6004 4118 2 3411 5893 5 4140 4730 5 4314 5672 2
4943 5328 3 4751 4855 4 4783 5351 1 5021 5115 4 4010 4478 6
5358 5313 0 4387 4589 3 5234 5681 4 5853 5307 3 5098 6037 4
5596 5497 0 4396 5022 4 5121 6683 1 7207 5236 5 5048 6284 4
7635 7284 7 5577 4436 0 5455 7760 5 5880 5563 3 6944 7656 2
4903 6098 5 6036 6056 4 4900 5370 2 5724 5130 3 5271 5963 3
5225 6678 6 5031 5313 3 5713 5280 4 5293 5694 3 3111 3753 2
5430 5317 3 3742 4691 2 5287 6249 4 5359 6142 4 3676 3571 1
5919 7041 4 5295 6537 1 6538 5496 2 3760 3765 3 4894 5530 7
6522 6425 4 4332 5223 0 5014 5028 1 4450 5526 7 4923 5096 3
3840 3944 2 5696 5820 4 4802 5638 4 4335 3813 0 4853 6447 5
5945 6071 2 4670 4782 3 3720 5243 2 5984 5254 3 6427 7246 4
4320 6282 1 6951 7573 5 6191 5848 3 6721 6505 2 5481 3799 5
5007 5511 4 4658 6174 6 5057 4938 0 5555 5145 5 5715 6228 5
5973 7276 5 4788 5990 2 4389 5141 4 3854 4148 1 5910 5038 2
3547 4558 0 3829 3840 1 4542 5383 3 4988 5300 4 5579 5061 4
5618 6214 5 3923 5098 3 5541 4668 1 5122 6398 3 4731 4704 3
4602 6618 3 7519 5780 2 4171 5524 3 5627 5551 1 4950 4345 3
5415 7305 2 5457 6246 3 7004 7192 4 4890 3952 4 4775 5038 3
3186 3041 1 4396 4500 4 4761 6045 6 3987 5121 1 4864 5295 5
5021 5520 5 6871 6571 1 7453 7026 0 5597 5866 2 5873 5857 1
5139 4886 2 2639 4925 1 4848 3490 1 4817 5977 6 5423 5078 4
5403 4216 2 3813 5664 5 2652 3926 3 5575 6161 5 4021 3631 4
5088 5821 4 3756 4860 3 5663 5601 3 6686 5542 6 4112 4672 4
4367 4863 2 2869 3326 2 5870 5941 5 4949 6421 2 4316 3657 1
4188 5076 2 4601 5284 4 4490 4184 3 5667 6497 9 6258 5455 3
5155 4947 1 5366 6308 2 4504 5223 3 5199 5069 4 5107 5431 5
4248 4624 2 3097 2622 0 2216 4735 7 3537 4063 2 4073 2443 3
5405 5151 1 3903 6058 3 5793 5010 2 3820 4861 1 6266 5970 4
4985 5485 3 4112 5101 1 6725 5864 1 7803 7783 3 4464 5314 2
4954 5177 2 5510 5438 4 4044 5639 4 5462 4757 1 3190 5026 7
5836 5496 4 4038 5010 3 4085 4628 0 5167 5068 3 4384 5122 3
5095 4969 0 4720 4345 0 5303 6034 2 6761 6292 4 5379 6118 3
5306 4063 0 5495 4420 4 6110 7607 7 4783 5230 1 5289 5579 2
4951 5239 4 4940 5991 1 5715 5075 6 4462 6838 5 5598 4321 3
3890 4505 5 3930 5612 2 3923 6101 4 5246 4114 2 7224 5401 1
3587 5756 3 6290 5027 7 4380 4392 3 3745 4052 3 4330 4988 6
3180 5196 0 5615 5854 2 5151 4779 3 5769 5142 0 5537 5137 6
5302 5799 2 7669 6326 4 3565 4815 4 4610 4891 4 4297 5674 2
5034 5083 1 4815 5993 2 5202 4911 2 4210 3337 1 4291 6779 9
5467 6762 5 6020 5139 2 6955 5741 1 4441 4869 0 3364 5036 4
6576 6035 7 6313 7011 8 3365 4141 2 4452 5003 1 5302 5495 5
3990 4226 1 8095 6579 0 4504 3706 2 4560 5985 3 3960 5173 5
5024 4832 1 3669 5587 3 4334 4051 4 6183 6137 8 3355 4386 4
5310 6394 4 4951 4408 2 4412 5848 4 4850 5071 5 5886 5870 5
4778 5190 1 5735 4886 3 5034 5974 3 6388 7604 7 4772 4989 3
5020 7279 3 4664 4041 2 5121 4885 1 6571 5941 8 6756 6202 3
6992 7658 6 5197 4579 3 5426 4869 2 5775 5773 1 5357 7538 5
5531 6408 2 7459 7397 5 6014 5523 2 5774 7144 4 6326 5289 4
5345 5636 1 5603 4858 2 5888 6713 3 3655 4386 2 4690 4856 4
5464 5681 3 5685 5660 1 4760 5565 5 3987 4190 1 5399 5878 1
6573 5845 2 5073 5482 7 4942 7484 5 4501 4560 1 5732 5593 3
4643 5050 0 6958 6077 2 4571 5704 2 4993 5142 4 5607 7004 5
4387 4825 2 4455 4685 4 4599 4772 5 4478 4577 2 5260 5008 8
2897 3522 5 2686 2221 1 3151 3482 2 3585 5305 5 5425 5255 10
4301 3502 5 4243 5908 0 4951 6629 2 5553 5511 7 4349 3219 4
4402 3983 2 4194 4877 4 3161 4552 7 5003 4803 2 3232 3675 2
6227 6479 7 4369 4972 0 5312 3944 1 6011 5859 1 4889 6766 6
3417 4596 4 3647 4396 1 4711 3727 1 5605 6373 11 3828 4787 2
