5481 6501 4 6572 5194 6 4740 5890 2 5279 6498 8 5490 4935 4
5516 7243 9 6236 6149 7 7534 8253 6 7787 7822 5 6284 6532 9
7682 6884 7 5996 6088 7 6037 7399 6 5934 5920 6 5736 7003 3
3510 4849 1 5829 5643 6 5588 6850 7 3980 3637 3 5598 6102 5
7078 6981 4 5517 5407 4 4061 6917 9 4789 5102 3 6470 6525 6
6290 6724 6 6341 6609 8 5764 5789 3 5770 6485 6 6600 7390 9
8112 9787 8 6195 5601 6 6540 6176 6 4519 6268 5 7828 7348 7
4649 6739 6 5403 5706 1 3586 4785 1 6300 5807 3 7327 6527 7
6157 5576 2 6099 7364 6 6469 7044 9 5997 6084 8 5456 6331 2
7076 8250 9 7385 5883 1 5560 5526 6 6036 6389 3 4362 7156 7
4856 5318 4 7476 7625 7 7013 7748 7 3959 4271 3 4718 5051 8
6365 6622 6 4354 6034 1 6135 6295 6 6760 6230 4 6311 6371 4
4971 8171 7 6036 5892 6 5781 3613 4 6302 7627 12 4736 5490 2
7378 6812 6 6485 7054 1 7482 6393 3 5346 7176 7 6753 7987 7
7287 6826 6 6194 7834 9 5819 4904 2 4560 5779 6 5074 6244 2
7504 6511 8 4909 5637 2 5071 6605 4 4476 4691 3 5738 6706 7
5928 7209 2 5311 6235 0 8174 8574 4 9343 8428 6 8577 8726 7
7391 8398 2 5711 6200 2 6572 6788 5 6527 6986 5 5649 5434 6
6349 7563 6 5357 6334 2 7420 5362 4 5873 7271 6 6890 6653 4
4064 4289 4 5975 6722 5 5408 5976 6 4758 4773 2 6351 6696 13
4766 5058 2 4166 5817 1 5890 6315 0 5648 6013 10 7599 7359 9
5487 6415 5 4248 5238 4 4071 4604 1 9031 8619 15 5892 5839 8
7327 7247 8 7518 7737 7 7093 7693 1 6541 6527 1 6078 7430 3
4583 5626 4 4721 5170 2 6279 6685 7 6119 6759 12 6332 6939 4
6575 6011 4 5745 6474 5 5683 6356 5 6529 6548 0 3810 4962 7
7122 6673 6 5823 6818 8 6585 6088 1 4851 5909 6 5104 5281 3
4554 4467 3 5195 5158 2 5765 7597 7 3812 4270 2 5963 5764 6
6091 5828 6 5843 7039 10 4906 4517 3 4421 5053 3 5142 7167 7
6585 8115 9 6729 7542 4 6327 6930 2 8673 7209 12 5746 6133 2
5374 7634 8 9997 6848 8 5152 6335 1 5564 5624 5 7371 7810 9
5055 6621 6 7539 7768 4 6067 6267 1 8185 8350 4 6631 7000 3
6080 7805 4 6493 5632 3 7482 8681 10 5443 6865 4 8380 8012 5
5159 6042 3 6135 5356 4 5771 7652 6 5183 6674 6 6545 5224 8
4100 5421 6 6377 6712 5 4437 6246 5 7196 7417 9 6408 4839 6
5886 6700 5 7326 7338 2 5637 5896 6 6442 7823 6 6893 6344 4
7669 5945 7 4825 6689 3 4931 6537 2 6180 7254 7 5928 5654 7
7459 7716 1 6868 7311 8 5303 5638 6 4722 6236 2 6995 5989 7
6850 7276 1 6559 6193 2 7046 8101 7 7837 6287 4 5606 8112 7
6147 7219 4 5466 5246 5 4105 5326 7 5177 5173 0 3651 4314 6
6346 7069 7 8584 8583 5 7515 8047 4 8761 8663 3 6917 8909 5
5480 6638 7 8317 7549 9 6170 6105 4 6140 6816 2 5903 7289 4
7421 8189 9 7761 6892 6 5453 7787 5 4879 5671 2 6073 5383 4
6363 7067 6 5407 6356 5 6958 6761 4 7078 7836 9 5603 5330 3
6115 6428 5 6853 8081 5 6801 6721 2 6637 7781 6 6864 6470 3
6913 7999 5 7741 7060 8 6218 5741 0 5076 6374 2 6855 7668 6
7336 5189 6 5211 5777 4 5314 5948 7 4519 6139 5 5052 6281 7
5668 6340 3 7875 7898 5 5252 5379 3 6422 6905 5 6757 6756 4
8905 8814 5 7028 6530 4 5480 6263 6 6095 6660 3 5375 5515 5
5298 6712 10 6117 6020 3 4637 5594 0 5794 5821 5 7108 7615 11
6097 7180 5 6380 7463 7 6251 6077 6 4839 2723 4 5843 6557 7
7117 6770 1 7270 7815 10 7786 7408 5 5162 7653 3 7280 7007 6
5875 5095 3 3720 5415 6 5018 6958 10 7341 7296 4 5935 6244 6
6210 6046 3 7440 7673 8 6836 8249 5 5954 6755 10 5350 6382 6
4316 5989 1 6700 6716 5 6020 7298 4 4745 5999 5 6320 6590 10
7438 7565 5 5913 6187 7 7542 9424 7 5973 6188 4 5121 5337 2
6923 5655 8 7051 7262 2 8444 6398 2 7287 9564 8 4511 7758 6
7174 7345 9 6115 6933 7 4902 6535 7 6633 7487 4 7592 6458 4
5028 7091 3 4878 5780 3 6650 8099 6 9571 8136 6 7291 6468 4
5756 4725 5 4841 7219 5 5058 4936 2 6087 6276 5 7018 7820 8
5371 5788 4 5210 7721 6 4388 3928 1 5190 4498 4 6554 6866 6
7226 7543 7 6653 6984 8 5016 6565 3 6374 5923 1 7010 8474 9
4625 5390 3 6086 8770 4 7634 6821 2 8170 7929 2 5486 5311 11
4655 4681 2 4391 5209 6 4874 4655 4 8602 9036 7 5844 6647 4
4554 5808 9 5966 5399 7 6858 7008 4 4035 6129 1 6330 6066 8
5561 4858 8 4518 6441 5 5153 6664 11 6426 6453 3 5564 5718 8
7265 6623 6 5377 6780 3 6076 7151 6 6673 4994 4 6926 8532 11
6711 6757 7 6128 6060 5 6626 6758 6 4857 5782 4 7117 7905 4
6928 6751 6 5283 5942 2 5732 5815 7 5007 6878 8 6103 7161 8
7314 7966 7 6168 7184 10 7881 7048 6 7407 8252 5 4468 5506 5
6559 6468 4 4685 7370 4 5714 4523 0 6504 6799 7 4826 6228 5
6385 5542 2 6460 4869 2 4780 5193 7 5721 7996 8 6323 8354 8
5951 5706 4 5791 7124 7 4902 5935 3 6242 6287 2 4628 5519 5
4342 6663 3 5345 5561 3 6430 5642 3 6304 5563 6 5886 7042 7
6103 7013 5 5161 6003 7 5767 5509 2 5061 5538 5 3047 3676 2
6246 5795 6 5848 5959 4 5740 6955 11 5112 6794 3 7110 7070 4
7051 7204 5 7652 9078 8 6366 5711 3 5461 6490 6 7413 7559 5
5321 5656 3 5595 5799 6 5992 7098 10 4322 4932 1 7563 6803 8
5931 6137 4 6898 5000 6 5301 6745 5 5852 7534 6 4218 4390 4
6008 6949 7 6770 6240 1 7350 8698 7 6779 7293 8 7427 6110 3
7946 8804 4 6475 7226 11 6644 8398 8 6311 6882 3 7444 6284 6
7499 7659 9 6186 8231 8 6037 6167 3 5385 5744 4 9007 9081 7
6729 6441 4 5696 5628 0 6153 6583 4 6261 6466 8 7130 7753 5
4787 6930 7 5483 7007 2 5676 4352 3 6204 5362 8 5869 7117 7
6361 7571 3 4953 4643 0 5219 7805 5 7830 4649 2 5680 7251 7
6398 6339 7 7715 6902 3 6171 7452 3 5052 7513 7 6849 7814 8
7056 7997 5 5806 7015 5 3897 5780 2 6347 5423 6 5099 4746 6
7530 7114 6 7667 8231 3 7182 9563 7 6548 5768 7 5280 6344 7
5967 5459 5 4463 4844 3 7286 8610 7 6256 6492 3 5954 6791 8
6396 6427 4 7800 6282 7 4666 5075 2 5949 7070 6 5734 7414 13
6445 6641 8 7219 6871 7 6309 7285 4 6611 6392 5 5916 7052 4
5541 6706 7 5545 5936 4 5593 5331 4 6299 5950 8 5473 7141 7
4699 5472 1 6546 6979 7 6475 4819 3 6789 6375 3 4516 7594 6
6649 6478 6 8475 9014 14 5570 6987 2 6738 6146 5 4031 4450 2
5090 6513 6 5311 4493 3 5476 5839 4 4332 4948 4 4492 6622 11
6178 6438 6 7205 8604 7 7992 7759 5 5903 7814 3 5755 5059 3
5173 5999 2 6740 6703 7 6879 6373 6 5352 6303 6 5344 6101 4
5682 5738 6 5874 6538 2 5425 6436 5 7913 7169 6 6191 7047 7
7977 8409 3 4958 6163 4 7148 7578 8 5864 6846 4 5338 5320 5
5351 6527 7 4081 4074 3 4791 4477 6 3544 5773 10 5741 5676 6
4883 7396 6 5801 8098 6 5953 5251 4 3848 3810 5 8090 6728 4
6834 5230 6 4834 6441 3 6595 6761 5 5929 5915 5 4976 7138 11
6887 5253 1 6776 6721 10 7101 7251 7 3416 5650 3 6231 8162 5
7317 8918 11 6353 8697 2 7113 7566 3 9101 7683 5 6828 6150 8
6874 6748 6 4487 5637 5 7386 6822 5 6320 6042 2 4957 6831 5
6958 6238 2 5716 9035 10 6703 7389 3 6133 6570 5 7607 6020 4
5315 4189 5 6060 7604 10 6358 6686 2 4413 3384 3 5251 7003 8
6818 7566 3 6522 5623 3 5536 7254 9 6005 6383 9 3937 5220 2
9984 9066 6 5559 5458 5 6822 8140 13 7538 8462 1 6466 7305 4
4810 5016 3 6877 6834 8 6565 7773 4 6202 5812 6 6644 6816 5
5189 6365 6 6254 7954 6 5674 6454 1 5730 5002 8 5670 6294 4
7337 6246 0 5016 6430 2 5646 8245 14 7700 6796 2 4866 5973 4
7177 5314 1 5564 7490 4 4776 5324 0 5935 6512 7 5305 6332 8
7738 7986 5 5708 6286 1 7338 6001 6 6108 7680 4 7349 7589 8
4891 5136 4 7080 6067 5 6023 7225 11 5306 6214 5 4127 5663 6
5267 5228 2 4857 5561 2 6224 6668 3 5207 6289 10 3321 4911 9
5445 6029 5 6235 5686 1 6195 8009 7 5006 5003 6 7355 7919 6
4802 4967 2 8559 7262 5 7013 7941 7 5836 6567 7 5272 5875 4
4906 5615 2 4839 5366 3 6960 6668 6 6356 5773 5 6358 9352 11
4852 4659 3 7545 7724 4 7309 7032 6 4928 5275 6 7293 8683 14
6223 4112 3 5896 5494 1 5571 8019 9 7319 8485 4 5174 6446 7
8217 9701 9 6763 6908 3 5546 6901 2 5688 5532 3 5626 5019 2
7058 6583 4 7280 6474 4 6873 7019 4 5926 5409 5 5944 9288 9
7681 8670 6 6359 7795 7 8889 9811 10 5090 4747 2 6106 6500 9
4396 5581 2 5861 7711 4 4649 5764 4 6532 6364 2 8296 6873 5
7793 6649 2 5636 5328 6 7610 7532 8 6733 9589 10 6676 7590 6
5003 5199 2 5758 5223 4 6705 7310 11 4432 5835 5 5815 6830 6
5690 6442 5 7354 8484 7 7142 6753 2 5054 5437 0 6379 5839 4
5936 5794 4 9123 7610 7 7699 8784 10 5485 5582 3 6521 8398 5
5843 6040 0 6337 7601 7 5613 7019 4 6970 7725 8 7947 7101 8
6591 5150 5 5783 7331 9 4447 6089 4 3884 5175 1 4421 5530 4
6255 7804 6 7519 6342 5 7386 7938 3 5208 5683 4 7090 7755 4
7977 7225 4 7736 7999 3 6297 6136 7 6684 8562 6 7246 7963 4
7513 7969 4 6373 7880 7 4952 5156 3 6129 6183 2 5413 6427 9
5641 4767 2 6832 6961 5 6117 6326 7 4325 7918 9 3319 3738 4
6519 8304 7 5145 6437 2 6915 6213 4 6592 6719 4 7028 6430 4
5519 4655 4 5515 6281 2 5179 5782 6 5971 6767 5 4551 5563 3
5989 8148 5 8399 7169 6 6112 6292 2 6164 6313 2 6538 8469 9
7056 6462 7 6178 7236 5 3246 4216 1 7298 7016 9 7332 8104 6
4873 6391 3 5558 5131 4 4337 5268 8 5691 5693 9 5530 6024 6
6564 7727 2 5090 6498 6 7036 7556 5 6645 5512 3 6840 7196 7
6690 7765 7 4050 5258 2 7294 6572 4 5350 7730 7 6642 5606 1
5447 6008 2 5665 6089 6 4266 4332 3 5656 7234 11 3933 5486 9
6874 7964 8 7714 8919 4 6208 6584 4 6640 6003 5 6859 7852 6
6600 6560 7 8346 9973 9 5571 6851 3 7402 5704 0 6005 7273 2
4921 4838 2 4559 6102 5 5615 5247 11 4245 6915 9 4981 4996 3
6147 6958 4 5834 6219 5 4693 6686 4 5307 5070 5 5432 6420 3
6736 7596 7 7035 5398 4 5282 7176 4 7553 7970 7 7257 7062 10
6002 5573 4 6179 5759 8 6184 7049 3 3963 3640 3 4512 6537 7
4441 4396 5 6696 7965 4 5543 4964 4 5776 6185 4 4873 6787 4
5487 6732 4 6459 5907 4 5467 4965 2 6496 8447 10 6121 5546 6
8784 7536 8 8023 10276 7 6546 6343 3 8081 8176 6 6943 6973 6
9724 9776 7 6466 6386 5 6139 6976 2 5965 5958 2 5989 6601 7
7155 8036 8 4447 7197 6 4382 3495 0 6705 7432 1 7188 6411 8
7187 7078 6 7126 7626 7 7674 8346 7 6338 7603 3 7974 7478 6
6400 7060 3 6137 5450 3 7015 8022 4 6850 7137 10 5652 6425 2
5197 5554 2 6526 7501 8 6782 6828 4 7912 7714 8 6912 7347 10
6220 6781 4 6829 7424 3 4954 5790 7 4940 5016 5 5737 5882 8
6122 6639 6 5915 8444 11 6744 5150 4 4555 6684 4 6294 5323 3
5836 6701 5 5826 6388 7 5874 5815 0 5933 6150 8 7113 7200 4
6367 6891 2 6740 7609 9 9731 10096 8 7438 7430 1 5741 6205 5
5094 4855 1 6159 6964 9 6633 7178 7 5455 6697 3 6829 6982 6
7627 7320 6 7124 6695 5 5620 7147 6 7122 7591 7 6333 5519 5
6702 7822 6 5402 5278 4 6320 5967 2 7771 8185 10 7488 7871 2
6440 5667 3 5063 5859 5 5206 6812 4 4576 5681 7 6352 6462 2
6350 7076 4 5546 7863 5 7316 6962 3 6738 7935 5 10031 7916 5
6620 7727 4 8268 8080 4 6240 5998 1 7981 7118 10 6032 8327 9
4864 5752 11 5014 4762 3 3190 4719 3 7208 7895 6 7100 6877 8
6732 6723 3 5929 6133 3 4537 5134 2 4787 5088 4 5767 8145 7
5466 6366 4 6414 6350 6 7803 8048 1 6619 5946 2 5568 7835 9
7709 6624 3 5738 6720 4 6745 6648 4 7232 8473 8 7868 8275 4
8123 7769 2 6896 5352 4 5325 7402 5 5301 5534 0 5130 7029 6
6444 6433 6 5896 7885 8 6951 5267 2 4395 5260 2 4256 5635 4
6161 6923 6 6246 6410 5 5321 7091 3 5913 6436 4 5296 5029 6
6427 7807 3 6248 6500 8 6523 6941 6 5957 6980 6 6745 6797 3
5791 7080 7 6587 9759 5 6848 6375 4 6091 4673 5 7036 5907 1
4377 5925 2 5652 4697 4 5978 6196 7 7268 8467 7 5813 5355 4
6015 6205 3 5893 5502 2 7672 6576 8 5777 5855 6 7062 9374 8
6003 5782 2 5960 7272 6 6306 7251 6 4083 4183 3 6228 6105 4
5589 7422 6 5599 5811 1 7487 5905 2 5947 6621 3 6587 7721 8
5241 7032 5 3996 4094 3 5359 4928 4 4115 5322 7 4938 5932 5
5784 6563 4 6668 5842 6 5545 6409 6 6707 7473 3 6466 6553 9
5124 6930 6 4666 6285 9 5067 6521 9 4880 4445 5 6131 4148 5
6225 7998 4 7909 6293 2 6059 6208 3 5428 6916 6 6716 7001 8
4465 5577 3 4078 5454 8 3966 4719 4 5061 3654 2 6826 7585 10
4863 5885 4 7402 7146 8 7771 6242 3 5439 7370 7 5856 6812 7
4212 5196 2 5665 6597 5 6701 6297 9 5986 4419 7 5413 8139 9
5583 5261 6 5958 7685 4 5476 7086 6 6657 4830 1 3784 5088 4
6650 7343 7 6931 6714 4 6555 8262 9 4539 5537 1 8352 7386 5
4540 5726 8 7099 7745 8 4780 6646 0 6782 6728 7 8157 7305 5
5834 5959 3 6409 5836 8 5872 6469 5 5584 6621 5 3809 5575 3
6043 7097 2 6445 6957 6 6981 6645 6 5383 5506 7 7973 7910 9
5476 6390 7 6551 6312 5 8420 6781 9 5380 7726 3 6641 5952 5
6822 6402 3 6607 7060 7 6138 6266 4 6708 8000 6 6542 6819 7
7163 6127 3 5592 7096 6 5867 5224 5 4834 5840 2 5647 8211 8
6620 7956 11 7341 7276 3 6014 6952 3 5313 6088 5 7083 5307 4
6246 6195 1 6468 7924 6 6155 5365 4 7511 8685 7 7034 6633 7
6932 8234 7 7229 7826 9 5128 5337 1 5409 4710 4 6933 8130 8
6339 5932 2 6530 5827 2 6710 8480 7 8548 7962 2 5873 6877 4
6235 8654 7 6640 6106 10 6984 5095 5 7048 8436 7 6607 6992 6
6338 6830 4 4847 4890 2 6024 7272 4 7350 7814 7 5900 6743 4
5977 5393 3 6491 6109 3 5006 7622 3 7475 8883 10 6005 5008 4
4137 4157 2 4663 4967 2 6823 6086 6 5039 6358 5 4594 5358 6
4210 5031 4 5076 5305 10 4962 6453 3 5273 6430 5 5736 4930 8
5736 4865 5 5238 6338 7 5256 3778 3 4160 5282 3 4224 5972 11
5155 6132 3 5495 6492 1 4354 6507 6 7469 6714 4 7877 7897 6
5541 6929 5 6604 6445 5 4171 5281 5 6156 6297 2 6776 6085 5
7010 6307 4 5692 6455 4 5716 6439 4 6793 7439 6 6625 7234 3
5879 8172 4 7173 7835 6 5745 5790 4 7495 7684 11 6597 5929 7
6010 8019 3 6870 6763 7 7914 7292 3 5693 6011 6 5064 5758 4
6131 6062 10 5281 6021 4 5431 7589 3 5997 5783 4 6020 6554 9
5591 6528 5 6274 5406 2 8574 8436 3 6678 7293 9 4303 5317 6
7194 7930 6 8478 7953 4 6278 6913 5 5276 7216 5 6336 6429 7
4520 4443 3 4755 6705 8 4813 4797 4 4819 5842 10 4418 3946 3
3909 6859 4 5954 6844 6 6709 5644 1 5239 5432 0 6831 6423 4
7550 6224 4 5001 5841 4 7839 9392 7 5767 5413 2 7233 7672 10
6326 5518 2 7066 7155 6 6176 5014 2 5287 7193 9 4756 7054 3
5665 6227 3 5197 4864 1 7055 7982 6 6216 6778 9 5452 7235 7
6997 7594 5 6529 7025 9 6544 8053 5 5932 4776 4 6537 7129 7
5161 5506 5 6054 5682 6 6007 5854 4 6032 6536 6 4176 6948 2
5217 6224 8 6806 7038 7 5569 7225 7 6789 5770 6 7932 6718 6
7905 8111 7 4492 4083 1 5606 6831 1 4626 5570 10 4780 5471 4
5216 6215 4 4254 5055 4 5775 6805 7 6525 6572 5 7767 6695 6
4809 5493 7 5229 5298 3 4596 7065 11 6236 4374 4 4012 5794 6
8818 8049 9 5077 6779 4 5242 5726 2 6463 6890 11 6381 6363 9
6247 8458 3 5955 5717 9 7203 6825 6 6207 6631 2 5764 5321 6
7179 6373 2 6525 6164 2 8079 7677 7 7078 8261 4 5731 7873 9
5309 5540 3 4007 5385 6 5656 6488 10 5051 6787 4 8079 6009 14
6002 5785 2 5848 8468 10 4505 6457 5 6320 5725 4 5397 4852 4
5095 6990 5 6275 6551 5 6498 7627 6 5915 6526 6 6721 5619 9
6765 7609 6 4967 5914 1 5128 4901 7 6776 8196 4 7326 6622 7
5919 6046 7 5462 6118 5 6171 6952 1 5198 5267 2 7667 8336 7
5985 6753 5 4919 4942 4 6133 6111 5 5029 5215 2 4989 6020 5
8468 8681 6 8530 8958 8 6840 7707 8 6248 7634 4 7588 7736 5
4792 6424 7 6076 5956 1 6301 6829 7 4083 4852 3 5651 5738 4
9562 8920 9 5282 7353 5 5807 5552 4 5727 5910 2 6239 6642 6
7984 8962 9 7578 6879 4 7333 7323 5 7004 7976 4 7033 8301 6
6486 7263 6 5243 5917 4 7252 7577 3 6558 7781 6 5794 5542 3
6238 7503 3 6736 8792 4 9081 9207 9 6831 6280 1 6993 6993 6
6825 6851 6 7064 6062 5 5275 6095 3 5756 7163 8 7055 7965 10
6846 6754 6 5907 5278 2 6145 7494 4 6889 7275 5 6330 7204 6
7594 6810 4 4271 4858 5 6462 6901 8 5927 6848 4 6415 7240 6
3975 5811 5 6147 7333 7 5885 5302 3 4909 5028 1 6300 5932 12
6665 6429 2 6997 7026 5 5552 7629 6 7533 7865 7 9540 8108 8
5997 8016 14 6750 7941 4 6775 7358 2 7005 6211 3 7873 6852 9
6439 7801 5 4786 5114 5 3964 4827 2 6314 6768 10 5518 5802 1
9225 8040 9 5631 6433 7 6726 6418 3 6468 9499 11 4804 4933 3
7067 7011 7 7350 9697 5 6415 5282 1 6697 8335 1 6826 7644 5
6143 5840 3 5924 4694 1 5635 6434 10 6077 7258 5 5549 6387 6
5616 6944 7 6081 6348 0 6718 7561 1 6195 6288 8 6222 5554 6
5487 5669 6 4535 5262 1 7788 7383 7 7594 7793 5 5159 7091 4
6905 6955 3 3647 4063 4 4889 4880 8 6074 8567 7 5726 6113 6
4431 6045 4 5603 8241 8 7215 5850 3 5291 7052 4 8121 6812 7
6812 6531 8 5189 5570 1 6173 6169 6 5658 7713 8 6614 6683 3
5367 6227 14 4548 3980 2 5560 8733 7 7432 6490 2 5980 6075 3
7501 8112 7 7507 6734 7 4457 6567 0 5958 5342 2 6535 7404 3
6751 6344 1 7047 5858 2 5755 7344 4 7262 8776 6 7203 8762 10
6096 7678 8 7511 7076 1 7279 8321 9 5895 6541 3 6418 6784 5
6055 6129 4 6092 8270 2 6795 6074 1 6504 6465 7 7297 7846 7
8067 6863 4 7394 9457 7 7136 6751 2 7391 8880 7 4845 6046 3
6087 6958 2 7039 7048 5 8784 7247 5 6020 8587 6 4739 5189 4
7498 5802 3 5963 6447 5 4487 7211 6 6050 6576 2 4415 5467 4
6460 6758 7 7644 6523 1 7301 7029 5 6133 7885 9 4260 5517 4
5925 6246 2 6085 6757 4 5657 5079 4 7914 8154 7 7406 8475 6
6320 5451 5 4866 7200 5 5382 6088 4 5863 6892 6 5110 3993 3
7402 8516 7 6323 6409 3 7381 7797 5 4593 5346 2 7577 8230 5
4797 4078 1 3979 6086 8 3830 5377 2 5679 5427 9 6159 6044 4
5167 6484 2 6346 6712 3 5494 4735 2 6774 7010 4 5948 7711 9
6502 5087 2 5673 7271 9 6717 8156 3 5587 5539 4 6737 7692 7
6292 5624 3 8726 7549 7 7365 6877 5 5682 8146 9 5557 6673 3
5501 6624 4 5367 5465 3 5005 4774 5 4663 4951 4 5247 6815 11
6693 5670 1 5773 6370 3 6329 6971 6 6448 6805 3 5055 6745 5
6496 6537 2 5746 7420 9 5436 7108 1 7373 5272 1 5335 6108 5
6713 4977 6 8029 7795 2 6854 9029 11 6737 7448 3 7012 9120 7
5206 5909 3 7219 8132 7 4931 5677 3 6553 6174 5 4791 5164 7
4377 6104 2 4652 4625 1 4608 3612 4 5500 5217 5 6267 7634 6
7397 7954 5 9058 6900 6 5852 6413 2 7609 8417 2 6001 7949 9
6080 5437 5 6645 5843 7 5714 7273 8 6487 7050 7 5074 7267 7
5352 5671 2 4730 5208 6 3844 6293 8 6118 5280 6 5730 6264 4
4605 4731 2 8243 8022 5 6595 7537 4 7107 6691 9 4348 5126 4
6891 7751 4 5727 6061 6 5779 6813 5 6694 6585 6 7169 7087 7
6374 7190 3 5726 6715 3 8527 7217 4 6259 6873 6 7826 9021 7
4434 4615 2 5855 7573 10 5597 7068 4 5709 5746 1 5642 5693 5
7625 7531 2 5728 6096 1 6604 7412 9 6370 6382 5 6898 7334 4
7691 6701 1 7047 7733 12 5389 7078 7 5536 6085 5 6633 7592 3
6405 6835 6 4911 6861 4 6260 6039 3 6154 5796 0 7208 7086 4
6374 5719 3 7872 8403 3 6471 6427 5 6514 9072 8 5867 5847 6
7368 7276 11 7316 6125 3 5872 6715 8 6532 7614 10 5506 7359 5
6238 6472 3 5688 6910 5 7320 8488 8 6751 7082 6 5713 4160 6
6499 6895 6 4170 5594 4 4898 4161 4 4900 5080 3 3269 4632 7
6892 7660 9 6732 5628 2 6131 6686 4 4479 4521 1 4836 5832 5
6950 6196 5 7371 7835 9 6458 7881 2 6242 5803 7 7029 8640 12
6875 7111 6 5942 6826 2 5825 6489 4 6945 7989 5 7475 6249 2
6592 7240 9 5932 6433 3 3782 5833 4 8012 6462 5 7088 7479 9
6794 6442 5 5569 5646 6 4101 5083 5 6061 7839 10 6414 7024 8
6068 7624 9 6885 5190 5 5295 5643 2 5559 7098 6 4947 5876 6
6586 7050 6 6718 5385 3 6746 8443 2 7711 8568 6 4405 4976 3
7884 6365 2 5162 6539 3 6997 8008 5 5024 6198 3 5296 5468 6
6130 7057 4 7065 8239 5 5593 5798 4 7329 7101 8 6083 6954 2
5457 5788 1 6130 6185 2 6129 7478 7 6468 6967 8 6692 6391 3
5461 8177 8 6545 6148 2 5618 5444 6 6941 7271 3 6114 6489 3
8855 8946 5 6817 6710 8 7568 8109 6 5759 6808 6 4821 4724 3
6402 6873 8 6473 6881 4 5454 6157 3 6597 5964 4 5060 6930 2
6659 7454 4 6629 6731 8 6649 6370 8 6821 9464 7 7414 7109 8
7070 6774 5 7275 8621 7 7042 6543 3 7183 6472 9 4659 6135 6
5107 6181 6 6264 6479 2 6491 6292 3 6164 7667 4 7535 7397 9
6993 7385 3 7466 8042 4 8130 9246 6 6822 7326 5 8601 8707 7
7626 9803 10 4939 5096 3 6984 6068 8 5207 5822 2 5025 4922 1
7164 6920 4 5723 6155 5 5482 5801 1 5964 7133 9 5154 5040 3
5609 5941 6 7031 5446 4 6101 8253 4 5555 5812 5 7409 8354 12
6865 6183 4 6390 8059 7 4609 4343 1 5745 6310 7 5766 6626 4
6093 6725 5 4680 4795 2 4161 4898 1 6703 7987 5 3912 4932 5
8570 8293 9 7160 7338 5 4153 5770 3 5296 7413 9 6058 5425 3
6659 9223 8 5941 6306 3 7363 6535 2 9549 8237 5 6879 7298 6
6398 6277 3 5120 7537 8 5346 5020 3 5627 5396 5 6617 7375 5
7332 6978 4 6044 6662 8 2712 4280 1 6348 5776 3 6951 7526 12
4769 5455 4 6496 6949 5 5945 6794 6 6148 6284 4 5642 6228 7
5214 5645 6 4722 4339 4 5656 5762 4 5181 5470 1 4552 6218 9
5407 5455 3 5627 6807 4 5743 5751 7 5843 6915 8 6643 6562 6
3155 5708 8 6338 6967 4 5284 5253 3 5395 5746 4 6374 5364 6
7326 7051 6 5044 5778 5 5536 6634 3 4730 5837 9 5429 5750 6
5773 6958 6 7254 6819 5 6329 5790 7 5635 7642 5 6449 7537 10
6864 7512 6 5640 7264 7 5018 4582 3 4628 5364 5 8169 7556 4
6251 5913 5 5685 7540 7 7014 5399 4 4098 5503 5 7504 8223 6
6177 5911 2 6485 6305 5 6745 8359 2 5854 7276 6 5637 5668 2
5440 6022 2 6482 7535 6 6941 5043 4 6348 6677 3 7826 10253 12
7676 8949 4 4334 6416 3 7593 7126 3 7475 6369 8 5577 5574 4
7064 5832 3 6519 6414 2 7377 7865 3 7327 7932 5 5673 7530 7
4464 5370 2 6585 7761 3 5895 7233 2 6460 5991 4 6745 6816 6
7129 7485 3 4865 5540 8 5883 7568 4 4248 6163 5 7268 6318 4
4738 6294 1 4626 4963 4 6371 6233 3 6266 5769 7 6178 6812 9
6881 7078 7 6974 6411 4 4432 6919 3 5665 6537 4 5896 5423 5
7528 8389 5 7144 7018 4 7312 7913 2 8627 8478 5 7200 8791 7
5630 5904 3 4290 5762 3 5435 5288 6 5015 5052 2 6938 7050 8
5788 4476 5 6427 6016 4 6415 6640 7 5511 8105 8 5711 5910 7
6784 6885 5 4734 6435 6 7650 7487 9 6284 7839 6 5192 6054 6
4876 6059 3 6178 6344 1 5957 5678 3 5933 6279 3 7780 8846 10
5514 5619 5 6394 6537 4 6023 7894 4 7581 8274 10 6473 5870 6
6773 6482 8 4852 5179 4 4064 4021 3 6713 6915 6 5809 7623 1
5188 6174 7 5669 6623 5 4485 5909 5 7768 7036 3 6356 5685 4
5336 5773 8 6233 7029 5 4405 4329 1 5030 6924 3 6085 6180 6
4960 6232 4 6470 6775 7 6581 7590 4 6563 5125 2 6420 7255 5
6869 7938 5 5820 7588 9 5811 5894 7 5696 6975 9 5503 4033 5
6688 8447 5 7181 6299 3 5167 6927 9 5506 6123 3 5621 5584 5
6296 5825 2 5896 8565 1 5919 5736 5 4699 4747 0 5384 5812 8
6573 8424 3 7348 8110 5 7567 6720 4 6816 6817 3 6599 6989 5
6214 7771 4 5698 6211 6 4744 4517 2 5454 5978 2 6528 6555 4
5447 7103 6 8191 6538 5 6791 6936 5 5061 6480 5 5425 6332 6
5668 5632 4 6309 5337 0 5719 4834 5 5565 7826 7 6572 8075 7
8216 7652 4 6157 7321 6 5157 5883 3 6858 8689 11 4711 2747 2
6931 7111 5 6039 6855 3 6066 6792 3 7445 7614 4 5468 6062 5
4632 5217 2 4900 3504 2 4837 6500 9 6231 6235 9 4949 6887 5
6046 7826 7 5789 7285 7 5990 5572 7 7295 5415 2 4407 5542 4
4966 4429 5 6030 4638 7 6601 9355 5 5898 7203 3 7618 7150 7
6841 8091 3 4948 5315 3 6937 6638 3 6814 7235 5 5505 6169 4
5947 5890 5 5379 6162 5 6901 8125 6 4988 6028 5 5131 4945 4
6452 5551 2 6515 8378 5 6032 6859 9 5301 5781 2 7229 7300 9
7191 5219 3 7810 7687 5 4064 5290 4 6490 8787 12 5997 7335 9
4367 6083 6 4653 5058 5 5292 5765 7 6847 6191 4 5978 6047 6
5332 6202 5 7036 7486 5 8595 8324 9 5912 6328 3 5507 6712 6
6301 7137 4 6747 6721 3 7384 7818 7 5886 5688 1 7958 8681 8
4364 5497 3 6484 6266 2 4972 6279 4 7177 7382 3 6066 5602 8
7147 8578 6 7771 8526 3 7105 7145 5 7111 7665 4 7297 7453 7
7754 6635 4 5550 6951 9 4135 3559 1 5081 6896 4 5115 6137 6
5399 5366 5 5943 7415 3 5006 5690 3 5359 6112 5 6683 7115 7
8672 9255 3 4222 3938 1 5859 7939 5 6690 4971 4 6053 8013 10
6169 5078 6 4125 6116 7 6292 5620 6 4725 6576 3 4872 5728 9
7671 6751 2 6947 6337 3 6267 6225 4 7249 8305 12 6328 7216 1
6749 5913 6 7141 7962 8 5493 7301 3 5686 6987 3 7722 7494 4
6293 7886 6 6223 4970 3 4727 5675 4 5657 5912 2 6105 7256 5
5195 5594 4 8065 6085 6 5584 6736 8 5584 6342 3 5626 6323 8
4355 5167 4 6808 5344 5 4870 5897 5 4706 5552 5 5357 7017 9
7008 5378 4 5373 6096 2 7086 7393 4 6173 7230 7 5048 6915 9
6892 8373 6 7227 6636 7 5774 6846 5 6793 6034 4 6518 7797 3
6272 6600 5 3471 4936 6 7317 6762 2 2926 4407 3 5799 6199 4
7094 7618 10 7382 7229 4 6836 8366 4 7563 8303 7 5598 6557 5
6495 5781 7 6278 5957 5 5803 5404 4 4700 7446 6 5716 6327 6
8558 6463 11 5898 6520 6 4860 6841 5 7329 7148 9 3817 5224 3
4663 5653 2 5274 4850 1 7980 8080 11 6241 6223 2 7290 7662 8
6360 7372 4 5418 6776 3 9051 8790 7 7162 7747 2 7351 7217 4
6153 7603 7 5025 6252 5 6246 7031 6 5439 5938 7 7660 6134 9
5898 5359 1 4630 5143 10 5448 5147 5 6197 7320 8 6450 6840 4
8461 8572 7 5342 7296 5 7271 7303 8 5409 5793 2 6215 6091 4
6769 6293 6 4775 5737 2 8429 6282 5 5997 7545 5 8575 10249 10
6219 5647 5 6289 6846 8 6014 6628 1 7053 7159 7 6082 7888 10
5610 5841 5 5870 6056 5 4282 6923 4 4440 4472 3 4404 4783 6
6842 5881 4 4600 4678 2 6559 6691 5 4891 7874 7 5126 5391 1
5740 5810 3 5864 7142 5 8550 8205 7 7164 7229 4 7233 8334 4
8123 6899 3 8182 8322 3 6119 5908 6 6431 6980 9 6825 9336 6
7129 7907 8 4103 4788 3 7980 7211 2 6139 6369 2 6312 7223 3
5603 6688 4 6810 8102 8 5089 6430 6 4028 4514 5 7205 6561 7
5806 6605 4 7382 6053 5 4720 7375 3 6903 6725 4 7119 6723 6
5886 6043 4 4179 5307 6 6679 8608 6 5112 5235 1 7100 6481 3
6730 5369 5 5852 7497 5 6990 7265 6 6240 5913 1 6325 7800 9
7243 8521 10 6255 5222 5 5884 6365 6 5074 7361 4 5156 5153 1
6818 7388 5 5219 5648 5 5585 6783 1 6493 5261 3 6767 7432 5
5828 7682 6 5447 6229 5 8322 7750 5 7586 7438 3 5196 6025 6
7614 7746 5 6889 7136 6 5113 5548 4 6447 8090 5 5775 5510 4
5570 6278 5 7229 9222 7 5506 6860 6 5766 5144 3 5312 5123 7
6316 5857 2 6510 5979 2 5143 6710 4 6219 7176 2 7201 7089 5
4641 3804 5 6523 6442 4 6154 8545 10 5378 7561 11 5763 5193 3
6195 7578 5 6342 6126 4 6984 7038 9 6615 7756 4 6308 6310 4
6180 7421 5 6852 7699 4 6861 7757 3 5194 5593 5 5965 5885 5
7308 5248 4 5151 5554 8 4997 5312 5 5238 7025 4 4654 6068 8
5940 6453 2 4812 6152 4 6285 5652 2 6140 7562 9 6663 7206 8
5392 6846 11 5804 6660 4 4569 4018 2 5096 5358 3 5864 6264 3
6307 7427 3 8008 6711 2 6015 7487 7 6018 6366 1 7989 8782 6
5658 8104 8 6967 9877 10 5561 7267 6 8355 4198 7 7024 5822 6
6285 6398 2 7780 7135 7 6313 6450 5 4413 6163 1 8680 9773 11
6598 7688 3 6697 7101 6 4755 5750 2 6412 6191 3 5468 6371 6
6997 6601 3 8853 7609 5 5901 8131 9 6125 6002 7 5977 7986 4
7324 8071 9 5601 7584 7 6153 4820 4 6280 6820 2 5842 6175 5
7033 6896 4 5332 6892 6 5993 4103 4 6137 7466 6 7187 7910 5
7101 6992 5 4898 4923 2 5651 6940 6 5213 5092 7 5321 6356 6
6014 5490 4 5950 7183 4 7892 6819 3 6200 8167 8 5388 6913 4
5485 6400 3 6972 7301 4 5636 5269 5 7503 8774 4 5766 5771 6
7615 6863 7 6848 8206 8 5915 6900 4 5901 6085 7 6729 6489 6
5837 4652 3 5174 7462 6 4961 6297 4 5979 5640 4 5374 5856 7
6018 6617 7 5395 5355 4 6480 7605 2 6728 6808 7 5832 6112 3
4620 6353 5 6131 6271 5 6934 5049 3 7892 6656 7 5045 7213 4
4795 6627 4 6302 5620 2 6559 6665 6 6207 6078 6 6827 7247 11
5385 5158 7 6104 5315 1 3777 4971 4 5233 7230 5 7380 7553 9
7083 6394 4 6788 6727 3 6791 7832 6 3810 5411 2 5700 6647 8
6046 7583 2 7149 8418 5 7023 7333 6 8400 6794 6 5846 6047 3
5973 6111 7 6871 8632 4 6700 6224 7 5179 5418 5 4261 4548 2
5401 5201 1 8031 8258 7 6573 6719 4 6918 6387 7 6070 7992 6
5528 5265 3 6026 6783 4 6091 7774 7 4534 5039 2 5413 5724 4
5509 5484 6 5960 6646 2 7305 5825 3 5753 5043 4 5004 6775 5
5120 5654 3 4894 5212 6 5386 5682 0 6407 7096 6 5433 5790 6
5800 6028 8 5280 5504 5 5327 5901 6 3938 4480 1 4970 5698 5
5298 5490 3 7551 7933 7 5772 7230 6 6272 6330 6 7115 6636 6
4923 4412 1 5094 6129 6 8031 7174 9 6093 5857 4 4274 8455 7
6839 7874 11 4900 5888 4 6322 5155 3 4714 5168 5 7360 7994 7
5597 7690 6 3711 4297 3 6436 6084 3 4421 4214 5 4966 6418 4
5398 5209 3 4641 6072 4 5968 6067 5 5426 5508 13 4666 5146 5
7027 6143 5 7479 8293 5 5665 6553 5 5948 7611 7 7880 6869 3
5872 5457 4 5656 8402 5 5178 6615 4 7210 7800 5 7324 5995 4
8786 7252 3 5839 6286 11 5729 5913 2 7261 8593 6 6475 8298 9
5318 5901 7 5818 5475 5 5663 6697 6 6028 7074 8 5118 5298 1
3748 5335 5 5418 5987 3 6110 6219 3 5079 6246 5 5450 4418 6
7403 6109 6 7430 8635 4 6126 5920 6 6684 7740 6 6027 6024 5
6644 6985 3 7317 6989 7 7010 6669 7 5847 6712 5 5132 6130 6
7238 6488 6 7251 8274 4 6533 7075 8 7841 7727 5 8851 9306 4
6882 7599 3 7013 6651 2 5142 5681 2 5319 6280 9 6012 7148 4
6564 5621 3 6810 7866 2 6190 6886 6 6318 7170 5 7676 7973 7
7185 8434 3 8513 8004 9 7524 8360 5 6776 7379 4 7920 8226 9
6432 5930 3 5730 6415 3 7226 9417 4 4233 4015 1 5811 6221 9
6683 9002 6 6081 6046 7 5912 4911 5 7362 7556 5 4567 6255 4
6380 6086 4 7956 7696 7 6308 7648 4 6296 5149 7 5629 7885 9
6888 7047 2 6250 7731 6 5785 5565 1 6101 6121 4 6285 7208 8
5023 6144 3 5345 5387 3 6510 6127 9 5725 6967 4 6382 6932 7
6439 6158 4 7149 8305 8 7428 5774 4 7298 8682 6 5481 7697 6
6786 7000 4 7082 7231 4 5651 4813 4 4660 5330 3 7133 8952 8
8649 8672 6 6920 7374 2 4439 5844 4 7155 7914 5 6428 6201 5
7322 9196 7 6517 6828 3 6260 5839 1 7288 8690 8 6922 5881 6
8399 9523 8 5132 6249 3 6420 7608 4 6051 6577 3 8579 8519 9
4817 7361 6 6275 5430 5 5948 6560 5 7194 6345 5 7339 8481 7
6804 6594 1 7426 6624 4 5929 6852 5 6904 6810 4 9576 10245 6
6317 8899 4 7373 6972 9 5898 5794 4 6475 5553 4 6300 7626 5
9251 8429 12 6729 6790 2 7786 7457 3 6463 7908 3 8624 10301 9
5530 6211 6 6584 6837 4 5121 4861 2 6279 7419 5 7006 7236 5
5603 5034 2 5020 6404 6 5148 6889 5 4399 4559 4 5091 4874 8
7417 6978 5 4927 6039 0 4378 4858 1 6219 4833 6 5002 6684 3
5719 6922 7 5947 5677 1 5677 5739 4 6218 6472 7 6094 6820 4
5184 6930 8 7610 7467 5 4847 4571 1 6170 7058 6 6787 6426 4
7594 7332 5 4836 6799 4 7786 7798 4 5823 7278 10 4376 4554 3
5807 4469 2 6290 7211 3 6123 6153 4 6584 8393 6 6195 7276 7
9721 7800 11 6736 6448 4 7698 8925 6 7743 9176 8 5982 6881 3
5371 5962 3 5036 5355 1 5405 5134 4 5871 6097 3 7352 7953 6
7665 6950 7 6144 7393 3 6303 6703 10 7373 8310 9 6438 6968 2
6475 6499 6 4971 6919 2 5874 6850 10 5489 5191 2 5261 5763 4
6153 6326 3 4753 7873 4 5386 3751 1 4099 4417 2 5069 5800 9
6261 6889 7 8211 7146 4 6946 8812 6 7420 6385 4 6482 9312 9
5616 6252 2 5623 5904 8 6598 7502 11 6137 6484 4 4557 5419 6
6772 6918 6 6130 7452 5 5246 4842 4 7293 7975 7 6132 7617 6
3894 5097 3 5559 5622 5 5632 6064 5 4190 6474 7 4684 3900 3
6417 7836 5 6617 7637 4 8409 7804 4 7642 7085 4 6044 5636 1
6399 6384 4 6261 5746 6 5536 6516 8 7021 7848 6 4913 5972 7
4168 4375 3 6200 5876 7 6476 6113 6 4419 6679 5 5687 6041 8
6611 5689 11 3804 5489 1 5797 7399 6 5591 5391 4 5130 5877 6
5760 7582 5 8092 7413 7 5267 6284 3 5053 5341 5 8980 8410 10
7958 7069 4 4697 4241 2 6390 8076 8 6038 7034 7 6288 6258 10
5616 6000 6 7305 10298 5 8056 6605 7 5534 5111 6 6165 6396 3
8044 9392 3 6520 7416 2 6771 6623 4 6840 6474 3 6819 7863 9
6275 6845 5 6243 7311 8 7814 7916 4 6402 7496 5 5665 5260 5
4993 5851 6 7592 8254 3 6442 5788 3 4736 4540 3 5013 6022 7
6986 5860 4 6774 9448 11 7189 7354 5 6317 8143 6 7250 6618 5
7441 6760 3 8739 8469 5 5939 8449 6 6264 7456 5 7179 7464 2
8517 8172 3 6762 7346 3 8050 8139 7 5082 6289 5 7492 8901 6
7237 9779 12 8660 8042 6 4791 4854 5 7503 7333 5 5718 5702 5
8604 6950 11 6230 7238 6 5265 6400 2 6229 6624 2 5960 7283 3
6010 7575 9 4736 4853 3 7055 6526 1 4222 5018 7 4849 5747 5
5852 7102 7 6277 7330 4 6278 6552 5 6749 6693 7 5151 4622 2
4586 6233 2 4835 6818 8 6591 6113 3 7136 6133 5 6861 7633 7
5390 6958 3 5950 5306 4 5180 7923 8 4356 4236 1 8237 6908 3
5669 8506 8 6464 6172 7 5775 5305 4 5458 6160 9 5716 6353 7
6525 6674 7 6377 6483 6 6416 7134 5 4811 4969 2 5931 6628 4
3398 4454 5 6260 4834 6 3760 5684 4 5218 4589 6 5446 6235 6
7350 9332 9 6177 5361 5 4471 6919 3 8203 6748 1 7635 7470 5
6260 6687 4 6598 7257 0 9283 7347 8 5977 7628 4 6292 7894 5
5566 4571 1 4346 5393 2 5839 8029 8 6000 6291 1 5786 6085 14
7550 7079 5 7023 5583 5 5714 6329 5 6274 8337 5 4515 5702 6
5760 5069 1 4961 5332 4 5484 8075 4 3577 4258 3 7712 7015 6
6228 5734 2 5961 7211 6 5874 5353 1 5852 6027 4 4858 7042 7
6987 7229 2 7095 7426 6 5989 6015 2 5975 7756 8 8312 8656 8
5777 6177 0 7057 6596 6 6815 10335 11 6642 5993 4 6601 5674 6
5340 6014 1 5892 4567 2 6334 7037 1 5574 5657 8 8245 8993 13
5805 6726 6 3769 4130 3 7941 6024 1 5088 6383 6 4268 5554 7
6370 8286 9 7387 5827 7 7113 7428 10 5094 4691 4 5535 6592 8
7643 6325 0 4922 5253 4 7141 8124 4 6286 7701 6 5392 5600 2
5730 5115 4 5840 4687 3 3571 4892 6 5745 6906 2 4284 6832 10
8957 8189 3 5775 5908 2 6597 7438 3 5188 6615 2 7222 7858 8
8015 9111 7 7064 8120 10 6228 5586 5 6210 6592 9 7306 7736 7
8233 9229 11 7294 6343 5 7644 8045 8 5260 6040 2 5531 5895 6
6333 6708 8 5280 5812 5 6526 6960 6 6413 7099 6 6533 6661 7
5043 5360 3 5392 6319 6 7151 7190 5 7443 7315 4 7726 8628 6
5335 7438 10 5820 6451 5 5507 5578 2 7121 7846 5 6133 4603 4
5827 6171 3 6668 8245 8 7254 7680 5 6088 4358 2 4890 7779 5
6378 6020 3 5912 6887 5 7711 9388 8 5957 6882 5 10043 8334 6
5409 6076 3 6168 7195 10 7530 6818 3 4884 6894 5 6139 3966 2
8862 7646 8 7528 9253 7 6092 5612 3 7130 8418 8 8067 8313 11
5962 6317 2 4422 5756 4 6693 7567 4 6925 7000 3 7009 6822 5
6896 6510 3 6759 5181 3 5398 6121 7 5066 6274 5 4756 5688 4
8088 8097 10 7266 5633 5 4517 5848 0 5056 6548 7 5705 6549 5
7270 7006 6 7472 7503 6 5843 7216 5 5959 5477 5 3784 4652 5
8541 8697 7 6037 6284 2 5625 5674 2 7742 9233 8 8005 8021 9
5979 5794 2 7562 6400 7 5518 7872 11 5546 5227 1 4643 5065 5
6942 8181 7 6000 7451 4 6061 5359 6 6318 6465 5 5590 5924 5
6304 5467 2 6841 6588 1 6609 6114 6 6259 8219 11 4246 6256 7
5494 5210 4 4883 5537 4 6749 7612 2 6743 7040 5 6964 7522 5
4720 5958 4 3955 5062 4 5062 5788 5 7007 6846 9 6204 6263 5
6050 5921 4 4454 7166 1 7352 6054 3 5210 6230 4 5918 6147 8
6229 6286 3 4557 6129 4 5808 7567 10 5792 5202 3 6428 5529 5
3546 4364 3 4460 6015 5 5094 5079 3 6665 6208 4 5820 6009 5
6915 6723 5 5209 5429 3 6462 6889 5 5136 6564 3 5906 7023 13
5467 7171 2 7520 6443 7 5707 6511 4 3538 5334 3 7017 7938 12
6514 7671 9 4377 4711 4 5868 5025 6 5403 6512 5 4793 4791 1
6648 7801 0 4900 5186 7 5239 4496 6 4150 4637 4 4710 4944 8
9018 8479 5 4773 5108 3 5608 7023 3 5990 6971 2 6877 6401 12
5649 8411 8 6094 6729 3 6905 6972 3 5568 6023 4 7520 6763 3
5671 6724 4 7403 6120 2 6842 6979 8 6054 6613 5 6774 6965 8
5843 7046 5 5372 6083 4 3946 5059 2 6864 4656 2 5354 6875 10
4637 6309 3 6544 5879 1 5355 6794 7 5532 5840 2 5799 6873 7
5606 6524 8 7198 8371 9 6630 7440 2 5600 5065 4 6187 5727 4
5345 4964 1 9353 7935 3 7976 8889 8 5113 6046 2 5476 6939 6
5685 5828 7 3118 4100 3 4882 6339 8 4382 3670 7 4885 5565 3
7903 6902 5 5269 6610 11 6120 6149 3 6211 6374 3 5920 7389 7
5315 5931 5 4517 5441 3 5801 4847 3 4736 6796 5 6340 7794 11
6115 7030 6 6275 6897 6 6256 6080 4 5288 6068 6 4659 5848 4
5832 6134 2 4954 5250 4 4700 6069 6 5786 7780 7 7415 6121 7
7372 5939 8 7748 7458 2 7620 8120 7 6481 7649 5 5616 7683 3
5657 5646 7 5696 4776 3 4162 6222 10 5201 5754 2 6179 6568 8
6121 7732 1 6793 8273 11 5639 5367 7 6549 6166 4 5897 5877 5
6011 7228 1 5282 5817 1 5400 5669 4 7863 6619 9 5478 7192 14
5239 4951 2 6193 7422 9 4247 5436 6 4906 5178 8 4502 4848 9
5436 5191 3 6365 8279 7 4599 4461 7 4867 4941 0 6026 5881 6
7453 8546 5 6929 7307 3 7309 7079 8 7629 9075 7 7425 6627 6
4592 6526 5 7268 6411 5 5789 5117 1 6718 8302 6 5703 6564 4
5325 7829 4 7622 7217 2 7736 7361 5 4259 5026 1 7711 8454 11
5239 5988 6 5728 5210 4 5424 6450 7 4682 6244 6 6254 6218 9
8364 8412 12 7155 7451 7 4314 5080 4 6990 8039 2 5663 6407 6
4812 5509 7 5164 6687 4 6072 6193 3 6719 6889 6 6224 6133 4
4989 6668 5 5499 5544 3 4672 5807 4 5259 5795 6 7711 7820 7
6552 6937 6 5953 5450 1 4848 4086 5 5667 7234 4 6144 8194 12
5882 5277 2 5004 5097 2 7063 8391 7 7810 7789 9 5550 7977 5
4703 4451 3 5218 5588 7 5670 4857 6 4686 5492 8 5014 6720 2
6705 5954 2 6458 7568 4 5739 6314 3 6512 6549 11 5138 5881 4
5010 6375 6 4378 7586 4 7828 6253 1 6606 5375 2 7431 7477 3
8231 7169 6 5877 8991 5 8667 8366 3 8195 8679 11 6114 6410 4
7482 6447 2 6034 6997 7 6019 6484 11 5584 6471 4 4246 5169 4
5359 6695 5 7733 6440 4 6916 7033 4 8237 8008 7 5205 5912 3
4897 4315 5 7077 8281 7 6079 7471 6 5268 6279 4 6672 5307 4
4491 6181 1 8890 9054 11 8524 8317 9 6979 7394 2 6960 7189 7
6589 6587 4 5906 6107 6 5887 6304 3 6162 6254 5 4225 6069 7
7046 5619 1 6449 5342 2 5885 8875 8 4551 6341 6 6143 7002 9
5372 5559 3 7781 7411 6 6115 7936 6 5726 6676 3 6279 6555 5
6380 4956 2 6002 7821 13 4896 5470 1 7730 6212 5 6848 8767 7
5723 4670 5 4458 5851 3 6041 7845 7 6962 6922 6 5929 7081 10
7584 8177 3 6185 8545 12 6317 5271 5 5663 6050 7 7122 7273 3
5930 7014 6 6656 5655 2 6775 6312 5 4607 6334 4 6943 7779 8
5963 5605 3 5690 7057 9 4773 6567 3 5502 4701 3 5685 6234 8
7389 9878 8 5140 5756 2 6190 6466 1 6140 5698 5 6142 6424 6
6483 7798 7 6778 6268 4 7447 8177 6 9089 9303 5 5440 5121 5
6991 6073 5 7738 7690 7 6644 7099 10 4237 6204 7 6537 6168 3
5665 6355 2 7015 4551 1 5977 7997 9 5616 7056 4 6237 7098 4
6944 6909 2 4544 4712 3 5412 6810 0 9499 8607 7 6485 6817 8
5387 5414 5 5915 5671 6 6373 8429 7 6609 7376 4 6955 7802 12
3959 4841 1 5312 5548 3 6255 6950 8 5897 6062 7 4507 5600 4
4939 5016 3 8644 7575 0 5803 6834 6 6102 6895 3 7109 7033 3
5934 7849 6 6782 8962 4 7562 6513 4 6648 7334 3 7461 7371 8
4378 4861 4 3757 4567 0 4638 5805 10 4399 4076 4 4891 4717 6
6407 5709 6 4634 6423 6 5995 5027 10 5597 6714 5 5175 5257 4
7883 9271 10 4824 6250 7 5642 6230 7 6404 5808 6 5531 5348 6
6160 6683 6 6283 6918 3 4581 4167 2 6903 7799 6 5350 6254 2
7639 9173 8 7996 9961 13 8077 7597 5 7500 6270 5 6262 7223 5
6444 6260 6 7002 7811 7 6791 6129 4 5448 5451 8 6599 8093 7
6395 6890 2 8434 8043 9 5592 5934 3 7405 8587 7 5735 6263 2
5558 6559 5 7354 8787 8 7245 6205 8 6716 7456 8 4990 6480 1
6258 7039 7 6149 7509 4 6076 6586 5 5403 5846 3 8231 6901 6
7291 8742 6 6772 6083 11 4947 6671 5 7065 7326 2 5287 5550 3
6811 7033 7 7659 7601 6 6864 6246 5 6629 7217 3 5392 5945 6
6569 9168 5 6157 5712 4 9336 7944 5 6068 6450 8 5219 6852 5
6903 5924 2 7307 9042 5 6746 8052 6 7344 8543 8 5991 5432 4
10344 8654 11 6594 5968 2 6595 9378 7 5877 6558 2 6597 6279 6
5673 6636 8 6629 7276 3 5881 5736 2 5502 6571 8 5440 5663 8
4285 6641 5 5745 7445 3 6941 6871 4 5885 5516 8 6986 5240 3
5002 6004 4 7054 6747 5 6970 5715 3 5512 6101 1 5150 8109 5
6341 5761 5 5578 7289 3 7454 6125 4 6194 6621 7 5562 6945 3
6496 6662 1 7210 7503 11 6591 9268 4 7416 7496 7 8349 6426 6
8086 7533 7 7170 6246 4 5896 6648 4 4150 6581 8 5225 5767 7
7132 7024 4 6276 5166 1 6714 6938 12 4843 6066 3 6783 7514 7
6329 6088 8 6072 5978 2 6554 7537 8 6494 6782 5 4677 6005 6
4499 4811 4 4236 7729 7 4169 4355 3 6841 5807 3 5036 5883 7
7289 7200 6 5892 7876 5 7916 7546 4 8331 8042 6 6925 8070 2
6208 6146 3 6764 6072 5 6090 5794 6 6065 8069 5 4072 4819 3
6939 5903 5 5110 5901 2 4033 6862 4 6311 6497 6 4888 4586 6
6380 6035 7 5751 8066 9 5377 4635 1 8105 10112 7 5932 5711 7
6562 8506 8 5538 6244 4 6352 4454 4 6330 7385 7 6109 6908 4
6989 6850 1 6054 7667 11 5286 5208 3 5781 7069 7 5102 4957 2
5365 5899 3 7865 7111 7 7092 6884 3 4740 6960 11 4567 5949 9
7673 6212 3 8648 8607 10 6384 8803 9 6458 7070 2 6684 6373 6
6185 6998 6 6419 6598 2 6790 7394 4 6251 7659 5 5326 4963 2
5349 6700 4 7508 5599 6 6054 6582 7 4435 7231 2 6263 5962 4
5843 6873 5 4400 5252 2 8236 8297 6 6616 7443 3 5698 5741 7
4952 6160 1 6934 7256 5 4985 6782 5 7755 7085 9 6658 6536 7
7235 8125 10 6585 5521 6 5178 5052 3 4804 4395 0 4517 6824 7
5997 7302 12 5745 5557 1 3784 5726 2 6850 6849 7 4976 5171 3
7950 5859 9 5145 5932 4 6294 8539 7 6903 7307 4 6789 7195 9
7601 6697 8 8191 8616 7 7159 7296 4 6933 8940 12 5759 5336 3
6376 6159 0 8295 8500 7 5573 5292 5 6234 7775 3 6392 6381 5
6076 5886 5 4919 6278 4 5373 6906 11 5966 6868 5 7218 6662 5
5481 6143 6 6262 6415 3 5709 6310 6 4318 6169 4 7432 6461 9
7935 9000 6 6024 7053 3 6829 7181 4 8989 7843 4 7830 8097 8
6565 9193 11 4523 5732 0 6139 5801 1 8270 7004 5 6488 6491 4
8176 7002 2 5953 7023 5 5211 6723 4 7328 8043 5 7234 6801 6
4991 4139 2 5392 6714 4 5783 6309 7 5902 5361 8 6551 8833 11
6025 7149 5 6081 7716 4 8512 8840 9 5621 5300 6 5081 5300 3
6265 5890 3 6753 7129 12 6821 8002 8 5012 4590 3 3753 4640 3
8297 10850 11 4705 4677 3 7058 7758 6 5781 6095 3 7084 7014 7
6592 6850 6 5033 5021 3 4234 5407 1 6928 7427 9 4932 5817 11
4890 6333 3 5464 5932 9 5588 5703 9 6869 7875 11 5385 5450 9
6712 6410 5 5710 7502 7 5164 6183 4 6669 6276 7 7452 7234 8
5014 6357 6 5995 8184 8 6023 5872 4 6121 5668 4 6314 7396 10
5312 7038 9 7092 7718 3 6658 6768 9 6353 6896 1 6143 5988 6
5359 5445 4 4926 4542 3 6428 5982 5 4722 5090 4 6495 8519 12
6234 6669 6 7004 7950 4 4746 6468 4 7010 6809 3 5929 5144 3
5191 6249 3 5344 5996 6 6186 7028 10 6367 6166 3 5975 5372 7
6885 6193 7 6354 7938 3 6802 7438 4 5296 5640 7 6910 6185 5
8671 6945 3 6192 5901 3 7065 6887 5 5480 7408 3 6409 8531 10
6870 8260 6 5440 5074 4 6843 6656 6 6980 7585 5 6707 8357 8
5932 7658 3 7879 5814 3 5699 8718 6 5689 5098 3 5251 5192 3
5634 5646 7 7814 8110 4 5859 5702 1 7093 7709 4 8038 8361 6
5957 7069 11 6702 7549 3 7302 6041 2 5417 6418 5 7889 8303 5
7350 6781 6 5516 7707 10 5417 4679 4 5832 6697 4 6174 6578 7
6147 4485 1 5466 4769 3 6589 6806 6 4420 6610 3 3774 5979 4
5715 6435 3 6090 6144 1 4901 5922 2 7128 7591 6 6456 6944 4
5761 7040 3 5874 6711 5 6882 5701 7 6052 6373 2 6323 7148 2
6466 5940 5 7181 6274 7 6838 7891 4 6270 7487 7 4636 6720 5
6296 5237 5 5735 5459 2 5089 6877 4 4810 6055 5 6007 7130 6
6409 6784 7 6729 7359 8 5929 4730 2 5561 7048 7 6533 7396 5
4444 5243 4 4695 4012 6 6007 6892 5 5296 5941 6 4597 6440 5
5609 6947 7 3645 4099 2 5904 5688 10 5139 5591 4 5845 6741 6
7408 8280 6 5121 4599 3 5966 6153 4 4934 5759 4 4679 5754 8
4058 4614 4 4749 6549 4 6394 6150 5 5062 8180 7 7163 6175 5
5137 5572 2 5007 6755 9 5892 6894 3 7407 6570 6 4155 4775 3
7775 7091 3 5685 6046 1 5362 5750 3 3234 4915 3 4845 6254 7
6304 6641 2 7869 8644 6 7985 7967 4 5559 6276 3 6249 6580 2
6721 7359 8 4278 4985 2 5874 4329 1 6159 6943 6 5715 7056 9
6925 6595 7 5464 6797 3 6994 5692 8 5925 6869 2 6941 7407 7
5230 5973 6 4871 5567 2 4815 4935 2 5410 6980 7 6499 5944 2
6832 8015 7 5525 7112 6 6613 5519 2 8021 7389 4 5636 6419 4
6616 6424 7 6544 7029 2 4586 4996 10 4147 6352 3 4709 4643 4
6676 7398 4 5999 6674 2 5418 4783 5 5570 7179 15 3819 5459 3
5586 6881 6 4834 4842 5 6701 7726 8 5285 4708 2 6626 8129 6
7264 7179 2 7443 7230 0 6324 6264 7 5103 6494 4 7523 8524 6
7616 8446 8 7278 6455 1 5059 6898 4 6211 7240 2 6052 6056 2
4586 6829 6 5186 5262 4 6047 5023 5 4952 5156 3 4223 5478 6
5786 5461 6 6459 8688 7 5716 6146 5 5704 5111 5 5620 6289 3
6312 7069 7 5391 6509 3 5917 5763 4 8122 8365 9 5075 5998 3
5737 6919 2 6108 4975 6 7060 7267 8 7871 8648 6 7732 8063 9
5020 3870 2 5327 5543 6 4013 6032 3 6118 5535 7 5825 7401 8
5982 6257 3 7267 8786 5 5980 5897 2 7885 7281 4 6890 8565 6
4626 6703 1 6200 6739 3 5115 6143 6 7212 5984 7 5637 4971 4
7121 8901 6 7254 6386 2 5436 5150 3 6751 7097 5 5736 6778 9
5555 6464 4 6733 7526 6 6678 4942 4 6698 8346 12 6372 7434 4
6815 7369 9 5872 6881 4 4762 6695 6 5904 6642 2 6519 6377 6
6998 7305 3 6848 7452 6 4156 4429 3 5250 6850 5 5744 5826 6
6721 7000 7 7694 7096 1 6962 7740 2 5347 7154 13 5702 6345 5
5897 5484 3 5436 5239 4 6078 8205 8 5097 4244 2 6738 6861 10
4989 6633 6 4367 5562 5 5411 5995 5 5349 5097 5 4382 4749 4
6664 5396 3 5768 5713 5 7717 7416 11 6145 7342 5 5657 8393 7
6736 6694 9 6626 8378 4 5417 5786 3 8707 6532 4 7110 8163 10
8153 7729 12 6349 8369 5 5977 6911 2 8015 7687 4 6004 4560 2
5192 6870 4 6115 7371 6 6381 5864 8 6606 6001 4 7129 6431 3
7065 7717 3 4990 6492 5 6032 6284 7 5736 5771 4 6929 6485 6
6150 6015 6 6234 5949 1 3275 3904 5 4696 6173 3 6341 6837 6
7018 7122 2 8313 9045 10 6393 6428 5 6841 6908 4 4372 4985 4
9176 7959 9 7103 7590 3 6380 6875 1 5860 6013 6 6236 7806 4
4669 6869 5 6390 5339 3 5314 5630 4 6401 7382 8 7131 7490 6
8731 7182 9 6973 7764 3 7062 8540 5 6161 6024 3 7090 8297 2
6391 5314 6 6264 6686 3 5803 6083 6 6340 7653 6 5242 6579 10
6613 8063 5 5444 5246 6 5720 6291 1 7371 7475 6 5656 4949 8
5199 5994 4 3491 5702 5 6547 4793 4 5544 6276 7 4910 5876 5
4780 6628 6 6363 6687 6 7365 6498 5 6910 6970 7 5551 5825 6
5835 5910 1 6531 6299 3 7566 9662 10 6036 6687 5 5634 6440 5
7083 7670 6 5068 7343 3 7250 6317 9 8019 7291 7 7352 7842 9
4710 6148 4 6238 6241 6 5141 6953 7 6604 5980 3 4906 5647 2
6093 6606 4 4490 5044 5 6007 5803 8 4646 5432 3 5584 6081 3
9651 8135 3 8965 10185 8 5967 8282 6 8333 7662 2 6336 7442 3
5590 5206 5 5425 6490 12 6465 5661 4 6289 7475 5 4512 5569 5
10319 9664 11 6315 8586 4 6960 7398 4 6433 6180 0 6568 6645 5
5271 6204 3 5692 7299 6 7450 7299 8 5372 6097 5 6050 5358 7
4862 5794 5 7657 7060 5 6236 5231 9 5859 5582 4 5720 8294 5
5671 5566 6 4210 5974 4 5170 5781 6 4099 4942 1 4366 4100 3
7785 9066 12 6062 6538 2 6855 6096 3 6364 7324 3 6408 6925 7
5852 6351 2 6417 7891 6 7525 7666 7 6529 7979 6 6468 4923 4
7520 6258 1 6271 6535 5 5276 5518 3 7060 7704 4 8014 9428 10
7007 6440 6 6186 6358 1 6583 6702 8 5709 6284 4 6507 8240 8
6991 5787 3 5195 7190 6 3944 6195 6 5679 6047 4 6075 4972 3
8947 7455 7 7300 8337 1 6300 6135 4 7784 8085 10 4514 6438 4
3357 5245 1 5408 5819 4 5646 7119 6 4975 4606 2 5726 5601 6
6522 7332 5 5722 4835 1 6795 6308 3 5280 6278 4 6894 8444 8
6306 7571 6 7379 6869 3 4775 5237 2 6177 7460 3 5613 6527 3
4626 4908 2 5760 6693 8 7281 8711 7 8483 7957 5 5566 5516 4
5226 5285 7 5176 5254 3 7684 7422 7 6296 6983 3 5995 7254 5
6977 5958 5 7504 9229 8 6132 7247 4 8429 7237 5 4881 5781 7
7347 7775 8 6513 6676 4 5165 6511 5 5238 5917 6 6206 6608 5
6423 6615 6 7399 8541 9 6088 7740 6 3993 4116 5 5764 5397 6
6122 6064 3 6160 6830 4 7315 6732 11 5852 6476 1 6321 8106 3
5503 5694 2 6750 6875 7 6363 6565 1 4590 4860 5 5138 5850 7
7873 8220 9 7596 7506 9 5938 5822 2 5857 5033 0 6723 9234 11
6674 8027 9 4999 6462 8 6130 5931 3 5985 6644 3 5308 3141 3
4440 4817 1 4864 5388 2 4820 6381 1 6312 6940 13 5560 6422 2
6085 5344 4 5831 5271 2 6339 7380 6 5805 6544 6 4786 7247 8
7021 6828 2 7622 8308 6 7829 6295 6 5391 6247 6 6073 6768 3
6293 5910 2 7305 7400 8 5771 5769 6 5256 7013 5 6121 7479 4
5362 7273 6 7243 6259 7 5794 4781 5 5290 7173 4 4554 5606 5
9004 7666 3 5973 6893 3 6956 5834 3 4575 7572 6 6411 7341 6
6571 8048 5 6815 5949 2 5666 5952 4 7258 7890 4 6403 7697 5
5662 6609 4 6995 6963 5 5764 7168 5 7180 6224 5 6190 6320 6
7430 6194 6 4453 6090 2 6667 8922 6 7991 7429 2 6010 4836 6
6108 5348 4 4224 6200 4 7115 8068 5 6943 6270 4 6453 6092 4
6846 7606 8 7522 7373 6 8430 8104 4 6691 8620 14 4177 4503 3
7346 6436 7 5590 6585 4 7379 8503 5 5341 6208 3 8671 8722 5
4684 5860 5 6344 7925 7 6438 5371 6 5864 6332 8 4887 5443 6
5846 8151 8 5633 5832 10 4838 5057 2 4579 6143 5 6459 5649 4
6907 8652 6 6153 5637 3 6291 7116 3 6129 7190 8 6601 6026 5
6303 5988 2 7869 7765 7 5884 7170 4 6966 6895 7 5332 6678 3
6412 6505 7 6651 7045 5 5770 6481 2 5250 6017 3 5819 7239 5
5678 6922 2 4806 6983 5 8414 9176 7 7732 7384 6 8069 7725 5
7069 7018 5 7107 7590 5 3579 4463 1 5196 6429 3 5528 6122 9
9206 7962 6 6756 7891 9 8501 8046 3 5214 6435 5 7528 9284 7
3860 6093 3 5460 5345 3 5716 5797 4 6766 8143 5 5732 5060 6
8652 7999 3 7265 7534 4 6897 6693 3 7022 8415 7 6274 7281 5
7428 7973 7 5796 6583 5 5987 8653 3 6806 5492 2 6044 6423 7
6134 6733 4 7149 7302 6 9926 10198 10 7374 8445 4 7525 8610 8
6681 6110 7 4748 4829 4 6708 9243 3 7230 6849 5 4423 5228 2
7160 5470 4 6213 7504 4 5202 5196 2 5379 7249 10 6284 6517 4
5942 5850 1 6698 8095 2 8035 7287 8 4917 7538 5 7686 6419 2
5549 6218 8 4993 7296 1 5080 6464 5 6158 4900 8 4911 4367 4
5611 7357 8 6245 5519 5 6422 7099 4 8926 8304 9 4546 5855 4
6172 6889 2 6602 7601 8 5778 5303 2 8582 8879 8 4702 5108 4
6656 8121 2 5946 6800 4 7436 5861 7 6769 6381 5 6667 7754 5
4297 6956 3 7597 4926 4 4418 4041 5 5435 5687 3 4879 7393 12
5476 5710 4 7007 7444 4 6605 7052 11 6983 7548 6 6388 6345 2
7858 7091 6 8702 8094 8 6693 7792 5 9203 8367 5 5365 7067 4
7962 8710 6 8470 9508 8 6391 5956 5 5326 5199 7 7541 8024 5
7503 7803 11 5553 6283 3 6783 7178 11 5298 5237 6 5481 6026 5
8382 8574 10 6527 8033 9 8383 7469 7 6620 6702 7 5592 7159 8
5549 6680 4 5756 6478 5 7051 7227 5 7737 7430 2 7142 7331 4
6187 6769 12 7077 6669 4 5149 4548 2 5054 6301 6 6584 7127 4
7296 6918 6 6379 8227 9 6254 5992 3 5218 4936 4 5952 6348 7
6026 6858 5 8717 8488 4 6601 7749 4 8412 8452 5 6362 6242 6
5342 6040 6 6257 6446 5 5532 5519 1 6201 6523 8 5105 6656 6
6663 7298 3 6555 7606 8 5652 5474 4 6786 7493 6 5889 6550 3
5772 5817 3 5753 5829 5 6898 8631 6 6887 7345 6 6529 7313 6
8373 7031 5 7080 7030 4 6174 8244 3 6461 6550 5 5941 7979 6
5052 7361 5 6967 8163 6 7337 7468 0 5752 5920 6 6724 5457 4
8505 8855 6 6153 4868 7 6333 7600 6 4664 5600 3 5721 7007 6
5863 6649 5 5799 6124 3 5388 6148 4 3890 4781 2 5866 5373 3
3859 5187 6 3987 5178 3 7124 6147 7 3881 4948 6 5556 6071 7
5405 6706 3 7286 6223 7 5624 6379 5 6956 6155 3 5967 7176 3
6431 6219 5 6165 8290 6 7472 7135 10 7217 7409 5 6908 8197 4
5415 5680 3 6332 5898 5 5801 6254 4 7141 8739 6 9062 7821 8
6685 6062 2 5194 6972 7 6654 7256 8 4236 5744 3 6236 5580 5
7635 6803 4 7156 7447 7 4858 6419 3 5973 7273 4 4778 5566 7
8131 6657 5 7737 9325 8 5545 6099 4 5494 6774 3 6751 6328 8
6625 6556 3 4538 4518 2 6586 5763 2 5323 7216 6 7384 8037 10
6910 5559 5 5448 5597 4 6256 7461 7 5006 7152 3 7484 6753 4
5327 6874 2 6230 6810 2 5785 5612 4 5364 4795 5 5844 7046 5
6272 6003 1 7019 7584 9 8568 8484 9 8368 7921 6 6132 8705 8
4118 5007 3 5155 6114 3 6026 6192 6 7080 6061 5 5546 6467 7
7208 7514 4 8472 9297 4 6490 9007 7 8497 7178 2 7698 6139 3
6538 8458 5 6706 7031 7 5692 6796 3 8023 6416 1 5961 7641 7
4801 4659 2 6858 7469 6 5976 5424 1 6906 7245 9 6738 8053 9
6596 5655 5 3763 4459 3 4605 5487 5 7404 6788 11 5236 7181 7
6541 8337 7 6574 6106 3 9732 8719 5 6783 7820 7 5775 5953 6
6824 7734 2 6587 7399 5 7682 6782 6 6901 7865 7 5031 5489 3
5640 5915 4 5407 6831 8 5769 8277 13 6646 5178 4 4206 4943 2
7845 7468 7 5917 8760 7 5113 5421 2 8425 8249 8 4694 4819 2
6273 7352 6 6817 6876 6 6658 6866 4 6179 6615 3 6943 6677 5
4807 5782 4 5473 6874 5 8742 7376 11 5941 8375 5 7158 5603 2
7296 6759 3 7933 7734 5 8254 10445 4 7247 7489 4 6564 6493 3
5559 7651 9 9592 10137 11 7496 6566 5 5773 5574 5 6756 7321 8
4749 7517 6 6879 6162 4 5610 6177 10 3929 4849 4 5892 6042 3
6542 6846 7 5326 5998 5 5833 6686 7 4006 5091 4 5389 5050 3
4702 6821 4 4011 3861 1 5103 5355 5 7898 8588 9 5937 6054 7
5934 6431 3 4822 5671 3 5427 5012 6 3461 5085 4 4923 5243 4
3914 5557 3 4611 4482 8 4748 4264 2 5159 6059 8 3776 4843 3
6844 6043 3 6706 7306 1 7806 7799 2 7843 6502 2 6657 9656 6
5546 6421 8 4023 5473 6 5494 5598 5 5348 5797 8 5157 5422 7
5564 5139 5 4156 6734 11 6074 6382 3 4137 5572 2 7410 5952 7
5243 4682 4 5595 8417 11 4946 6009 3 5131 6577 7 7505 6170 5
6567 6379 6 5892 7328 8 6759 7711 5 5683 4895 1 6686 7520 4
7736 6726 5 5485 7987 8 5418 5942 4 8303 7851 3 6583 6519 7
5810 7725 8 6967 6245 1 5553 4627 5 5704 6205 8 5261 6916 3
5601 6190 3 5239 6138 6 4226 4172 4 5454 5711 5 5156 6626 9
8284 6191 3 5998 5453 5 4240 5811 1 4533 7917 8 5647 6802 13
8257 9418 5 5080 6722 6 6200 5975 3 5905 5160 1 4968 4664 3
6506 8417 5 6652 7434 4 6179 7956 3 7915 5548 3 5898 5968 7
8031 7655 3 8047 7835 5 5187 6061 8 4289 4428 6 5369 7717 7
5879 7147 2 7759 6683 12 6443 7963 5 7692 7565 7 6607 6890 6
5914 6676 5 5558 5414 2 5932 7323 7 5448 6014 0 8345 8101 6
6554 6791 7 5850 6267 5 3801 4418 4 5819 5621 0 4607 5400 7
5484 7345 4 6309 5284 1 6336 6074 2 5915 6661 5 6008 7062 6
5829 5235 3 4128 5425 3 5609 5866 2 7438 7216 9 4014 4729 3
7203 6210 7 6755 7782 7 6064 6814 3 6727 7772 6 4325 5236 4
4751 5774 5 5980 8009 8 7614 7170 6 6668 5940 1 6338 6892 4
7280 7837 8 5108 7159 6 5718 4394 6 5275 5723 2 6241 6659 5
4668 5404 6 5609 4855 1 3786 5208 5 4534 5799 7 5784 5887 8
6128 5819 4 4567 4970 5 3344 5031 3 5870 5459 6 6556 7057 4
5441 7374 2 5832 6799 8 9707 8142 6 5282 6279 2 5451 5996 4
5111 4916 10 7979 7821 7 7706 7350 4 3072 4076 3 7474 9624 14
5051 6046 7 6258 8583 8 5245 2820 1 4510 6471 3 4666 5261 4
6360 6433 1 4553 5972 6 5724 6569 5 7201 7582 8 6472 6016 6
4912 8095 8 7123 5975 4 4550 4278 1 6561 5978 3 4861 5713 6
3428 4992 0 6021 5437 5 7369 9518 9 4867 4740 9 7647 7923 8
5065 5477 6 6090 5523 1 5299 6163 5 5241 4884 2 4240 6427 9
6843 5896 6 7945 9118 11 5694 8166 5 6497 6950 6 7362 8202 9
5519 5067 4 5398 7283 7 5369 5974 1 5890 5968 1 4650 5347 2
6269 4489 7 3960 4965 2 5148 6439 12 4474 4699 2 5477 7156 6
5087 5786 9 5410 5617 4 6500 8288 3 7846 10224 6 8260 6246 9
6417 6489 2 6535 7765 11 5608 6160 6 4857 6450 2 6823 5345 6
4464 6713 7 5276 4388 3 6581 7744 5 6760 7877 11 7572 5967 5
7243 8417 6 8294 7125 4 5354 6025 4 6722 6369 8 6776 8300 6
5898 7237 7 7112 7701 5 6485 7216 4 6838 7031 4 8324 7629 5
3192 6197 5 5671 6661 5 7450 6407 4 5703 5913 4 6690 5499 3
5796 7135 4 6650 7570 6 9279 8056 5 4328 4900 2 5187 6424 3
6318 6547 7 4083 3946 2 4422 5159 6 4597 6465 3 7865 7433 2
8236 8250 3 7266 9146 6 8483 7639 5 5444 6237 6 8712 8340 6
5020 5584 3 5189 8087 9 5191 5172 5 5428 5504 2 8325 6733 5
4101 4688 3 5235 5609 5 6355 6431 8 6504 6294 3 5533 6526 2
5499 6731 6 5851 4050 4 4939 6380 3 6982 6082 1 6201 7515 6
7350 9468 6 7902 6775 8 4973 5231 4 5031 5070 4 6941 7785 4
7582 6508 3 6517 6205 2 6156 7343 8 5270 5722 1 4756 6160 3
6900 6837 8 6031 6042 5 4802 7316 9 5277 6355 6 7473 6524 5
4058 5506 2 7377 5586 3 6846 7787 4 5128 6122 1 6049 7532 7
6871 8132 7 6542 7242 4 6094 6521 5 6507 7388 4 7656 7379 10
4642 6037 8 5655 4185 3 5504 7628 6 3089 4185 2 5630 4491 8
8393 7398 6 6476 6946 2 7605 8100 3 6606 7170 5 4367 6323 6
6185 5836 5 7547 8290 4 6282 5854 5 7270 7590 5 4224 4859 5
7659 6770 8 4824 6351 3 6415 6562 3 6408 6988 4 7885 7627 5
5024 5573 3 5140 6403 4 5169 5683 5 6725 6509 5 5166 5688 4
6483 6833 4 5556 5888 4 7775 6590 2 4865 7254 6 7260 6955 4
5981 5537 7 6581 8969 10 6036 6853 1 6120 5952 0 5708 6474 6
5770 6697 3 7142 6362 6 7117 6971 3 6395 6729 2 6770 8321 8
5956 5389 2 8240 6390 2 5597 7172 7 6516 7596 6 5820 6889 11
7683 8470 8 9044 9968 7 5291 6027 4 5582 6294 2 6075 4694 3
5049 6028 4 5470 5674 2 5927 6137 6 5919 7209 7 4667 5304 6
6824 7342 5 6613 7077 6 6701 6175 6 6043 6798 4 5369 6994 8
6769 7550 8 6527 6843 5 6252 8062 12 4906 6105 5 7313 6290 4
5901 6932 3 6716 5640 4 6044 4673 3 6476 7666 6 4782 6699 4
7027 9169 7 7437 7107 6 6353 6381 4 8488 7587 2 5805 7641 6
6719 6487 3 5493 6556 4 4556 6486 10 6085 5934 5 6038 5712 6
6573 5215 8 5549 8369 4 6283 8249 4 6134 5181 1 5554 5206 3
5454 6141 8 6083 6688 4 7974 7281 5 6917 8200 10 5643 6254 4
7011 8311 4 5188 5021 2 6606 6073 4 7029 8624 5 5192 5718 5
7443 7318 3 6646 6684 4 6354 8125 9 7134 7500 11 5530 6309 3
6348 7678 4 6391 6684 2 6429 7214 2 6999 7101 6 5834 5053 5
6781 6660 1 6895 5318 8 5000 6534 3 8624 9151 5 6339 8680 9
6177 6797 6 7487 8069 4 6664 7026 5 7509 7945 8 5848 6201 7
5212 5565 4 6579 6169 5 5813 7297 10 5021 6038 7 5395 6270 4
6016 6275 4 5364 5254 2 5710 5811 3 3958 6654 6 5521 5304 6
3944 7414 6 6631 7067 5 5489 5617 5 8947 7212 6 5727 6226 5
4789 5565 3 6889 6586 1 4955 7126 5 6740 7718 10 5706 5868 5
5946 7131 3 6234 6035 4 7317 7356 8 6892 7296 6 6619 7553 6
8787 8404 8 7379 7283 6 7777 7895 2 6641 7039 4 6531 8398 6
5783 7520 9 6490 6522 1 6199 6142 1 6328 7406 2 4361 4813 5
7035 6613 5 5154 6460 5 8199 8009 1 8036 9103 7 6047 7329 5
6440 6957 8 5458 5082 3 5292 6276 5 5821 6399 4 7744 8112 9
5678 5998 3 7987 7733 7 5628 7778 9 4791 6020 5 5712 4971 3
5925 7117 3 6801 5745 2 6319 7200 7 6151 6920 5 6471 6283 6
7052 7529 5 6828 7105 3 6878 7527 5 6497 8581 8 5818 5110 4
7131 8524 5 9273 8253 6 6516 5536 8 6407 8995 6 7137 6720 2
6772 6591 3 7044 6281 5 5662 9523 14 6788 7749 4 9205 8088 6
5970 7182 11 5775 5439 3 5704 7016 6 7236 8199 7 5971 5141 7
7551 6827 3 7858 6961 3 4858 6731 5 4080 6100 6 6769 6534 3
5874 5038 6 5154 7441 3 5467 4468 5 4744 5615 6 4155 5193 3
6224 5620 4 5043 7455 6 5994 6711 4 7835 7392 7 5140 5506 7
5410 5567 5 5302 6322 0 7609 6635 10 5418 6823 6 3765 4474 2
3936 4934 4 5412 6545 3 5567 5941 9 5129 4479 0 4682 5453 3
8120 7431 6 6663 8698 10 7443 7971 7 7513 9018 7 7522 6479 5
4947 6847 5 7198 6863 9 5078 5362 0 5575 6173 2 5708 4768 4
7367 7287 7 5636 6698 3 5830 6630 4 5741 7715 3 6743 6830 8
6492 5371 6 6727 7412 5 6588 6173 9 5231 7271 6 5412 6044 7
5870 7510 4 7495 8499 4 7454 7277 6 5800 6450 5 6789 5857 6
8604 6520 4 6006 6102 3 7140 9087 1 7203 8094 5 6717 6629 6
5534 4444 3 6288 7288 6 4219 5127 4 5877 5842 5 6816 8641 13
5466 8068 7 7079 7137 8 6655 5710 3 5410 5963 5 4761 5677 5
7300 6088 5 4669 6144 5 7050 6758 6 5253 6143 3 6751 7589 5
6178 6146 5 7215 6718 7 4949 5160 5 5586 5910 7 6077 8098 5
6867 7823 6 4546 5895 4 4564 6284 4 7985 6218 2 6965 6226 6
6128 6211 7 5685 6369 6 5009 6029 5 5474 4463 0 4637 5552 4
5791 5883 2 6659 6767 4 6542 5255 5 6719 7735 7 6320 7805 6
7923 7756 6 5313 6204 3 6998 9000 11 5833 5831 9 6531 5794 3
5588 7293 3 7095 6180 3 5286 5861 6 6403 5901 5 4730 5477 7
4894 5748 3 6644 6337 5 6178 6766 5 5280 6571 7 7198 6704 14
6696 4777 1 5353 5981 3 7973 8587 9 6653 8546 5 6975 8212 5
5172 5923 7 4450 4360 3 5004 5654 2 4829 4627 7 4168 6748 6
7097 7279 4 7610 7937 4 7476 7549 4 7396 7090 6 5219 6092 3
6786 8132 6 3826 4028 3 6673 6232 3 5564 5863 7 6872 6934 4
5865 6254 2 6933 7441 8 5283 6261 3 6957 7893 7 6412 6543 6
7807 6646 5 5225 8448 15 6612 8252 6 6590 6402 3 5799 5010 5
6913 6876 7 6734 6080 5 5629 6630 2 8844 7678 4 6467 7647 4
6356 7422 8 5875 5721 3 6637 6549 7 5299 6713 3 6401 7008 6
5638 5988 4 6482 6230 7 5532 7103 3 7108 6969 16 4306 5845 3
6559 7573 7 9377 9390 10 8165 6532 4 8109 8361 4 6460 9286 9
5457 6239 3 6779 6284 3 6973 9234 4 8155 8483 8 6598 6352 4
6265 5944 3 7879 7718 7 5431 7485 6 7568 7960 8 6943 7707 5
8351 8346 4 8508 8649 11 8211 7720 3 6101 7301 7 5240 6286 4
5113 5587 3 6002 6316 5 5641 6984 6 5847 6426 3 7892 8328 8
6841 6876 3 6375 7790 7 6715 6958 4 6835 7326 3 6602 6711 8
4611 5901 5 4892 4493 2 6505 6551 7 5335 4412 4 5272 6898 4
6345 6354 3 8700 6755 8 5424 6237 3 5056 6652 10 5376 6521 3
5373 6688 6 6583 6538 2 4137 3781 0 6574 6721 2 5992 6886 6
7458 6870 3 5898 5463 4 6034 7372 9 4219 4599 1 6844 8518 7
6597 7131 10 6015 6588 6 5002 5395 2 6482 6974 5 6614 6143 6
6716 6591 4 5905 5844 3 5056 5899 8 5995 7011 4 8274 8475 10
7417 7920 6 6996 6285 3 6689 7669 2 6057 6524 4 5355 7504 8
7562 7515 5 6285 7795 5 7571 9401 2 8497 7080 8 7049 6620 3
5156 5034 2 5922 4924 1 6327 5708 5 4852 5487 6 4049 5903 7
6249 4757 4 5265 6291 1 5710 6939 4 5100 6487 8 5295 5364 5
5648 5477 5 7822 8501 10 6675 6589 3 4235 4142 4 4491 7351 8
6981 7435 3 6249 6092 1 6802 6468 9 4963 5296 3 6076 7647 7
7287 7183 8 7352 5255 2 4145 5438 5 6077 8295 10 5786 7386 4
4609 4750 0 6656 6018 2 6379 5413 2 5011 6832 5 4624 5563 7
4852 3975 6 5605 6110 4 6312 8065 6 7784 6360 10 3638 5909 7
4351 5859 4 4425 4478 3 4866 6003 10 5099 5226 4 6475 6541 4
6527 8700 9 7206 6562 4 6154 6944 6 5563 4920 5 6354 7501 6
5448 5644 6 5934 5672 4 6354 6165 2 5199 5805 7 6711 9216 8
5770 4712 3 4931 7377 2 6800 8502 7 9132 8229 10 8365 9121 7
5246 6601 8 6802 8465 7 5617 6608 8 5110 4452 2 6044 5108 2
7127 7681 3 9348 9850 5 7803 9316 10 8668 7524 2 7820 7765 7
5934 7988 7 6146 6307 3 7355 7141 8 4418 6330 2 8304 7040 8
3281 4380 4 5968 5426 6 3527 4286 5 4406 5885 7 4412 4433 3
7201 7930 6 5033 5587 4 8896 8446 12 6815 6955 6 5653 7423 5
7177 6412 7 5761 6077 2 6141 6156 3 5067 7735 8 6644 7089 3
8714 9268 7 8790 7775 6 7249 8935 5 6188 7500 2 6406 6010 2
6362 5782 1 5433 6053 4 6882 6817 5 4917 6993 3 7205 8723 3
6446 5974 8 6065 7599 7 6375 6298 2 7379 7122 6 5813 7058 6
8499 8477 13 4898 6223 7 6672 7455 5 5660 6151 7 6118 7000 3
6005 5476 3 5670 6405 7 7184 6933 5 7279 8360 4 7443 8700 9
6721 5917 7 4950 6207 4 8023 8326 7 5506 6882 4 6272 7126 6
7079 5878 4 4461 6318 2 5502 5950 6 3026 5017 4 5040 4586 8
7867 8239 6 6434 6318 5 8594 8860 6 6991 8155 7 5163 6330 5
5150 5891 5 6783 6797 5 7826 9923 12 5103 5468 3 7095 6132 8
4250 3941 4 4423 5846 6 7562 8421 6 5114 5301 4 7348 6742 3
5592 5980 2 6843 8299 12 5657 6637 4 4101 5498 1 9064 7617 3
7989 7884 2 7694 8117 6 5450 7510 4 7722 6781 5 4685 4003 5
6018 5295 3 8219 9088 3 6613 8525 4 6319 6960 3 6169 6441 7
5933 7863 6 7054 8797 8 5789 6640 4 7306 5665 2 6592 6398 3
7384 7362 4 6737 8560 5 6669 7485 6 8170 5145 3 4542 6741 2
4941 6321 6 4545 5599 5 4662 3505 2 6541 6468 7 4494 6125 5
6586 6286 6 6774 6396 5 5400 6453 8 5489 6709 7 6602 6362 5
6446 6817 10 5990 5655 5 7900 8415 4 6755 6598 4 5389 6205 6
6061 6301 4 7332 7765 4 6062 7888 6 7860 8431 10 6917 6488 3
7344 7257 2 7435 8264 5 8253 7659 2 7467 8143 2 5851 7531 7
6070 8743 4 9755 8404 8 7617 7341 5 5935 6313 1 8642 8746 6
7232 6554 6 7244 6649 5 5059 7221 7 6143 6808 6 6964 7169 2
6382 6805 5 7268 8916 4 5179 5576 4 6346 6220 5 5007 6443 7
4420 6070 3 6459 8007 7 7846 6776 6 5802 7240 9 4960 4634 7
6540 8928 8 6117 7080 4 6895 6684 0 7861 6694 7 5536 5890 2
5481 5182 4 5814 6860 7 5794 6078 4 5602 6635 6 4411 5682 5
4907 4195 4 6032 7170 6 4689 4668 5 6612 6319 5 5592 7162 7
7739 6777 1 5386 7874 8 6020 6468 3 6935 7318 2 7437 6758 5
6314 6034 8 4328 6726 2 8218 8559 9 6600 5734 3 5435 6397 8
6735 7574 5 7960 7858 3 4471 5255 4 6522 6958 4 8010 8273 7
5126 7695 7 8075 6506 8 8379 8055 3 7835 6418 3 5548 8523 7
5902 5665 7 6528 7493 2 7171 7098 2 7428 7942 4 7235 8491 11
6216 5593 1 4922 5506 0 6514 6298 3 6705 8468 8 6648 7332 7
6561 7012 3 7144 7860 6 4964 5115 2 6830 7324 10 4035 5072 3
6061 5084 1 7239 6291 3 6662 7291 0 6244 8861 9 6979 7827 7
7272 6276 4 5925 6333 7 5087 6428 4 5529 6935 4 5914 6433 5
4013 5196 2 8971 9126 9 7156 8869 5 7184 6225 5 5353 4886 4
6488 6041 6 6652 8549 6 8247 10040 9 5295 5959 2 6616 4723 5
5515 7051 3 5568 6193 2 5898 6332 3 7174 8808 10 7801 6370 7
5814 5468 7 5984 7168 1 7910 7739 5 5224 6789 5 6993 8445 5
7006 6986 5 6626 7762 1 5542 5486 1 6873 6853 8 6135 7244 5
7487 7273 1 5439 7299 5 6837 6387 3 7320 8941 4 6704 6862 6
6000 7100 4 6062 5969 4 4525 6373 2 5876 6105 2 7263 7175 8
3953 6562 2 6452 7355 4 4370 5433 5 6778 4173 5 5579 5820 5
