2146 2163 0 2450 2645 0 1323 1084 0 3433 3351 1 3215 3241 0
2444 3031 0 1838 2097 0 1385 1174 0 2533 3001 0 3662 2346 0
2289 2325 1 2612 2325 1 1526 2007 1 2537 2217 0 1487 1755 1
1534 3325 0 2794 2097 1 2556 1928 0 2693 1611 1 2137 3196 0
2437 3139 2 2599 1823 0 2704 2255 0 1696 1929 0 1673 1447 0
2524 1734 0 2373 2559 1 3029 3904 1 2241 2870 1 1970 1466 0
1923 3536 0 3047 2803 0 2721 2091 0 3344 3196 0 2340 1856 0
2205 2400 0 2584 2587 0 1645 1623 0 2818 2786 0 1751 1466 0
1425 2093 0 2029 2197 0 2054 2222 0 3618 2430 0 1493 1894 0
2611 1984 0 2418 2161 2 1999 1877 0 1961 2336 1 1924 1870 0
2358 1936 0 1966 2168 0 923 776 0 1796 2085 0 2296 2305 0
3204 3226 1 2565 1891 0 3337 3395 1 1865 1708 0 1966 2034 0
2732 2012 1 1724 1535 0 2302 2533 0 2497 2869 0 1207 1548 0
2780 2447 0 2105 2281 0 4148 3651 1 1755 2171 1 2077 2417 2
1214 1370 0 3850 2418 1 2244 2266 1 1885 1751 0 2578 3386 1
1782 2251 0 2454 3081 2 2777 3321 0 2040 1341 0 2072 1456 0
2836 3081 2 2547 1988 1 2771 2344 1 1164 1786 0 2316 2345 0
2975 2650 0 2450 2810 0 1860 1955 0 3040 2011 0 1589 2369 0
1894 1583 0 2171 2851 1 2186 1506 0 2672 3123 1 1730 1996 0
2662 2163 0 2912 2616 0 2382 2913 0 2562 2100 0 2241 2267 0
1981 1712 0 1099 1810 0 2661 1952 0 3893 3512 2 1321 2091 0
3498 3173 1 1068 1439 0 2281 2770 0 2516 2518 1 1857 1596 0
2142 2303 1 2931 3140 1 1975 2500 0 2180 1772 2 2472 2305 0
1574 2378 2 2500 2001 0 3538 3278 4 2020 1848 0 2258 2654 0
2986 2618 1 2476 2239 0 1197 1437 0 1952 2167 3 2061 2007 0
2190 2369 0 1624 2225 1 2183 1945 0 2690 2064 1 2104 2259 0
2259 3505 0 3235 1680 0 2081 2123 0 2262 2567 0 1606 2147 1
1472 1054 1 2433 1624 0 3309 3581 2 1308 1016 0 2670 3741 4
3507 2434 0 2234 2569 0 3452 3009 0 2103 1910 0 2254 3350 1
2616 2625 1 2429 2367 0 3235 2744 2 2061 1741 0 1779 1971 0
2270 2137 1 2002 2311 1 1894 2669 2 3124 2538 5 1717 2026 0
2811 2963 1 3194 3178 0 3165 3098 2 3231 3361 1 1963 1696 0
1876 1914 0 2317 2924 0 1905 1882 1 2185 2414 0 2363 1691 0
1941 2827 1 2463 1897 0 2646 2857 0 2501 2484 0 2140 2157 0
1363 2073 0 2360 2597 1 1869 2374 0 3044 3008 3 3044 2454 0
1647 1107 1 1281 1960 0 2347 2830 1 2017 2375 3 3032 1872 3
2631 1334 1 2334 2753 0 2003 2002 1 2114 2630 0 2409 2440 0
1461 1677 0 2501 2907 1 1535 1318 0 2595 2021 1 2423 2671 0
650 1594 0 3163 2586 3 3192 2927 2 2567 2104 1 2629 2714 0
1560 1679 0 2805 2473 0 2724 2695 0 2623 2225 0 2092 2788 1
2077 2772 1 3167 3181 1 3157 2442 1 2354 1990 1 2106 2430 1
1853 1306 0 1669 1983 0 3309 3690 0 1728 1288 0 3369 3152 0
2377 3018 2 2692 2851 0 1480 1694 1 3319 2148 1 2106 2023 1
2960 3002 1 1399 1321 0 1287 1581 0 3324 2513 0 2297 2048 0
2237 1956 1 2163 2498 1 2915 2588 2 1982 2626 0 2630 1772 3
1265 902 0 2420 2556 1 1567 1190 0 1889 2258 0 1416 1864 0
2534 1519 0 1985 2506 0 1677 2355 0 1443 1545 1 2316 1650 1
3104 2702 0 2196 2759 0 2747 3058 3 1537 1916 2 2342 1869 1
2263 2002 0 1635 2407 0 1928 1843 0 2719 1606 0 1874 2230 0
3493 4089 0 2129 2481 1 2545 2082 0 2975 2903 4 3094 2433 1
2208 1242 0 1868 2720 2 2785 2252 2 3190 3176 1 1389 1927 0
3393 2330 0 2868 2961 0 1038 1772 0 2983 3095 0 2729 1957 0
2551 2605 0 2684 2478 0 2829 3428 2 2453 2273 1 1245 1296 0
2817 2245 0 2590 3528 1 2162 2317 0 1281 1111 0 2715 2725 2
1614 2143 0 2204 2057 0 2939 2660 1 2238 2742 2 1588 1521 0
1700 2082 0 3241 3582 0 1771 2466 0 2737 2484 0 2114 1618 0
2355 2126 1 2420 1849 1 1783 1483 0 2306 3078 2 2123 2704 0
2084 1557 1 1883 2089 0 2793 2356 0 965 2193 0 3369 3366 1
3683 3797 0 3722 3257 0 2183 2352 0 2296 2814 0 1969 1994 1
1825 2221 1 3400 3512 1 1894 1615 0 3143 3100 1 1344 1556 0
1822 1683 0 2492 2887 0 1511 1935 1 2905 2522 1 2665 2692 1
1745 2392 0 3070 1898 0 1630 2318 0 2390 2615 1 2838 2460 1
2094 1638 0 2869 2837 1 2237 3088 0 1097 1163 0 2124 1872 0
2474 1930 0 1731 2419 0 1704 1648 0 1963 2910 0 3644 2516 0
2482 2768 1 2999 2074 1 2372 2818 1 1817 2570 0 3230 2615 1
2586 2980 0 2649 1600 1 2220 3008 1 3061 2004 1 2070 3016 2
2468 3056 1 3375 2469 1 2127 1451 0 2777 3312 1 2015 2239 1
3358 2966 0 2749 2924 1 2377 2246 0 2973 3454 1 1549 1449 0
3250 3510 2 3204 3902 0 2437 2166 0 2367 2527 0 2809 1895 1
2206 2455 0 1427 2676 1 2639 3109 0 2823 2259 1 2104 1216 0
2021 2002 0 2647 2330 1 1407 2189 0 2200 2651 1 2520 2118 2
1910 1345 1 2600 3604 2 1977 2199 1 2995 2536 0 2623 2994 0
2268 2292 0 2086 2315 2 2900 2147 0 2199 2282 0 2648 3201 2
2622 3426 2 2424 2090 1 2118 1987 1 3339 3714 3 1634 1043 0
2681 3017 1 2217 1605 0 744 494 0 2343 2820 0 3085 2841 1
1892 1845 0 2057 1367 1 1746 2279 1 2313 2136 0 2100 2593 0
2574 1940 1 2399 2008 0 2506 1428 0 2181 2952 0 2700 3713 1
2877 2505 2 3223 3302 0 1728 1973 0 2956 3352 2 1860 1737 1
2207 2083 0 2176 3072 0 1964 1705 0 2938 2507 0 2684 2418 0
1661 1205 0 3023 3148 1 3429 3983 2 2388 1919 1 2065 2361 1
2150 2289 0 2187 3810 2 2703 1437 1 1908 2453 2 3178 1903 0
2460 2153 1 2207 2141 0 1714 2143 0 2640 1305 1 1242 2009 0
2869 1940 0 2409 2789 0 2464 2600 0 2225 2154 1 1472 1259 0
1723 2187 0 1183 1318 0 2756 2441 3 2347 2394 1 2863 2661 2
3800 2716 1 1968 1585 1 1708 1773 0 2038 2607 0 2313 2475 0
1387 2524 0 3365 3247 0 3222 2964 1 2233 1796 0 1716 1595 0
2738 3415 1 1260 949 0 4470 4107 0 1532 1920 1 3780 3160 0
1178 1220 0 2453 1692 0 1386 1563 1 1812 2339 0 3003 2952 2
2645 2337 1 1983 2475 1 2577 3426 0 2691 1981 1 2106 1946 0
2675 3001 0 1849 1284 1 2177 2598 0 2072 1659 0 1802 1923 0
2177 2940 0 3441 2565 0 1385 1815 0 2621 2334 1 1887 959 0
3197 3154 1 3080 1930 0 2270 2889 0 3696 3283 1 1104 1680 0
1470 2824 0 1358 1894 0 3327 1580 1 2546 2357 0 2173 2524 0
2248 2472 0 3908 3419 1 2450 2393 0 2363 2607 0 2174 2988 2
2722 2269 0 2602 3561 0 2144 2970 0 1781 1689 0 3207 2341 0
2276 2927 1 2591 2791 2 2204 2072 0 2355 1959 2 1705 1755 0
2908 3253 1 2304 1538 1 2670 1945 0 2108 2020 1 1042 2122 1
2101 1944 0 2705 2920 0 2413 2299 0 2153 2740 2 1963 1455 1
2404 2535 0 1738 1292 0 3236 3281 1 2324 2902 2 2652 2472 1
1441 1805 0 3204 2715 0 2047 2480 0 2978 1953 1 2325 3057 0
2714 2511 0 2890 3737 3 2069 1322 1 2643 1862 0 1595 2697 0
2873 3069 0 2059 1769 1 3124 3146 1 2903 3069 2 1567 1386 0
3288 3856 0 3959 3017 1 2837 2992 2 685 1549 0 2657 2621 1
2564 3427 0 2449 3146 1 1963 1228 1 1882 1334 0 3241 2556 0
925 1889 2 1766 2009 1 1332 1951 0 3303 2220 0 2855 2818 1
2223 1737 0 1853 2796 0 2797 2445 0 2741 2485 1 1969 2540 0
3224 2376 2 1773 2024 0 2833 3247 0 1634 2415 0 1718 1772 0
2896 3641 0 3546 3010 0 3053 3033 0 2369 2494 1 1161 1234 0
1557 1762 0 1960 1759 0 3375 3027 0 2513 2857 0 2168 2513 0
2081 2740 0 1224 1061 0 3044 2142 0 1757 1576 0 2307 2478 1
2648 3487 0 2466 2172 0 3080 2885 1 3045 2721 1 1701 1956 1
2088 1670 0 2624 2741 1 2576 3236 1 1441 2701 0 2545 1289 0
1476 1270 0 1072 1072 0 2845 2792 1 2612 3022 1 2558 1949 0
2220 2006 1 1979 3002 0 2542 2224 0 2429 2104 1 1882 1634 0
1476 1259 0 3091 3034 2 2060 3217 1 2138 2386 2 2464 1720 0
4244 3491 0 1828 2757 0 1927 2143 0 2945 2410 1 1810 2228 0
2145 1978 0 690 728 0 2306 2177 0 1583 1461 0 1533 2643 0
2613 1751 0 1695 1563 0 2474 3431 0 2866 2556 0 1528 2411 0
3121 3400 1 3206 3160 1 1911 2190 0 2990 2587 0 2287 1944 1
1812 2134 0 2169 1686 0 950 1753 0 2985 3330 0 2130 2014 2
3406 3086 2 2879 2983 2 1468 1116 0 2417 2699 3 2432 2999 1
2841 3298 2 2702 2386 0 2755 3380 2 3101 2260 0 1868 1864 1
2389 2766 0 2325 1601 0 2922 2900 0 2872 3056 1 1702 2331 0
2244 1911 0 1989 1969 0 2545 2362 0 2122 2682 0 2872 3081 1
1910 2083 1 1110 1469 0 1798 1052 1 2673 2953 0 2226 2414 0
2547 2375 1 2524 2145 0 1893 2267 0 2320 2864 1 2168 2240 0
2580 1974 1 2496 2224 0 2462 2674 0 2306 2362 3 2177 2788 0
3438 3213 2 1450 2161 0 2547 2641 2 2220 1713 1 2833 2096 0
2175 2854 0 2722 2300 2 1835 1299 0 2446 3345 0 1984 1880 0
2906 3513 0 2637 2616 0 2353 1712 0 3276 3199 0 2349 1982 1
682 1120 0 2671 1728 0 2080 1643 1 2120 2641 2 3083 3904 4
1817 2012 0 2084 1815 0 2354 837 1 2453 3129 4 1479 2106 0
1738 2344 0 2181 1809 0 2417 2930 1 2714 2622 1 2367 1742 1
2183 1845 0 2370 2440 0 2311 2720 1 1832 1933 0 2662 2045 0
2545 2315 0 2615 2650 0 2211 1547 0 1801 2995 1 2433 1729 1
1981 2140 0 2244 2550 2 2085 1784 0 3367 1650 1 1543 2939 1
2518 1693 0 975 2740 0 1879 1673 1 1430 2101 0 3516 2499 1
2139 2667 4 2297 2604 1 2822 2176 0 2050 1458 3 2077 2822 2
2573 2552 0 2530 2372 1 2294 1510 0 2158 2448 0 1685 2242 0
2944 3445 2 3976 3912 0 3167 2943 1 1638 1434 0 1846 1781 0
1599 718 1 1934 2385 0 3035 2825 1 1164 1682 1 1866 2202 1
3161 4364 2 3332 2958 2 1793 1960 0 3167 2733 0 2139 1293 0
2004 1340 0 2427 3200 1 3299 2561 0 1780 1244 0 2398 3384 0
1951 2289 0 2032 2116 0 1812 2504 1 2575 1421 0 2954 2813 1
960 1631 0 2869 2002 2 2724 2589 1 2967 3136 2 1125 1544 0
2446 2856 0 2287 2915 1 986 969 0 3014 2175 1 2596 2423 0
2146 2884 0 1879 2506 0 1856 1456 0 3331 2936 2 1424 1830 0
3112 3016 1 1212 1856 0 2325 1519 0 2005 2923 0 2720 2432 0
1925 2043 0 1446 1585 0 2947 2231 2 1877 1912 1 2759 2931 3
2748 2051 0 1735 1691 0 1053 1582 0 1724 1711 0 2598 2961 2
2480 2284 0 2371 2658 0 1907 2074 1 3367 2780 2 1944 2150 0
2604 2849 0 2373 2114 3 2329 2302 1 2704 2730 1 1705 1814 1
1875 2710 1 1164 1344 1 2212 2637 1 3389 3213 2 3150 2767 3
2631 2725 2 3598 2789 3 2941 2807 0 3631 3034 0 1276 2145 1
2948 1739 0 2648 3118 1 2081 2908 1 1599 1893 0 2289 2093 0
2181 2780 1 1590 2148 0 3685 3350 2 3049 1571 0 2723 3165 1
1096 1605 0 1924 1851 0 2193 2277 0 3633 3036 0 2696 2359 0
2162 2442 0 2839 3063 2 2543 2629 1 2778 2661 1 2338 2088 2
3541 2344 1 1437 2139 0 2265 1251 0 809 1805 0 3071 3431 2
1986 1676 0 2393 2269 0 1973 2519 0 1970 2295 1 2471 2242 0
2169 1851 1 2046 2152 0 1598 2526 0 2439 2514 1 1602 768 0
2354 2317 0 1937 1372 1 2955 3409 1 2326 2520 1 2155 2075 1
1707 1387 0 3080 2253 3 2032 2460 2 2396 2717 0 1738 2435 0
1822 3193 0 2677 2632 0 2381 1812 0 2257 1665 0 2122 1804 0
2027 2024 0 3444 3701 1 3333 2318 0 2533 3397 0 1657 1953 0
2497 2010 0 1697 2329 1 2868 2936 0 2328 2961 0 2266 1761 1
3056 2079 1 2623 2429 0 2655 2654 0 919 2222 0 2370 2268 0
2746 3192 0 1231 1145 0 2907 1658 1 3204 3544 0 1855 2242 0
2367 1652 0 3023 3680 2 1863 1745 2 1658 1835 0 2635 2247 1
2412 2346 0 1390 1416 0 4955 4539 1 2394 1783 0 2125 3019 0
1497 1514 0 2063 2376 0 2553 2535 1 2349 2221 0 2190 2315 0
2919 2981 1 2536 2355 0 2046 2199 0 3043 3049 3 1291 1364 0
1538 2107 1 2129 2122 0 2672 2338 0 2385 2790 0 2707 2447 1
2381 2631 2 1758 2100 0 3320 2956 1 2673 2348 1 1243 2031 0
2107 2616 1 734 1750 0 1447 1540 0 2215 1871 0 2581 2123 1
2881 2824 6 2789 2564 0 1055 2128 0 2090 1864 1 2525 2125 0
2372 1879 0 2325 2140 0 1986 2334 0 2058 2405 0 2342 2946 1
2655 2272 0 2043 2243 0 3366 3579 0 1841 1922 1 2533 2436 0
2460 3495 0 1986 2624 1 2218 2717 0 3539 1486 0 1454 1325 0
2678 3034 2 1796 2503 0 2741 2326 0 2743 2899 0 1597 1019 0
1743 1253 0 886 1986 0 2318 3465 2 3032 1930 2 3013 2185 2
1367 998 0 2610 1957 0 2879 2862 0 1368 1098 0 2614 3735 0
2451 1682 0 2850 3192 2 2494 2528 1 2408 3102 1 3351 2775 3
2503 2735 1 1883 2365 0 3256 3195 2 1728 2259 0 3311 2569 1
2613 2460 1 2546 3462 1 2340 1789 0 1965 1826 0 2217 2500 0
2033 2264 0 1663 819 0 1677 1704 0 1676 1957 0 2330 2538 0
2395 1812 1 1720 2221 2 3078 3019 1 2193 2330 0 2168 2528 0
3336 3175 1 2531 2178 0 2764 3500 2 951 1470 0 2533 1702 1
1904 1364 0 1971 2665 0 2213 2330 0 1730 2299 1 3248 2665 3
2286 2416 2 1487 1852 0 2940 2941 1 2119 1934 1 1809 1488 0
1373 1193 0 1977 2291 3 3723 3595 3 2324 2061 1 1396 1837 1
1970 1291 0 1944 2200 0 1503 1218 0 2322 2641 1 1270 1727 0
2560 2462 0 2770 2152 0 2118 2361 0 2608 2999 0 2554 2541 0
1782 2429 0 2505 2223 0 2465 2600 0 1147 1068 0 2643 2282 2
1962 2478 1 3801 2144 0 1617 2354 0 2508 3060 1 2544 2169 1
2112 2223 0 2325 2538 0 1668 2159 1 2849 2089 4 2691 2905 1
2674 2362 0 1256 2313 0 2751 2217 1 2007 1301 0 2401 2869 0
2833 2779 0 1101 1577 0 2535 2690 0 3226 1946 0 2029 2333 1
1708 1011 0 2881 2828 0 2276 2344 1 1700 1333 0 2902 3735 1
3928 4277 5 2477 3294 1 2547 1938 1 2233 2298 1 2236 1652 0
2806 2806 1 1507 1556 0 2581 2748 0 1579 1726 0 2909 2225 0
2385 3249 1 2333 2060 2 1628 1380 0 3204 2508 0 1086 1497 0
1113 965 0 3682 3253 1 1592 2451 0 3696 2794 0 2180 2100 0
1480 1679 0 1996 2178 0 3138 3524 0 2151 2087 0 3635 2862 0
2195 2562 0 3005 2516 0 3075 2359 0 2882 3290 0 3156 3434 0
2221 1647 2 2662 2662 2 2730 2332 2 1579 2244 0 2183 2366 2
2264 1964 1 2384 2839 0 2290 1844 2 2111 2932 2 2586 2176 2
3244 3393 0 991 1330 0 1699 2576 0 4256 2940 0 2326 2149 0
3061 2705 0 4043 4058 2 2670 3052 0 1200 1422 0 1706 1945 0
1868 2591 0 2376 2876 0 2714 2408 1 3321 3081 2 1396 1037 0
1895 1993 0 2024 1600 1 2259 2730 1 2901 2830 4 2211 2540 0
1141 1117 0 2015 2895 0 1770 1673 0 3258 2358 2 2439 2463 1
1808 2736 0 1441 1334 0 2442 1609 1 2504 1825 0 2072 2644 0
1724 1830 1 2775 2715 0 2324 3209 1 2938 2908 1 2797 2410 0
1516 2040 0 2443 2606 0 2764 2141 1 2320 2308 0 2333 2749 1
1516 1608 0 1674 1227 1 3319 2729 3 1508 2507 0 2010 2337 1
3390 2428 0 910 1764 0 2359 2636 1 2399 2746 1 1345 1511 2
2763 1980 0 2571 3008 1 2605 2867 2 3164 2251 1 2267 3440 0
2855 2300 0 3336 3498 1 2041 2037 0 2291 2732 1 2949 2902 0
2301 2208 0 2330 1354 0 1210 1147 0 2613 2635 1 1939 2960 1
1988 1072 0 2129 1925 0 3106 3743 2 923 1593 1 2593 3042 0
2163 1507 0 1874 2368 1 1246 2956 0 2366 1474 0 2526 1871 0
3350 2351 0 1938 2535 1 1370 2070 1 1692 1257 0 2508 2614 1
1941 2825 0 2667 2256 0 1849 2069 0 3273 2392 0 1576 2286 0
4207 3496 3 2969 2802 0 3187 2935 1 2200 3560 1 1383 1611 0
2632 2910 0 2578 2539 0 2756 1576 1 2241 1682 2 1339 2441 0
3155 1481 0 1946 2112 2 1381 1383 2 1944 2668 2 2198 2683 2
2791 2423 1 2718 2284 0 3538 3459 0 2128 2644 0 1846 2132 0
1269 1145 0 2287 2315 1 2142 1680 0 1979 2345 2 2008 1908 1
2087 2410 0 2515 2531 2 1666 1144 1 2552 2804 0 2274 1870 1
1638 3002 0 2527 2825 0 3293 2598 0 2237 2191 0 2932 2392 0
3800 4187 0 2594 2542 0 2195 1959 0 2759 2560 1 1277 1503 0
2056 2009 0 2567 2120 0 1735 1596 0 3176 2101 1 2171 3337 1
3386 2801 2 1386 1570 0 2067 2820 2 1229 2266 1 1747 617 0
2954 2686 3 2244 1999 1 3163 3184 2 2117 2650 0 2411 2879 1
3114 2632 0 1934 2242 1 1813 2213 0 3313 2898 1 1812 2018 0
2265 2046 0 2336 2135 0 1743 1757 0 2631 2482 1 2658 3167 0
3091 2865 0 1492 2165 0 3098 3021 1 1686 1429 0 3072 3074 1
2601 3434 1 3159 1835 1 2466 2463 1 1371 1500 0 2180 2626 1
4145 3984 1 2074 1964 1 1787 1982 0 2439 2391 1 2746 3084 0
1937 2153 0 3548 2573 0 3045 2610 2 2362 3028 1 2178 2607 0
1369 1365 0 2773 2538 0 2366 2581 1 2056 2303 0 2751 2902 1
2655 3680 1 2052 1646 1 1714 1432 0 2358 2160 1 3050 2975 2
1611 1716 1 2321 2280 0 2062 1644 0 2741 2094 0 1678 1995 0
1660 1232 0 2175 2640 0 2385 2648 1 2469 2931 0 2601 1950 0
3295 2247 2 2404 2461 1 2580 2240 0 2306 2079 0 1214 2501 0
2353 1906 0 1922 2233 1 3214 2226 1 2357 2974 1 2127 2824 1
2904 3177 0 3175 3342 0 2213 2182 0 2048 2491 0 2120 1787 0
2231 2036 0 2321 2535 0 2784 2786 0 1561 1774 0 3313 2806 0
2500 2656 0 1558 2202 0 2469 1441 1 1737 1916 0 2310 1931 0
2032 1761 0 3031 3157 0 3402 2793 0 2178 3021 1 2535 2740 3
2124 1282 0 2764 3403 0 1993 2281 1 2335 1936 0 1328 2172 0
3367 2946 0 2412 2399 1 2322 2407 1 2043 2404 0 2545 1896 0
2124 2536 0 1642 1973 3 2785 2249 0 2222 2085 0 2018 2176 0
2836 3203 0 3691 3568 0 2538 2362 0 3148 2336 1 1838 2300 0
2603 1605 0 2232 3353 0 1941 1992 0 1070 1667 0 2701 1989 1
3950 2477 0 2107 2793 1 2141 2842 1 2225 1590 0 2201 2041 0
3832 3617 2 3313 3810 1 2284 2107 0 1277 1076 0 2955 2973 2
3431 3783 4 2258 2633 0 2937 2309 2 3205 1956 0 1315 2611 0
1863 2407 0 1184 1543 0 1580 643 1 3223 2505 1 1717 2562 0
1875 1773 0 2487 2780 0 2536 2879 0 2697 2324 1 1722 1823 0
2940 3453 2 2571 3070 1 2452 2165 0 2023 2358 0 2215 1604 0
2362 3471 1 1831 2660 1 3117 2032 0 3525 2539 1 1069 1580 1
3002 2925 2 2069 3624 2 3234 1932 1 917 1283 0 2515 1693 0
2328 2351 0 3544 2940 1 3351 2724 0 2287 3241 0 1884 2301 0
2065 2578 0 3297 2882 1 3148 3031 0 2628 2319 0 2129 1859 0
2766 2683 0 3033 2668 1 2736 3548 0 1878 2393 1 1662 1275 0
1804 1945 0 3311 3257 1 2365 3053 1 2403 2196 0 2727 2372 0
2194 1365 0 2153 2454 0 2438 2805 0 1462 2323 1 3148 2954 0
1415 1711 0 1863 1603 0 2065 1859 0 2427 2847 1 2946 2417 0
2792 2197 0 2119 2236 1 1211 1351 0 2769 2334 0 2462 3529 0
2507 2599 0 1157 1951 0 2824 2733 0 1392 1471 0 2976 1908 0
2714 1906 1 2017 2676 1 1767 1934 1 2897 1934 0 2305 2445 0
2944 2300 0 1872 2370 0 1750 1446 2 1850 1556 1 2154 2632 1
3292 3170 0 1649 1188 1 1867 2517 0 2514 2097 0 2558 2228 0
2975 2651 4 2025 3595 2 2735 2668 1 2880 1792 0 1750 1734 2
3128 1882 1 1524 1603 0 2222 2042 0 2000 2049 0 2077 3018 1
2871 2517 0 3047 2407 1 1485 1490 0 2372 2506 0 1791 2015 0
3429 3847 0 1742 1563 0 2682 2115 0 2448 2893 0 2464 2376 0
2185 2095 1 2176 1507 0 2162 2287 1 2230 2448 1 1711 2339 1
2460 2591 1 2423 2031 0 2630 2125 0 2564 2369 3 1117 1977 1
2102 1587 0 1984 2575 0 1743 3201 1 2213 1442 0 2740 2334 0
2119 2516 0 1884 2864 0 2023 2353 1 2655 1890 1 1805 1778 1
2900 4466 1 3868 3469 3 2421 2061 1 2298 2434 0 2225 1484 1
2895 3057 0 2045 1842 0 2236 2633 1 2480 2206 2 2295 2539 2
1294 901 0 2579 2527 1 2478 2248 1 1796 2116 0 2189 1964 0
2405 2763 0 1874 1597 1 2142 1998 1 2059 2643 1 2117 2517 0
1438 1930 0 2711 3283 1 2841 2583 2 1858 1201 0 3199 2869 0
3620 3747 1 2396 2879 0 2361 1683 1 3844 3200 2 1703 2287 0
1997 2190 1 2535 2679 1 2085 2121 0 3041 3195 0 2784 2346 0
1841 896 1 2874 2788 2 3123 3105 1 1391 2152 1 2221 2027 0
1664 2137 0 1966 1869 0 2495 2059 1 2276 2501 0 1775 2025 1
1029 1258 0 2102 2097 0 2077 2581 1 3508 3085 0 1500 1756 0
2432 2780 0 2245 2446 0 2367 2112 1 3048 2792 2 1681 1433 0
3510 3218 0 1508 1624 0 1806 940 0 2863 3137 0 1965 2769 0
2824 1865 2 857 938 0 1595 1271 0 1964 2969 2 1691 2703 0
3529 2620 0 2856 3045 0 2420 3315 0 1895 1385 0 1653 2359 0
2993 2420 0 2710 2803 1 2243 2848 0 2120 1948 2 2149 1420 1
2825 1269 0 2111 2216 0 3719 3703 2 2200 2345 0 1099 2826 0
1855 1417 0 1437 1014 1 2778 2133 0 1525 2350 1 1566 2307 0
2354 3112 1 2565 2451 1 1582 1659 0 2548 1808 1 2066 1958 0
2577 2565 0 1749 2179 0 1481 1398 0 2136 2086 0 1895 2095 1
1226 2393 0 1771 1975 0 2704 2760 1 2827 2589 0 2468 1567 0
2136 1424 0 2506 2621 1 2244 2157 1 2138 2210 0 2576 2931 2
2322 2092 0 1552 1411 0 2522 2265 1 3316 3691 1 1906 2201 0
2282 2185 3 2981 2557 1 1614 1670 0 1290 1642 1 2564 2665 1
1954 2487 0 1831 2291 1 2305 1522 0 2069 1664 0 1934 2182 1
1960 1089 1 1628 2286 1 1473 2446 1 2453 2259 1 1982 1786 0
1960 2240 0 2119 2651 0 1305 894 0 3712 3402 0 2974 3095 0
3244 3358 1 2157 3020 0 1354 1076 0 1825 2638 0 2895 1764 0
2156 2246 1 2150 2976 2 2089 1798 0 2732 3065 2 2381 1785 0
4216 3264 0 2423 2623 0 1965 1536 0 1488 3193 0 2807 2648 0
1903 1865 0 2907 2588 1 3376 2705 1 2131 3322 1 1347 1309 0
2242 2721 0 1829 1797 2 2352 2018 0 2519 1861 0 2199 2686 2
3004 2035 2 1676 2164 0 2330 1783 0 2765 2642 0 1887 2695 0
2577 2766 0 2304 2861 1 1770 1611 0 2264 1681 2 2510 2672 0
2576 1803 0 1358 1406 0 1926 2351 0 2666 2521 0 1518 2568 0
1599 1812 0 2861 4010 1 2238 2269 0 2529 2546 1 2801 1827 2
3755 3540 0 2588 2608 0 3245 3248 0 2053 3003 0 1910 1666 0
2810 2552 1 1325 1809 0 3567 3391 1 3205 2296 0 1103 1957 0
2804 2617 1 1626 2346 1 2809 3012 0 2401 1912 1 3028 2867 2
3056 3095 2 2210 1993 1 2276 2744 2 2738 2420 2 1962 2046 0
3015 3270 0 1718 2209 0 3406 3032 0 1566 1916 1 2689 2165 0
4297 2475 0 2602 3104 2 2617 3143 0 2028 2079 2 2122 2658 1
3041 2932 0 3121 2614 1 2672 2221 0 1358 2230 0 1921 2334 0
2067 2553 2 3563 2456 1 2496 2416 0 1954 2344 0 2686 2453 1
2629 1692 1 1398 1631 0 1157 1803 0 3151 3323 2 2028 2534 1
1961 2017 0 2631 2477 0 2296 2366 0 2084 1833 0 2095 2561 0
2843 3470 0 1552 1669 0 3467 1857 0 2151 1946 0 2332 3545 0
1676 2800 0 2301 1901 0 3437 3107 0 3562 3569 1 2701 2364 0
2318 2430 0 1323 1342 0 3522 2966 1 2603 2690 1 1970 2343 0
2756 3391 0 2818 2980 0 2263 1778 0 2441 1735 0 3039 3292 1
2656 2548 1 1901 2026 0 3664 3707 2 2100 2004 1 2620 2759 0
2889 2574 0 1385 2034 0 3109 3221 0 2161 2261 0 2976 2669 2
1999 1401 1 3762 2627 1 2753 3333 0 2619 3797 1 1424 1490 0
2916 2777 1 3191 1587 2 3213 2854 1 1734 2199 1 1909 2522 1
2549 2978 1 1713 1802 0 1949 2229 1 2022 1665 0 2849 2757 0
2102 2364 1 2453 3448 2 2668 2589 0 2058 1746 0 2432 2270 0
3248 3096 0 2359 2532 0 2812 3317 1 2201 1954 1 2284 1803 0
1752 588 0 2070 2492 1 1902 1487 0 1695 2755 2 1587 1550 1
1843 1832 0 1895 2026 1 2734 3101 2 3378 3194 1 1331 1139 0
2011 1759 2 2381 1926 1 1654 1567 0 2728 3066 0 2788 2923 0
2221 2208 0 2510 1941 0 2227 2109 0 1123 1809 0 3042 2957 0
2189 1838 0 2115 2818 0 2708 2548 1 1867 1445 0 2203 2635 1
2144 2610 0 3729 3449 1 3304 2831 1 2016 1611 0 2038 2334 1
1613 1796 0 3262 2105 0 1467 1324 0 2192 2144 0 2633 3523 0
1024 1493 0 2066 1077 0 3349 3421 2 3473 2979 3 1910 2626 0
3079 3106 0 2917 2704 1 3014 2555 0 2291 2181 0 2591 2918 1
2417 2691 0 2934 2068 0 2088 2279 0 2803 3340 0 2379 2054 0
1696 1730 0 1482 1627 0 1806 2709 0 2172 2291 1 2103 2113 1
2175 2348 0 3419 3208 1 2612 1666 0 2329 2426 1 1333 2531 0
1587 1847 0 1837 1415 0 1156 1513 1 2601 3307 2 3566 2515 1
2575 2519 0 2367 2757 0 2642 2183 0 2252 2501 0 2436 2048 0
2401 2416 1 2745 2601 0 2240 1940 0 1800 2204 1 2259 2349 0
3010 2798 0 3338 3446 0 2677 2546 1 1800 1633 1 2820 2631 0
3320 3266 3 2221 2355 0 3301 2538 0 1234 1667 0 3031 3622 0
2941 3250 1 2449 2764 2 1990 1613 0 2175 2230 1 2703 2498 1
1994 1624 0 2196 1658 0 2142 2824 1 3424 3130 1 2570 2507 0
2337 3661 1 2632 2411 1 2547 2479 1 2451 2132 0 1863 1409 0
2010 2248 0 1803 1144 0 1480 1868 0 2322 2260 1 2146 2556 0
1722 1866 1 2162 2437 0 2191 2493 0 2081 2535 1 1943 840 0
3225 3073 1 3374 2780 1 2280 1801 2 1314 2248 0 2333 2464 0
3086 2128 0 1890 2177 0 1234 2201 0 2557 2552 0 3133 2978 1
2477 2594 0 2056 2783 0 2412 3672 0 3080 2230 1 2015 1461 0
1258 1445 0 1857 2300 0 2973 3073 0 1816 1041 0 1435 1505 0
1653 2154 0 2776 2792 0 2846 2152 0 1749 1656 0 2667 2735 0
3009 2116 0 1967 1489 0 3067 1911 0 1947 2892 0 1661 2606 0
2320 2077 1 2479 2879 0 1879 1365 1 3124 3398 0 934 1315 0
1526 2799 1 1995 1942 0 2078 1455 0 2679 3260 0 2907 1539 0
3037 1940 2 2493 3003 2 1686 1498 0 2031 3081 1 1047 1488 0
2948 2389 0 744 410 0 2954 2794 0 1908 2765 1 2428 2634 0
2257 2426 1 1869 2139 0 2708 2628 1 2585 2094 1 1490 1706 0
2314 2524 1 2848 3217 0 2943 3392 2 1958 1758 1 2259 1403 0
3424 3740 3 2654 3107 0 2762 2956 0 2832 2550 0 2669 2295 0
1588 2493 0 2525 2637 1 2832 2549 1 1495 1877 0 2597 1998 2
2615 2640 1 3005 2466 0 3143 3000 2 2127 2954 1 1561 1274 1
2297 1827 0 1797 1431 0 1452 1670 1 1461 2223 0 2748 2359 1
2022 2270 0 2752 3183 0 2925 2734 1 2223 1705 0 2394 2406 0
1693 1546 1 3158 2166 3 1648 1894 1 2089 1837 1 2190 2901 1
3057 2837 1 1800 1730 0 2419 2985 2 2861 3039 1 2752 2551 1
1665 1479 0 2540 1857 0 2771 3497 1 1150 2772 0 3140 2256 0
4491 3658 0 2685 3010 0 905 1753 0 1245 1121 0 3631 3204 0
2937 1790 0 970 1470 0 1631 2773 0 3374 3807 2 2514 2027 0
1564 1106 0 1595 1844 0 1999 2201 0 2237 2368 0 3323 3259 1
2816 3086 0 2443 1568 1 3189 2803 0 2552 2672 0 2548 2853 0
1780 1641 0 3308 2127 2 2272 2769 0 2060 2417 0 2901 2751 1
1720 2074 1 1280 1967 1 1840 1608 1 1751 1665 1 2525 2097 2
3235 3371 0 2636 3521 1 2347 1955 0 2583 2270 0 2182 1611 0
1668 1677 0 2641 2499 1 1021 1556 0 2508 2529 2 2800 2435 0
2697 1936 0 1761 2124 0 2185 2856 0 2172 1096 0 2308 3224 0
2044 2295 0 2854 3118 3 2474 3018 1 2288 1471 0 1625 1815 1
2933 3696 3 3271 2542 1 1871 2640 0 2631 2511 0 2054 1779 0
2675 2960 1 2525 1863 0 3030 2188 0 1245 2157 0 2830 2783 1
2159 2782 0 2756 2506 2 2130 2361 1 2419 2282 2 1512 1135 0
1773 1929 1 2387 3111 3 2871 2615 2 3214 2366 0 2088 1867 1
1667 2841 1 2345 1683 0 3192 2501 0 2413 2583 0 2730 2361 2
2026 1785 0 1263 1689 0 3934 3888 1 2564 1880 0 2862 3014 0
1954 2499 0 2118 3215 2 2497 2481 3 2317 1399 0 2246 1611 1
2160 1903 0 3279 2582 0 1571 2982 1 2726 2514 0 1526 1640 0
3386 3866 1 2571 1257 1 2803 2823 0 1727 2291 0 2229 2283 1
1917 2054 0 2396 2220 0 1166 1078 0 2208 2385 0 3120 2772 0
1748 1947 0 2398 2335 1 2530 2003 2 3103 3728 2 1928 1874 1
1607 1451 0 2412 2391 0 1057 1263 0 1673 2235 1 3079 2938 0
2280 1979 0 2568 2213 1 1129 1632 0 1250 2479 1 2918 2242 1
1525 1960 0 3233 2546 2 3167 3706 3 2051 2415 3 2558 1274 1
1322 2049 0 2507 2001 0 3510 3206 1 1755 1725 0 2387 3145 2
2043 1924 1 3113 2205 0 2697 3548 0 1646 3262 1 2412 1609 1
1877 2714 0 1464 2081 1 2131 2056 0 2382 1810 0 2203 1580 0
2365 1961 0 2635 2501 0 2344 4082 4 2139 2178 0 3839 2946 2
2635 3192 1 1395 1778 0 3666 2298 0 1252 1370 0 2993 2927 1
2302 2280 0 1484 1668 0 2059 2725 1 2515 2848 3 2426 1762 0
1831 1769 0 3577 2706 0 2116 2970 1 1795 2617 3 1444 1014 0
1996 2252 0 1658 1613 0 2444 2272 0 1489 1445 1 2173 1845 0
3005 2717 1 1992 1693 0 2468 3235 0 1578 1928 3 2726 1714 2
2235 1734 0 1801 2349 1 3141 3133 2 2117 2265 0 1988 1790 0
2962 3040 1 3297 3486 0 1601 2105 0 2100 1921 0 2451 1913 0
3194 3418 2 2712 3587 0 1687 2087 1 2259 1049 1 1911 1928 0
2799 3164 0 2433 2918 0 1817 1763 0 2512 2473 0 2800 1521 0
2377 2532 2 2036 1682 0 2301 2161 0 2648 2636 1 3279 3259 2
2143 2103 0 3032 2717 0 2602 2147 0 2336 2885 0 2251 3045 0
1477 1493 1 2170 2120 1 1874 1541 0 2690 2612 0 2762 2857 0
2517 4113 0 2016 1560 0 2245 1588 1 2564 2275 1 2207 2195 0
1631 1889 0 2469 2413 0 1907 1818 1 2005 1603 0 2613 2763 3
1117 1200 0 1580 838 0 2241 2248 2 2091 2296 0 3792 4182 2
2638 2907 0 1868 2105 0 2181 1458 0 1953 2723 1 1864 1943 1
2830 2290 1 2423 1760 0 1964 1832 0 2262 3409 1 1319 1334 0
2659 3016 0 2558 2047 0 1524 890 0 3063 3349 0 2560 3159 0
717 1650 0 2405 3038 0 1378 1202 0 2542 2410 0 3806 2634 0
1415 1772 1 3063 3065 2 1361 1865 0 1952 2216 0 1947 1874 1
2881 2914 1 3184 2650 0 2259 3038 0 2338 1771 0 2399 2372 0
2687 2482 1 1829 1889 0 1554 1016 0 3030 3158 2 1510 1444 0
1627 2621 0 1150 1398 0 1815 1759 0 3249 2418 0 2602 2251 0
2979 3273 0 2215 3182 0 1164 1871 0 2426 1380 1 3101 2258 0
3003 2846 2 2250 3040 1 2052 2208 0 2649 2398 2 2026 1695 0
2438 3055 1 1681 2409 0 3416 2940 0 2300 1993 1 2243 1728 1
2315 2303 0 2918 2776 2 1288 1868 0 2507 1820 1 3153 3675 2
1283 1977 0 2493 2825 1 3131 2178 1 1927 2512 0 2820 2039 2
2591 2868 0 2955 2464 0 2258 2384 0 2389 2042 0 2282 2377 0
3037 2520 0 2056 2429 1 2840 3211 0 2438 1869 0 2616 2145 0
1386 1194 1 2248 2140 2 3634 3110 3 2541 3487 3 1996 2203 2
1948 1565 0 1610 1835 0 1489 1342 0 2148 1705 0 2282 2456 0
3041 2226 0 2457 2668 1 2523 2388 0 2754 2852 0 1972 2250 0
1590 2507 0 1959 2262 0 2120 2022 0 2849 1839 0 2582 2192 0
2629 3170 1 1325 1397 0 1693 1948 0 1904 2057 0 3060 2423 0
1708 1350 0 1371 1987 0 2112 2065 0 2170 1461 0 1809 2928 0
3308 2793 3 1526 1796 0 2158 1316 0 1652 2397 1 1475 2091 0
1794 1911 0 2985 2782 1 3343 3866 1 1739 1904 1 3080 2389 0
2402 1900 0 1945 1229 1 1890 2707 1 3046 3378 2 1788 1775 0
2176 2993 0 2428 2104 0 2158 1618 0 2864 2832 1 2338 2693 1
2848 2718 2 2685 4044 0 3844 2725 0 1864 1814 0 1870 996 0
1561 1563 0 903 1344 0 2740 3279 1 2202 3084 0 3572 2220 1
2782 2658 1 1138 1295 0 2293 2563 0 3368 2357 1 2064 2852 0
2957 2946 0 3485 3674 1 1604 1994 0 2721 2161 1 2206 2178 1
1879 1523 0 1922 2348 0 2647 2440 0 2288 2467 0 1968 2343 0
3325 1457 0 949 1518 0 1809 2806 0 1386 2205 1 3335 2882 0
1954 2044 1 3152 2787 1 2800 3258 0 2429 2336 0 2378 2291 0
2255 2397 0 2295 2163 0 2511 2582 0 1978 2299 0 1995 1752 1
3116 2371 0 2013 2005 0 2105 2984 1 2679 2648 2 1732 1751 0
3135 3125 0 2569 2907 0 2896 1782 0 2077 2012 1 2162 3188 0
2883 2684 0 3051 2434 2 1852 1909 1 2023 2654 0 1424 1938 0
1430 1579 0 1994 2259 0 2937 1774 1 1892 1601 0 2765 4321 1
2001 2083 0 2156 1533 1 1659 1665 0 2645 2815 0 2093 2619 1
1879 2681 0 2741 2421 1 1049 1182 0 3268 3547 1 3751 2296 0
1694 2122 1 2941 3196 1 2921 2849 0 2676 2677 0 2269 1443 0
1958 1967 0 2481 2207 0 840 921 0 1984 1448 2 2155 2426 0
3703 2716 0 3852 3542 1 2563 3454 2 2386 3405 1 1397 1449 0
2643 2002 1 2254 2858 0 3058 2817 0 2782 2545 1 1428 2109 0
702 1022 0 2186 2699 0 1990 1918 0 2935 2455 2 1379 1457 0
2691 2871 0 3572 3250 2 2263 1482 0 2029 2250 0 2229 2848 1
2417 2652 0 2594 1745 0 2777 2904 0 2433 2277 1 1838 2209 0
1433 1812 0 1338 2338 0 1664 1214 0 2820 2196 0 2229 2180 0
2868 1726 2 1644 2613 0 1551 2106 0 1504 1855 1 2356 1903 0
2540 2216 0 2550 2550 1 2445 3220 2 3214 2265 1 1694 2208 0
1885 2809 1 2451 3331 0 2404 1696 1 2995 2314 1 2326 1747 0
1908 3007 0 1801 1959 0 2323 2611 0 2801 2036 0 1364 1009 0
2279 2277 0 3131 2967 0 1760 1296 0 1218 1780 0 2682 2804 1
3496 2867 0 1547 1381 0 1131 2187 0 2456 2154 0 2567 2686 0
3145 3165 1 2996 2746 1 1766 2020 1 2491 2409 2 1597 2408 2
2103 1457 1 2600 3747 0 1664 1457 0 3492 3823 3 2661 2444 1
2298 2578 1 2064 2413 0 2996 2362 0 2886 2621 3 1684 1790 0
2173 2150 0 2188 2060 1 1061 1191 0 2216 1873 1 2268 2723 1
1837 1455 0 2432 2221 1 2316 2801 1 2348 2807 1 1657 1629 0
2599 2713 1 1834 1763 1 1692 1799 0 2219 2206 1 2187 2270 1
2368 3736 1 3507 2352 0 2453 2052 1 2488 2331 2 1683 1652 0
1348 1479 1 1155 3219 1 4021 1978 2 1744 1422 1 1253 1511 0
2924 2394 0 2105 1571 1 2422 2998 1 1458 1270 0 1834 2005 0
2975 1752 0 2328 2652 1 2728 3246 1 1636 1418 0 1751 1820 0
2373 2596 0 2700 2450 1 1904 2703 0 2058 1824 0 3037 2610 0
1984 1514 0 1124 2828 1 1869 1915 1 2076 1084 1 1979 2292 1
1325 2639 0 2230 1671 2 1957 1575 2 2742 2320 1 1278 1804 1
1778 2386 1 2131 2890 0 2902 2526 0 2074 1345 1 3623 2851 1
1912 1912 0 1213 1965 0 2195 2562 0 2423 2548 0 2373 1591 0
1851 1517 0 2500 2333 0 1821 2561 0 2143 2218 1 3360 3491 1
1782 2370 0 2117 1790 0 2100 1848 1 2036 3159 1 2636 1784 0
3087 2866 1 1989 2439 0 2496 3331 0 2414 1908 0 2320 2113 0
2688 1656 0 2004 2618 0 1853 1848 0 2799 2914 0 1650 2165 0
1482 1701 0 1950 1386 2 1143 1424 0 2904 2911 2 2407 2355 1
3170 3446 2 2868 3591 2 2793 1873 1 2758 2166 3 1854 2726 0
3086 2933 1 2865 2648 1 2434 1847 1 1860 2274 0 2275 3728 0
2532 3061 1 1958 2177 0 2879 3139 0 2317 1168 1 2247 2141 1
1921 2687 0 3473 2826 0 2194 2226 0 2722 3280 0 2920 2755 1
2961 2036 0 2544 2719 1 2370 3396 0 1765 1948 0 2750 2202 2
2106 2218 0 1553 2405 0 3299 2848 1 2208 2047 1 1481 2042 0
2058 2476 0 1784 2123 0 2652 1876 1 2728 2411 1 2294 2615 1
1969 2043 0 2704 2780 1 1847 2829 1 1596 1483 1 3737 3068 0
2266 1385 0 2973 3869 2 1362 1577 0 3670 2648 0 1173 2156 0
2598 3042 1 1777 1996 1 2643 2023 0 3055 3055 1 2244 2467 1
1518 1585 1 1492 1480 1 2912 3243 0 2660 1994 1 1836 2617 1
2526 2669 0 3136 3833 2 1427 1551 0 1757 1875 1 2386 1713 0
1750 1596 0 1421 1974 0 2324 2178 0 1756 2312 0 3058 2523 0
2788 2892 0 3889 2756 1 2475 2612 1 2574 3195 0 1247 1740 0
782 1202 0 2474 3493 2 2261 2360 0 3367 2322 1 1905 2051 0
2684 1935 2 1177 1717 0 2650 2477 1 1704 1869 0 2975 2888 2
2362 2767 0 1956 2422 0 2405 2737 0 2374 2184 0 2660 2322 0
1832 2601 0 3065 2779 0 3155 2616 0 2205 3440 1 2049 834 0
2534 3809 0 2927 2460 0 2481 2166 0 1461 1449 0 3270 2953 0
2187 1821 0 2075 2925 0 2118 2207 0 2295 1805 0 3135 2689 0
3504 3328 2 1567 1673 0 2058 2379 0 2655 2524 0 2484 1819 0
2846 2308 2 2752 2542 1 2050 3221 2 2023 1813 0 3353 2872 0
1609 2333 0 2739 2154 0 1646 2112 0 2835 2278 0 2639 2605 0
2653 2148 1 3013 2779 0 1865 2296 0 2433 2535 1 2288 2364 1
2883 3287 0 1994 2306 0 1648 1774 0 2420 1997 2 1962 1736 0
3161 2399 2 2974 2237 0 964 1824 0 2158 1807 1 2161 2497 1
1636 2658 2 3171 2300 1 2306 2389 0 2514 2269 1 2616 2158 1
2623 2995 2 2685 2360 1 2065 1973 1 2670 1662 4 1654 2181 1
2952 2267 0 1614 2514 0 1823 2502 0 3138 3470 1 2198 1185 0
2194 2219 0 2376 1879 0 2928 2823 0 1524 1719 0 2502 2807 0
1317 1949 0 3466 2491 1 835 2170 0 1973 1689 0 3030 2898 0
3025 3245 1 1667 1308 0 2734 3115 0 2570 3006 1 2047 1453 0
1938 2820 2 2095 2249 1 2504 1927 1 2625 3298 1 1775 1477 0
2781 1675 0 1739 3598 1 2370 2341 1 2736 2034 0 1996 2276 0
1879 2230 0 2252 1876 3 1130 391 0 2377 3071 1 2249 2603 1
2621 3497 0 3794 3612 2 1954 2226 1 3308 2547 1 1233 1557 1
1609 2124 1 3447 2996 0 2905 3034 0 2603 3185 2 1921 1203 0
2833 3249 1 1211 1415 1 3341 3415 1 1786 2027 0 2365 2294 1
1732 2711 0 1646 1349 0 3264 3228 1 1855 1817 1 2161 2089 0
1573 2056 1 1729 2129 1 2403 1655 0 1461 2424 1 2531 1944 0
2296 2679 0 1804 2059 0 2046 1892 0 2067 2781 2 2896 1816 0
1381 1870 0 1934 1972 0 1051 924 0 2196 2883 0 3778 2796 0
1732 1624 0 2660 2880 3 2682 2788 2 2187 2489 3 2174 2003 1
2496 3088 2 1333 1922 0 2985 2196 1 1644 1496 1 1959 1967 0
2049 1385 0 1267 2055 0 2446 3129 0 1976 1434 0 2949 2336 1
1228 1751 1 2705 2301 0 3106 2492 1 1923 2197 0 1845 2172 3
2033 2033 0 2075 1846 2 1629 2504 0 1795 1979 2 2757 2382 0
1745 2413 0 2604 2721 0 3562 2849 0 2449 3039 0 2675 2394 0
2307 3061 0 1689 1913 1 1733 1235 0 1880 2599 0 2762 2360 1
2639 2834 2 2659 3779 1 3163 1813 1 1492 1373 1 1687 1856 0
2329 2413 0 1444 1469 0 1812 1770 0 2864 2860 1 1488 1620 0
1734 2283 0 2698 2586 1 3875 2988 1 2009 2865 1 2382 2779 0
2668 2967 1 1986 1469 0 3430 2825 0 1668 2109 0 3135 3312 1
2122 2436 1 1413 1659 1 2687 1867 0 2149 2351 1 1270 1889 0
2507 3428 2 2220 2524 0 2821 2506 0 2622 2104 1 1386 970 0
2724 2540 1 3108 2420 1 1723 1608 0 2193 2751 2 2180 2577 2
2892 3052 1 2564 3241 2 2321 1960 1 2533 1909 0 2469 2210 1
3267 3006 2 1993 1211 0 2573 2786 1 1745 2691 0 1893 1834 0
1875 1800 1 2219 1235 1 1298 2755 3 2594 2632 0 2066 1962 1
2001 1158 1 2144 2357 1 1112 1204 0 2590 2242 1 1655 2500 0
3231 2649 2 1713 1617 0 1230 1886 0 1906 2088 0 2228 2198 2
1559 1670 1 2241 2676 0 1140 1589 0 2929 2531 0 3688 3156 0
2314 2895 2 1432 1944 1 1966 2038 1 3777 2523 1 2106 2339 0
1478 2132 0 1728 2230 0 3097 2454 0 2834 2099 0 2723 2512 1
2254 1988 0 3067 1715 0 1151 1936 0 1859 2469 3 1594 1950 0
1840 2338 0 2830 3514 0 2649 1910 0 2055 1471 0 3116 3531 0
1694 1520 0 2010 1946 0 2386 1883 1 3400 2903 1 467 1524 0
1099 1521 0 2104 2400 0 2457 2287 2 2773 2043 3 1809 2590 1
2812 2193 2 2006 2564 1 1571 2132 1 2403 2673 0 1624 1801 0
2139 2422 0 3395 3455 1 2044 2150 0 2405 2213 0 2992 2507 0
2346 2382 0 1825 1720 0 2966 3642 3 2507 2203 0 1686 2059 0
2663 3131 1 1455 1496 0 2477 2169 0 2688 2575 0 2360 1882 0
1460 870 0 2875 2837 2 1246 2111 0 2129 2076 0 2760 2504 1
2858 3079 0 2382 2717 0 1997 2214 1 2593 1915 0 1992 1776 0
2519 3105 1 1307 2538 0 2609 2181 2 1856 1783 1 2778 1967 1
2884 3154 1 2811 3509 0 4199 3785 2 1896 1800 0 2156 1876 1
2302 2058 1 3039 2844 3 2547 2937 3 1277 1760 1 1738 1719 0
1705 1620 0 1842 2742 0 3229 2532 3 1776 1831 0 1557 1603 0
1615 2012 0 1675 2197 0 1990 1595 1 2218 1890 0 2167 1765 0
2403 2078 1 1807 2392 0 2715 2377 1 1959 2489 2 2376 2035 0
1719 1101 0 1512 1776 1 2757 2823 2 2875 2814 1 2056 1963 0
974 1520 0 1915 1751 0 2087 2466 0 2402 2190 0 4148 3806 0
2319 2435 1 2832 3155 1 1625 1834 1 3314 2536 0 1606 1811 1
1739 2743 0 2712 2486 0 1642 1719 0 3058 2350 0 2153 2087 0
3256 3730 2 3542 2993 0 2196 2312 1 2286 2461 0 2045 1773 0
2202 2563 0 2304 1770 0 1534 1775 0 3697 3943 1 1960 1592 0
2076 1585 0 2129 1827 0 2435 2306 1 1664 1411 0 2862 3367 0
2257 3195 1 3970 3415 0 2774 2178 0 2199 3057 1 2748 2407 0
1137 1969 0 1667 1376 0 3054 2400 0 1267 1705 0 3178 2865 0
2398 2299 0 2075 2145 2 2988 3184 1 2976 2535 0 1526 1889 0
1355 1148 0 2484 3000 0 2659 2332 0 2032 1586 0 2459 2678 0
2085 1778 0 2111 1791 0 1710 1617 0 1629 2261 0 1870 1997 0
2268 2208 0 3312 2752 0 2328 2022 1 2934 3314 0 2142 2811 0
2775 3218 0 2142 1871 0 2147 2873 1 2650 2072 0 2642 2783 1
3279 2918 0 2757 1703 1 2585 3217 1 2032 1906 1 1773 2084 0
1377 1769 0 1710 3252 1 2792 2157 1 3217 1404 0 1169 2291 0
2508 2793 1 2849 2407 0 1796 2218 0 2325 1963 1 1980 2318 1
2850 2439 0 1826 1388 0 2268 1822 0 2546 3449 0 1886 1904 0
2522 1734 0 1773 1523 0 2240 4106 0 3414 2713 2 2120 2013 0
2023 2809 0 2384 4127 2 2557 2139 1 3269 2126 0 2750 1636 1
1867 1834 0 2442 2654 1 1694 1287 0 2737 3785 1 1887 1780 1
2466 1606 0 1663 2010 0 2418 2670 0 2613 2670 0 1902 2002 1
1882 1775 0 2336 2015 1 2073 2863 2 2496 1713 0 2249 2366 0
2978 3082 0 1261 871 0 1467 2182 0 2263 2617 2 2198 2025 2
2302 2190 1 2473 2669 0 2546 2434 1 3120 2360 1 1983 2618 0
2602 3585 0 2652 2500 1 2584 2092 1 3254 3031 1 2119 2586 0
2317 2966 0 1920 2103 0 1719 1699 0 1974 1928 1 3101 2448 0
3340 3259 1 2178 2409 0 2043 2315 0 3389 3033 1 1561 1509 0
2709 2312 0 2435 2421 0 1404 1822 0 2862 2175 0 1608 2417 0
3084 3463 0 3236 2868 0 2467 1845 0 2059 1974 0 1923 2787 0
3207 2396 0 2566 3840 2 3962 4091 1 1538 1044 0 1662 1589 0
2819 1583 0 1806 2685 0 1528 1858 0 1686 1368 0 2302 2894 2
1737 2600 2 2420 2288 1 2116 2092 0 3364 2405 1 1568 2237 1
3569 3667 0 2017 1415 1 2177 2396 0 1904 2467 0 2319 2222 0
2722 2556 0 2595 2270 0 1097 1773 0 2436 1634 0 2251 2541 1
2240 2482 0 2183 1579 1 2176 2325 0 3403 3794 0 1561 1829 0
2453 2244 0 1481 2229 0 2654 1660 0 2832 3437 0 2264 1724 0
1548 2181 0 2784 2041 0 2464 1415 0 3189 3666 1 2159 2438 0
2014 2521 0 2934 3007 1 3377 2374 0 1964 1924 0 3042 2940 2
3590 2880 0 1719 2344 0 2382 2517 0 2260 2394 1 1982 2056 0
2196 2020 0 2528 2488 0 2001 1962 0 1608 2040 0 2796 2967 1
1013 2096 0 2159 2976 0 2934 2171 1 2437 2027 0 1531 1389 0
2375 2326 0 2461 2450 1 1894 2546 0 1913 2101 0 1813 1531 0
2248 1618 2 1823 1590 0 4193 3795 2 2165 3124 0 2361 3142 1
3348 2894 0 3036 2095 0 2591 3002 0 1650 1986 0 1776 1725 0
3736 3761 1 1651 1231 0 2643 3063 0 2521 2519 1 2411 2983 0
1418 1790 0 2154 2324 1 2988 2210 1 1226 1149 0 2409 2481 2
2855 3344 0 2097 2157 0 2416 2822 0 1835 1288 0 2078 1911 0
1635 1518 0 2754 2441 2 2368 3100 0 2830 2313 0 2405 2972 0
1621 880 0 2155 1258 0 2002 3426 0 1566 1068 0 2507 3446 1
3062 1592 0 2020 2211 1 1902 2545 0 2790 2742 0 2100 3257 2
2641 2088 0 2264 3600 2 2194 2164 0 1200 1511 1 2962 2157 0
2168 2239 0 1751 2102 1 1996 2806 2 1927 2156 2 2334 1536 0
2644 1509 1 2448 2331 0 1713 2312 0 1801 2507 0 2074 2452 1
3060 3238 1 3566 2737 1 1675 1577 1 2765 2915 0 2625 2131 1
1899 1602 0 2858 2643 0 1873 2389 0 2222 2720 0 2206 1778 0
2768 3522 0 3457 3076 1 2137 2295 0 2377 2199 0 2188 1666 2
3031 2680 1 3112 2381 0 2170 2089 3 1818 2621 0 3012 2829 1
3061 2218 2 1729 2301 0 2581 2690 0 1151 1922 0 2476 2866 1
2472 2396 0 2561 2405 0 2168 2847 0 1527 1608 0 2723 2895 0
3559 2339 0 3149 4504 0 2522 3145 0 3102 2405 0 2753 2403 0
2720 2665 1 1088 2224 0 2884 2527 0 3025 2263 0 2497 2301 1
1908 2467 0 2429 2691 0 2619 3053 0 2349 1611 0 3273 2908 0
1807 2333 0 2229 1734 0 2435 2919 0 1966 2050 0 2618 2696 0
3468 3870 1 2503 2907 0 3391 2790 1 2216 2783 0 2235 1706 0
1986 2281 0 3809 2686 1 1789 2164 0 3152 3141 1 1631 1551 0
3284 3803 0 3498 3836 0 1645 1952 0 2709 1905 0 2754 2561 0
2174 1741 0 1604 2008 0 2635 2310 1 1767 2129 0 3313 3433 1
2487 1823 1 1411 1442 0 3072 2183 1 2488 3092 0 1487 2214 0
2856 1634 0 2552 2164 0 2433 2973 0 2461 3074 0 1638 2276 1
3335 2781 0 2270 2530 0 3141 2916 0 1715 2040 0 2516 2922 0
2193 1982 0 2474 2716 0 2633 2894 2 1432 1641 1 2160 1859 0
1873 1434 2 1978 2522 0 1299 2227 0 2061 1390 0 2797 2337 0
3328 2958 0 2274 2411 0 2308 2723 0 3044 3361 0 974 1221 0
1464 1047 0 2933 3174 0 2174 1690 1 1724 2941 1 1613 1535 1
3349 3277 2 2181 1912 0 1637 1609 1 791 1443 0 2253 1951 1
2196 2340 2 3215 2507 1 2541 2236 1 1513 1898 0 1962 2811 1
2183 1731 0 3510 3125 2 2157 2919 2 2110 1991 3 2247 2281 1
2480 2190 1 1711 1969 1 1239 1262 0 3703 3363 3 2302 2538 0
3240 1755 0 2356 2480 4 2616 4530 1 1972 1675 0 1920 1485 0
3058 2268 1 2176 3065 0 1167 723 0 2968 3222 2 992 1308 1
2152 1740 0 1213 1519 0 2791 3013 2 2161 2387 0 2747 2394 1
3596 2490 1 2313 3435 1 2965 2781 1 2269 2572 1 3377 3045 1
1498 1972 0 2189 1705 0 2141 2340 1 2569 2498 0 1946 2730 1
2782 2937 1 2804 2275 0 2546 3572 1 2635 2429 0 2870 2453 0
1870 1260 1 1926 2326 0 2758 3949 0 2828 2318 1 2468 2033 0
1528 2100 0 2002 1613 0 2719 2105 0 2591 2173 0 2169 3406 0
2443 3336 0 1348 1924 0 3349 3020 3 1677 1790 0 2991 1972 1
1572 1624 0 2449 2619 0 2403 2022 1 2067 1916 0 2587 2809 2
1767 1333 0 1676 2063 0 2613 2506 0 1750 2062 0 2856 2952 2
1647 1834 0 1440 1540 0 2489 2057 0 2258 2497 2 2464 2183 1
2647 2713 1 2167 2050 0 2117 2358 0 910 1876 0 2488 2272 1
2303 2393 0 2318 3422 0 1974 1758 1 1863 1195 0 3321 3049 0
2749 1793 0 1822 1648 0 2264 3272 0 2062 1898 0 2045 2975 1
2526 2266 0 1816 2074 1 2480 2545 0 3012 2800 0 2027 2282 1
1890 1487 1 3514 2640 0 1707 1830 1 2295 2821 1 1618 2479 1
1960 2051 0 2587 2844 0 2773 2452 0 1897 2354 0 2780 2930 0
1784 1827 0 2494 2624 1 2673 3602 3 1576 1177 0 2615 2146 3
1883 1937 1 3060 2448 2 1969 2069 1 2564 1920 1 2254 3521 1
2034 1944 1 1561 1778 0 2177 3565 2 3023 2484 1 2982 3144 1
2673 3278 0 2143 2140 1 1542 2070 0 1780 1867 0 2605 1647 1
2242 2675 1 1820 1838 0 2598 2863 1 3434 2335 0 1821 2363 0
2255 2382 0 2612 2299 0 3802 3384 0 1325 1689 0 3379 3175 0
2813 2461 0 2773 2853 3 4126 2688 0 1632 2562 0 1420 2208 0
1815 1911 0 1824 2877 1 2949 3178 2 2433 2020 1 2100 1624 0
2155 2619 0 2874 2196 1 1945 2796 0 2321 2118 0 1903 1670 0
2369 1931 2 1340 1437 0 2260 3010 1 2795 2248 1 3699 3989 0
2459 2429 1 2691 3191 1 2577 1113 0 2172 2035 2 2075 2961 0
2362 3684 2 4315 3234 2 1531 1098 0 1455 2149 1 1959 1584 0
1131 1534 0 2179 2568 0 1469 2135 1 3205 2909 0 3342 1949 1
2660 3048 1 2908 1827 0 2693 1877 3 2427 3106 0 2338 2470 0
1360 2028 1 2113 3087 0 2255 1891 0 3243 2549 1 2557 2186 1
1733 1849 0 1801 2101 0 1751 1866 0 3666 3179 0 2954 3290 1
1803 1924 0 2201 2319 0 1921 1542 0 2006 1841 0 2793 3260 2
1892 1885 1 1478 2580 0 3342 3233 3 2862 2334 0 2734 2629 0
3043 3796 1 2378 2744 2 2924 2678 2 1786 2126 1 2300 1473 0
1693 2150 0 1870 798 0 1324 1781 0 2338 1598 0 2337 2933 0
1572 1591 1 1185 815 0 2744 1980 2 2800 2824 0 1629 1916 2
1761 2169 0 3116 2672 0 3802 2926 0 1770 2532 1 2844 2799 0
2867 3734 2 3067 3260 1 2645 2650 0 1131 1234 0 3083 2377 2
1452 2001 0 2651 2703 0 4215 3640 3 2308 2310 0 2531 2525 1
2429 2274 0 3101 1796 0 2256 1446 0 2079 3186 1 1130 2887 0
2014 2702 0 2738 1954 0 1989 2483 0 1193 1488 0 3415 3394 3
2893 3146 1 2673 2927 0 2282 2410 1 2269 1435 0 2247 2309 0
2941 3162 2 2542 1754 2 2253 2134 1 1585 2359 2 2704 2582 1
3013 3826 0 2859 1940 0 2273 1230 0 3369 3192 1 1684 2378 0
1847 1574 1 2163 2350 0 2113 2344 0 1524 1431 0 2415 2443 1
3773 2837 2 1679 2779 0 1121 2255 0 1813 1011 0 3583 2560 1
2603 2435 1 1763 1719 1 2247 2126 0 2464 3470 2 2156 1351 1
2797 2862 0 2582 2122 0 2329 3430 0 1560 1598 0 2847 1892 0
1640 2574 0 1971 2781 0 2058 1797 0 2894 2254 0 2922 2698 0
2927 2484 0 3244 3406 1 1606 1614 0 2210 2054 1 2742 2567 0
2154 1867 0 1567 2621 0 3187 2214 0 2607 2152 0 2581 2853 1
1683 1991 0 2812 3573 0 1682 1280 0 2103 1786 0 2635 1851 0
3191 3220 0 1859 1877 0 1990 2259 0 1478 2250 0 2495 1788 0
2472 2029 0 1728 1935 0 1448 2876 0 2541 1447 1 2846 2399 1
2938 3314 1 2190 1551 0 2116 2508 0 954 1583 0 3995 3071 2
2769 2079 1 2177 1908 1 1937 1943 1 1512 2202 0 1937 2676 0
3439 3447 2 1298 1621 0 2497 2509 1 2267 1682 0 2246 2446 0
2587 2422 1 2048 1453 1 2007 2450 0 1477 1665 0 2948 2764 0
1969 2457 0 2133 1744 0 1926 1951 0 2171 2475 0 2231 2592 0
2196 2131 0 2704 2501 0 3138 3884 1 2932 2697 0 2469 2148 0
1931 2312 1 1910 1897 0 3779 2885 1 2522 2593 0 2947 3911 1
3443 3120 0 2892 2675 0 2332 2684 1 2746 3493 0 2276 1953 1
2214 2304 1 2340 1897 0 3006 3376 0 2820 2652 0 1499 1578 0
1750 1283 0 2009 1989 0 2844 2525 1 2432 2623 1 2496 3103 0
2786 2472 0 3805 3422 1 2142 3372 1 1833 1693 0 3113 2655 2
2040 2712 0 1543 1561 0 2237 2280 2 3137 2134 0 1923 2494 2
2181 1939 0 1771 2327 0 2510 2596 0 2336 1488 1 2545 2676 0
3736 3858 2 1153 872 0 1943 3053 0 2908 2472 1 1940 1160 0
3412 4597 0 3160 2654 0 2176 1776 0 1930 2139 0 3444 2963 1
1449 1353 1 3276 2223 1 2386 2700 0 1361 1691 2 2482 2576 3
3511 3211 2 1667 1308 0 1960 2423 0 2676 2286 0 2185 2610 0
4134 3684 1 1018 998 0 2891 3092 2 2902 2628 0 1996 2675 1
3710 2402 1 1312 1415 0 1630 2576 0 2205 3007 0 2202 1228 1
1561 2188 0 2795 2389 0 2653 2099 1 2451 2402 1 2224 2588 0
1911 1868 0 2054 1767 1 2187 2517 2 1860 1919 0 2550 2325 1
968 1854 0 1675 1563 1 3892 2659 1 2814 3520 0 2056 1836 0
1740 1130 0 1882 2351 0 3234 2699 0 3396 3045 2 2858 2977 0
2773 2778 2 1509 1306 0 2885 2922 0 3160 3584 1 1952 1498 0
3483 1923 1 1976 3036 0 3115 2931 1 735 1884 0 3166 3277 0
2005 3802 0 1470 1080 1 3735 3545 1 2409 2994 0 3268 2110 0
2943 2101 1 1855 1578 1 2335 2365 1 1378 2276 1 2271 2805 1
1941 2428 1 1737 2316 0 3016 2930 1 2537 1908 1 2215 1951 0
1304 1104 0 1969 1178 0 2972 2599 2 2699 3148 1 1947 2128 0
2441 2355 0 2182 1953 1 1532 2040 0 3690 2970 1 1337 1514 0
1530 2077 1 2285 1960 0 2738 2352 1 3277 2883 1 2232 2190 0
2925 2399 0 2733 2572 1 1825 1842 0 2330 3120 0 1856 2044 1
1047 1303 0 2773 3054 0 2960 2894 1 2695 2722 0 2245 1761 1
2979 2457 1 1630 2617 0 2598 1957 3 2233 2228 2 1440 1577 0
2366 2544 0 3159 1877 1 2339 3692 1 1320 941 0 2930 2359 0
1942 2487 1 2576 3000 1 2621 1641 0 1498 1207 0 2197 2358 0
1861 2244 1 2078 1298 0 2237 2954 2 2344 2056 4 2656 2631 1
1624 2146 1 2295 2509 0 3434 3370 2 1991 2135 3 1963 1520 0
2520 2176 2 1434 1529 1 1890 1655 1 1601 2233 1 3087 3121 3
2461 1697 0 1502 1935 1 1906 2241 2 2515 2897 1 2237 1831 2
3466 3257 0 2540 2417 0 2671 2298 0 2805 3461 2 1916 2002 0
2664 2532 1 2695 2716 1 1977 2373 0 2901 3393 0 2182 1022 0
972 1385 0 2909 3389 0 2395 2018 1 1829 1745 1 2765 2782 1
1504 1788 1 1635 1785 0 2027 2708 0 2810 2007 1 1833 1710 1
2173 2199 1 1629 1739 0 1409 1359 0 2713 2322 0 2829 3117 0
3069 3597 0 2874 3558 0 2425 2225 1 2427 2035 0 2866 2551 1
2845 2104 0 3486 3115 1 3527 2991 1 1017 2277 0 1617 1616 0
3514 3847 2 1762 1159 1 1540 1917 0 1847 1647 0 3208 3022 2
2955 3212 1 3036 2758 0 2240 1447 0 2238 2837 1 2442 2751 0
3165 2920 0 2159 2344 0 2349 2702 0 2345 3460 0 2809 1621 0
2721 2255 0 2816 2702 1 2419 2478 0 3111 2882 0 2866 3443 0
1468 2192 0 1997 1649 0 1624 1822 0 2567 2050 1 1908 2043 0
2705 1805 2 2174 3397 0 2813 3111 2 2310 2680 1 2882 2088 0
2095 3101 1 2387 939 1 1215 1996 1 2194 2095 2 1333 1116 1
2342 2454 1 1827 2305 0 3000 3203 0 2953 2138 0 2505 2461 1
2948 2503 0 1733 1473 0 2218 2737 1 2014 1694 0 3230 3811 1
2904 3674 0 1755 1837 0 2122 1710 1 2224 2072 0 2972 2879 0
3811 2750 3 1812 1776 0 1448 2330 2 1823 1851 0 2418 2618 0
3226 1878 1 3579 3131 0 2620 3696 1 1715 1891 0 2348 3422 1
3035 2109 0 2176 3554 0 2127 1784 0 1427 1530 0 3237 2935 0
2368 1217 0 2388 2503 0 2004 1881 0 2202 2242 0 1924 2837 0
1925 2350 0 2743 1906 0 1682 1312 0 2601 2368 0 1928 2202 1
1529 1589 0 3200 3367 1 1617 1374 1 2822 2088 2 3046 4086 2
1312 1562 0 2962 2592 0 1432 2587 2 2582 2273 1 2420 1612 0
3332 2344 0 2733 2386 0 2897 3996 0 2677 2729 0 1575 1059 0
2427 2393 0 1849 2057 0 2319 2481 2 2563 1591 1 2576 3018 0
1579 1640 0 2505 2788 0 1639 1445 0 1543 1880 0 2630 1744 0
961 1155 0 2374 2981 0 3520 2242 0 2815 2301 0 1947 2636 0
2451 2435 0 2851 2743 1 3758 2524 1 1645 2181 0 2544 2902 0
1937 2298 0 1834 1848 0 1721 2689 0 2337 2026 0 2508 1899 1
2144 2084 2 3626 3046 1 2802 3117 1 1748 1868 0 3379 2699 1
2363 2956 0 2026 2274 0 2992 2611 0 1921 1401 0 2683 3293 0
3285 3407 0 2737 2591 1 2458 2287 0 1877 887 0 3328 3753 0
2185 2816 2 2212 2127 0 1864 1345 0 1165 1876 0 3339 2483 0
1409 1896 1 2632 2684 0 2252 2276 2 2770 2828 0 2348 1325 2
1879 1932 0 2631 2497 4 2314 1946 1 1597 1277 1 1798 2073 0
2086 2183 0 1783 1368 0 3147 2749 1 2154 2276 1 1532 1716 1
2034 2964 1 1922 2065 0 2789 2732 1 2782 2241 1 2582 1927 0
1297 515 0 2681 2428 0 2516 2932 0 1680 1668 0 2922 3108 0
1916 2259 2 1669 1008 0 1602 1737 1 2615 2859 0 2526 2945 2
2329 2779 1 2843 1981 0 2920 2868 2 2282 2215 0 1498 1843 0
1926 1615 0 2191 1816 0 2472 2730 1 1594 1957 0 2398 2712 0
2836 2314 0 2732 2906 1 2395 3090 0 2267 2256 0 1986 1854 0
3259 3224 0 2040 2110 0 2402 2227 0 1486 1905 0 1662 1395 0
1649 1569 1 2681 3072 0 2543 3439 0 2681 1539 1 2468 2139 1
2369 3345 2 3864 2269 1 1605 1952 0 1300 1974 0 2853 3039 1
2967 2762 3 2595 2157 1 1957 2008 2 1956 1902 0 2719 3185 2
1196 1121 0 2414 2227 2 1689 1774 1 2126 1630 1 2173 2617 3
2780 2117 1 2784 2989 1 3014 3312 1 1989 2398 0 1935 2656 1
2866 2816 1 3149 3594 1 2159 3363 1 2504 1624 0 2699 1771 0
2018 1726 0 2612 2212 0 2089 2238 0 2144 3334 1 1749 1700 0
3653 3293 2 1120 2201 0 1807 2298 0 3316 2657 2 1864 1840 0
3070 2825 1 1552 1257 0 3472 2968 1 1563 1895 0 2585 2832 0
1916 1973 0 1449 1289 1 2483 2007 1 2744 3471 1 3393 3014 1
751 1553 1 2754 2602 0 2926 2894 0 2735 2346 1 3142 2443 2
2014 2972 1 3221 2652 1 2162 2286 0 2414 2504 0 2171 1962 0
2842 2594 1 2533 2491 0 2345 3091 0 2072 2029 0 1978 1511 0
3085 2354 0 2324 1941 1 1972 2098 0 2036 2609 0 1962 2707 0
1094 1055 0 2131 1059 0 3300 3519 0 1507 2777 1 3806 3608 1
3076 2843 2 2848 2842 2 2486 2368 1 2518 2140 3 1709 2056 0
3579 2705 2 2704 2951 0 1533 1495 0 1440 1135 0 2121 2920 0
1651 2345 1 3637 3314 1 2536 2098 3 2563 2047 0 2883 3394 1
3086 3708 1 1791 2042 0 2173 2441 0 3536 2634 0 2608 2407 0
2783 2565 0 2809 2344 0 2450 3526 0 2113 2268 0 1505 1214 0
1918 1511 0 1685 864 0 1813 1986 0 3189 2641 0 1691 2982 0
2516 2354 0 2016 1633 1 2104 1772 0 1932 2299 0 2988 3059 0
2114 2085 0 1300 2046 0 2247 1678 0 3660 3639 0 2194 3039 0
2516 2401 1 2333 2168 1 1921 2192 0 2935 2384 0 2432 2733 1
3092 4183 1 3783 3093 1 3295 2310 0 1571 1666 0 1296 2154 0
3235 2617 0 1094 2012 0 3333 2688 0 1548 2450 1 2498 2186 0
2127 2918 0 2536 1409 0 1899 2296 1 2218 2338 0 2326 2018 1
2145 1671 0 3204 2290 2 2487 2924 1 2356 2949 1 1646 2437 0
2876 2344 0 1032 1408 0 1759 2581 0 2297 1785 1 2563 2981 0
3281 3285 2 3006 2511 1 1566 1666 0 2574 1781 2 1906 3054 2
1849 2259 0 2342 2085 0 3081 2639 0 1774 2718 1 2160 2518 0
2002 1909 1 1281 1334 0 1303 1176 0 2711 3135 0 2426 2021 0
2513 2697 0 1628 2295 0 2993 2949 1 3433 2499 0 3201 3224 0
3177 3098 0 2466 2840 0 1589 2317 0 3578 2294 1 1278 1552 0
3177 2987 0 3252 3274 0 2613 2585 0 2480 2342 0 1273 1725 0
1557 1558 1 1799 1575 0 3038 2474 0 2130 2504 2 1691 2001 0
2244 1599 1 2645 2933 0 1442 1602 0 1593 1868 0 2332 2433 0
3385 3180 0 1540 1985 0 3415 3287 1 2102 1928 0 1730 1898 0
2316 1882 0 1530 1523 1 1394 2022 0 3191 2809 3 2948 2979 0
1625 1757 1 1948 1485 0 1803 1313 0 2376 3214 0 2642 3195 0
2636 2827 1 1683 2218 1 1794 1981 0 1735 1425 0 2746 2247 1
2505 2465 0 3220 2307 0 2674 2808 0 1877 3397 0 2906 2459 0
2110 2462 0 1168 1306 0 2393 2516 0 2536 2182 0 2242 1646 1
2131 2667 2 2209 2121 0 2849 3148 2 2750 1410 0 2684 2642 2
2594 1997 0 1995 2212 1 2268 2460 0 3496 3249 0 2080 2022 0
2168 1708 1 1672 2105 0 1731 1813 0 3312 2878 3 2032 2588 1
2387 2098 0 1927 1616 0 1786 2429 0 2827 3512 1 2037 1545 0
1641 1481 0 1116 1672 0 3259 2606 0 1745 2173 0 1556 1441 1
3292 2564 1 1553 770 0 1705 2387 0 2398 3338 0 2204 2135 0
3936 4094 1 2676 3005 0 2436 3242 1 1686 1395 0 1114 879 0
1537 1425 0 1819 1540 0 3127 3161 0 1769 2889 0 2687 2649 0
2147 1683 0 1877 1914 0 2131 1438 0 2101 2820 0 2353 2570 0
3758 2267 2 3086 3022 1 2100 2870 0 3128 3708 4 1760 1764 0
4006 3570 0 1907 1332 0 2454 2409 0 2250 1824 0 1571 3382 0
3398 2924 1 1775 2207 1 3021 3145 0 1512 1357 0 1471 1627 0
2884 2634 1 2152 1838 0 1879 2102 0 3700 3020 1 1873 2731 0
3940 2645 1 1642 2673 0 1911 2054 1 2002 2070 0 2055 2345 0
3384 3016 0 2882 2169 0 2490 1998 1 3461 3947 2 991 2004 1
2342 1352 0 2645 2429 1 3407 3264 1 2493 3645 0 1630 1883 0
2847 2779 1 2575 2380 3 2070 2031 1 1713 1265 0 2423 3234 0
1699 1118 1 1139 1541 1 1528 1820 0 2208 3052 2 1308 1055 0
1935 2329 0 2966 1767 1 2118 1812 0 2606 3516 0 1493 1656 0
2974 3625 1 1636 2537 0 1964 1856 0 2132 1859 0 2233 1499 1
927 1383 0 1488 1642 0 2305 2096 0 2376 2097 0 2454 1743 1
2171 2798 0 1716 2743 1 3280 2566 0 1634 1644 0 2232 2022 0
2207 1168 1 2299 2258 0 2327 3644 2 2776 2446 1 2598 2431 0
3464 4096 1 3567 3169 1 1614 2110 0 1921 1572 0 2838 3244 0
2267 2720 3 1954 2227 0 2934 2573 2 2330 2306 1 2643 2285 1
2570 2819 1 2649 1660 0 1802 1714 0 2881 2994 1 2139 2587 0
1916 1992 1 1888 1761 1 2496 2173 0 2665 2594 0 1418 1775 2
2021 2256 0 2687 3763 1 2427 2500 0 3119 2069 1 2433 2194 1
2694 2640 1 2500 3567 0 2091 1769 1 2725 2810 0 2348 1924 1
3570 2730 1 2291 1945 0 1842 2784 1 1491 1443 0 2534 2379 1
4320 5763 1 4276 3055 1 2047 2092 1 1988 1270 0 2085 2578 0
3137 1940 0 2221 2630 0 1915 2610 0 2630 2657 1 1458 1478 0
3076 2942 1 2847 2340 1 1836 3263 1 2601 2586 0 2392 1715 0
2305 2288 0 1877 2960 1 4318 2571 0 1788 2288 0 2074 2031 0
3255 2389 0 1666 1778 0 2689 2855 0 1223 1792 0 2033 2852 0
2686 2984 1 3127 2194 1 2815 2290 0 2169 1867 0 1820 3742 0
2647 2010 0 1762 1950 0 1582 2231 0 3055 3197 0 2445 1896 0
1957 2353 0 2172 2979 0 2493 2697 0 2529 2102 0 2510 2243 0
3655 2717 0 2153 2796 0 2281 2210 0 1468 1682 0 2341 2903 1
2810 2561 0 1539 1737 0 2072 2425 0 2231 2439 0 3402 2844 1
2773 2253 1 3350 2366 0 2158 2753 1 1251 2178 0 1663 1609 2
2516 2399 0 2174 1932 1 3539 3025 2 1723 1752 1 1700 2161 0
2678 2014 1 2748 2318 1 2162 2176 0 1776 2478 4 2888 2582 0
2598 1868 0 1444 1406 0 2628 2938 0 2542 2342 1 1777 2332 0
2302 2802 0 2543 2243 0 2428 1795 1 2212 1668 1 2814 3082 0
1644 2028 0 1806 2424 0 1887 1109 0 2528 1313 1 2127 3254 1
1331 1779 0 3168 2507 0 2575 2186 0 2842 3289 0 3621 3625 0
2083 2382 0 2221 2063 1 3221 2348 1 1912 2281 1 2351 2133 0
2756 2832 2 1872 2717 1 2578 2240 0 2008 2079 0 2044 1770 1
1591 1712 1 2163 2116 0 1930 2584 0 1627 1702 0 2476 1638 0
2440 2234 0 2253 3131 0 1403 1075 0 2864 2968 2 2655 2532 1
1923 1956 0 2467 2094 1 1895 2696 0 1729 1504 0 1701 1964 1
2070 2216 0 2665 2291 1 3039 2441 0 2290 2612 0 2644 2828 0
1339 1664 0 1691 2080 1 2773 1973 0 2713 2394 0 1834 2280 0
2164 1587 0 1982 1525 1 2609 2577 1 2107 2557 0 2126 2145 0
2597 2232 0 1786 2063 0 1996 2371 1 3482 2828 1 1078 1608 0
3339 3455 0 3131 2939 0 2217 2393 0 3048 3384 1 1645 1606 0
1552 1630 1 2022 1647 0 2589 2807 0 2709 3151 0 2211 1845 1
1781 1610 0 3292 2063 0 1066 2214 0 2254 2261 0 1281 1511 0
3770 2864 1 1763 3258 0 1327 1911 0 2633 2173 0 2175 1962 0
1749 2493 0 2341 2059 0 2471 3089 2 4085 3820 3 2088 947 0
3858 3242 1 2432 2728 0 1948 1942 0 2088 2085 0 2403 2649 1
2787 3420 0 3358 3396 1 2648 2905 1 2959 3219 0 2161 1447 1
2810 3201 0 2330 2181 0 3907 3291 0 1601 2647 1 1644 1161 1
2185 1347 0 2696 3363 1 2899 3637 1 1531 1553 0 2154 1885 1
2444 2066 1 2313 1766 0 1949 2315 0 2360 3020 0 2104 2232 0
3501 2156 0 2442 2179 0 2666 2334 0 1151 2449 0 1596 2546 0
2431 2183 1 2873 2947 1 1757 2164 0 2289 2525 0 3056 2622 0
2781 2048 0 1984 2110 0 1497 2101 0 2044 2168 1 2923 2977 0
2545 2232 0 1934 2543 2 2447 2948 0 2515 1461 0 2767 3384 1
2881 2515 1 1644 2063 1 2639 1882 0 2281 3189 1 1782 2207 0
1252 1411 0 2323 2649 0 3503 2490 0 3122 1912 1 2254 3591 0
2161 3055 1 2728 3126 1 1863 2105 1 2496 2296 0 2596 1440 0
3385 3460 1 2762 2142 0 2602 1997 0 2520 2825 0 1842 2186 0
2762 2040 0 2593 2956 0 2896 2717 1 2434 3140 0 1323 1450 0
2322 1742 0 3263 4060 0 1678 2118 1 1794 2617 0 2720 2137 0
2601 2738 1 1677 2408 0 2952 3175 2 1601 1201 0 1994 1666 0
1317 1053 1 2144 2276 0 3543 2792 0 2401 2710 0 1694 2360 1
2544 2550 1 2226 2802 1 2735 2260 2 3047 2584 0 2845 2301 2
1399 1942 0 2209 1598 1 1765 1757 0 2786 2952 3 2548 2116 1
2166 2668 1 1148 2200 0 2443 1849 0 2215 2434 0 2090 1610 0
2099 1861 0 1472 2132 0 1904 2910 0 3311 1536 1 1399 1462 0
1443 2083 0 1858 1732 0 3350 2458 0 3434 3267 1 2031 3249 0
1750 1785 0 2264 2496 2 1596 1754 1 2444 1974 1 2543 2629 0
2527 1827 1 3907 4142 1 2034 2145 0 2332 2290 0 1937 2263 0
1297 1626 0 1603 2739 1 3535 2980 1 1940 2122 0 3745 2989 1
1510 1907 1 1468 1673 0 3102 3422 1 1956 1571 0 2518 2640 2
2007 2122 1 2817 1869 0 2534 2583 0 2753 3486 1 2194 2092 0
1841 1957 1 2635 2506 1 2658 3164 1 2755 1572 1 1767 2430 1
3686 3341 0 2022 1646 0 2352 3039 0 1670 1507 0 2772 2615 0
1816 1387 1 1814 3249 0 2873 2268 1 3021 3535 1 2155 1655 0
2772 2913 1 1681 1790 0 3255 2963 1 2677 2458 1 2131 2628 0
934 1547 0 2254 2538 1 2665 1472 0 2225 2177 0 2735 2909 0
2010 1966 0 2251 2087 1 2835 2561 1 1720 2349 0 2142 2306 0
2691 2502 0 2670 2114 1 1130 1091 0 2643 3228 3 1778 2635 0
2123 1776 0 2802 2534 1 2424 2680 0 2871 2751 1 1284 2001 0
1962 1907 0 2188 2799 0 1164 1343 1 2257 2563 0 2949 2315 0
3145 2839 0 1201 1723 0 2037 1153 0 1692 2576 0 2829 2548 0
2302 1192 0 3016 2801 0 1618 2193 0 2504 3547 1 1188 1650 0
3194 2801 1 1880 2173 1 1346 1796 0 3340 2150 1 1777 2124 0
1720 1384 1 2707 3078 2 1127 2100 0 3227 2266 1 1951 1935 0
1528 1350 0 1875 1583 0 2305 2571 0 2354 2247 1 1770 2515 0
2788 2535 0 2097 2430 1 2204 2304 0 1547 1634 0 2386 2823 1
2882 3295 0 3303 2732 0 2128 2256 0 2271 3043 1 2750 1797 0
1721 2105 1 1982 2204 0 1267 1418 0 3132 1970 1 2297 2772 1
1606 1564 0 1869 2346 0 845 538 0 2041 2599 0 2446 2364 0
2229 2683 0 1764 1783 1 2893 1854 1 1520 1537 2 2555 3384 2
2665 2992 1 1087 1264 0 1004 1423 0 2757 2400 0 3253 2830 0
2852 1719 0 2038 3155 0 2092 2804 0 2407 2097 0 2956 2667 1
2128 2930 1 1474 960 1 2200 2485 0 2581 1840 0 1844 2329 0
3205 2666 0 2005 2562 0 1964 2225 1 2700 2401 0 1578 1835 0
1567 2034 1 2912 1728 0 2335 3602 0 3906 2429 0 2033 2417 0
1804 2091 0 2684 2082 2 3622 4522 0 2270 2733 1 2498 1030 0
1769 1537 1 2647 2585 0 3022 3281 0 2270 1459 0 2134 3066 0
2100 2251 1 1688 2538 0 2783 3450 1 2763 2358 0 2866 1826 0
2242 2340 0 2490 2600 0 2633 1691 2 1581 2801 0 2294 1887 0
2663 2159 0 1826 3506 1 2043 2116 0 2530 2136 2 2011 1818 0
2820 1769 0 2766 3205 1 2008 2280 0 3260 2752 0 1215 2045 0
2730 2882 1 2476 1992 0 1895 2242 1 2347 2843 0 1888 2201 0
1907 1789 1 1714 1994 0 2514 1884 0 1563 2494 1 2301 2325 1
2414 2466 1 2237 2389 0 2349 2993 1 2971 2524 1 1698 1288 1
2670 3116 2 2129 2094 0 2512 2325 0 2917 2817 1 1696 1465 0
3251 3222 0 2320 2299 0 1782 1823 0 2134 2145 0 2023 2042 0
2766 2228 0 2391 2619 1 1063 1327 0 2617 2785 1 2539 1871 0
3278 2836 2 1806 1293 0 2418 2411 0 2402 2736 1 2445 2635 0
2450 2296 1 2718 2094 0 1557 1526 1 1380 1401 0 2153 2701 0
2348 2192 0 3115 3424 0 3544 3922 1 2728 2795 3 1643 1375 0
2752 2651 1 1941 1550 1 2354 1836 0 2274 2399 0 2167 2792 0
2161 3182 0 2421 1658 0 2944 2166 2 1401 2339 1 2484 2384 1
3202 2805 1 2320 3163 0 2315 2615 1 1360 1523 0 2544 2079 0
3139 2586 2 1479 1369 0 1736 2526 1 1980 2606 2 1624 987 1
2204 1683 0 1933 1924 0 2758 3434 2 1869 2173 0 2733 2196 0
1310 1428 0 1302 1500 0 1834 2591 1 3247 2610 0 1970 1766 0
1497 1417 1 2374 2423 1 1353 1821 0 1758 1389 1 2169 2043 5
3675 3273 2 4298 3880 1 1687 2134 0 1339 2235 0 3789 2635 1
1529 1248 0 2641 2491 1 3388 2886 1 2048 1472 1 1507 3240 0
2051 2201 0 4290 3355 0 1245 1935 0 3268 3715 0 1937 1856 1
2082 2826 1 1915 2964 1 2346 2075 0 3320 1900 1 2667 2542 2
1826 1685 0 1711 1840 1 837 848 0 2524 1988 2 1369 2054 2
2412 2229 0 2063 2487 0 2847 2905 0 2309 2034 0 2105 2590 0
1805 1565 0 2032 2318 0 1063 1187 1 2313 2166 0 2982 3375 0
2031 2613 1 2152 3017 0 1949 1876 0 2573 1946 0 2605 2380 0
3017 2869 0 2382 2476 0 2849 2788 0 1493 2049 1 2865 2906 0
2699 3032 0 2984 2250 0 1684 977 0 3206 3892 0 2234 3021 0
4097 3238 2 2005 2423 0 2989 3055 0 1110 1058 0 1743 2105 0
2448 1922 0 3523 3736 0 2859 2313 0 1478 2024 1 2065 2257 0
3952 3335 4 2746 3177 0 1104 2473 1 2884 2456 2 2350 2178 0
2361 2587 1 2594 2403 1 1402 1424 1 3044 2887 5 884 1297 1
2188 2381 0 1193 1681 1 1948 1999 1 2608 2536 3 2772 2669 2
1908 2414 1 2923 1951 2 2718 3923 0 2317 1827 0 2378 2551 1
2922 3221 0 3425 3124 0 1680 2842 0 2277 2229 0 2888 2188 0
1950 2107 1 1941 1704 0 2045 2360 0 2274 1775 0 1951 2471 0
2243 2844 0 2667 2562 0 1372 2056 0 3791 2842 2 2569 1860 0
1084 1676 0 2550 2238 1 3569 3231 0 2023 1964 0 2287 2537 0
1366 1767 0 1870 1903 0 2145 1725 3 1661 2035 0 2087 2077 0
1980 1734 0 2206 2079 1 1347 1499 0 2471 2584 0 2957 3266 0
2799 3702 1 1177 834 0 2465 2173 0 2610 2761 0 2353 2117 1
2040 1842 0 1782 2538 0 2419 1998 0 1705 1874 0 2401 2446 1
2461 2925 0 1943 2691 0 2544 2073 1 1168 1403 0 3646 2694 0
2935 2279 1 2333 2718 0 2036 2152 0 2563 1507 0 3108 3677 0
