1550 2775 0 2482 1730 0 1814 2415 0 2929 1927 0 1652 2140 1
3510 2693 1 2637 2684 0 2502 3251 0 1245 1828 0 3061 2851 0
1666 1106 0 2864 3248 0 1931 2407 0 2673 1852 0 2263 2398 0
1366 1252 0 2128 2422 1 2305 2048 0 2133 2254 0 2317 2267 0
2529 2917 0 1958 2569 0 2964 1989 0 3318 2598 0 1374 2553 0
989 1380 1 1752 1481 0 1897 2187 0 952 1493 0 3107 2277 1
1135 1621 1 2482 2058 0 1999 1868 0 2097 2731 0 2136 1789 0
1866 3064 1 2837 2798 0 3591 3357 2 2100 2668 1 1983 822 0
2680 2065 0 3182 3905 2 1794 1716 0 1929 2384 0 1001 645 0
1948 1918 0 1634 1385 0 2575 2117 0 1364 2099 1 2740 3011 1
2375 2871 0 1168 1407 0 2997 2961 0 1451 1359 0 2249 1777 1
3279 2282 0 2186 2370 2 1864 2557 0 604 1432 1 2382 1855 0
2146 2606 0 1219 1634 1 2174 2172 0 1322 965 0 2857 2567 0
1580 1650 0 1200 1204 0 1821 1397 0 691 1868 1 3067 2593 1
1375 2118 0 966 674 1 1643 1618 0 2121 1964 1 879 919 0
1906 2213 0 1082 1711 1 2891 2303 0 1763 2033 0 2670 1738 1
2401 2338 0 1481 1666 0 1998 2010 0 1668 2285 2 1738 1672 0
2172 2545 0 2877 3001 0 1246 2175 0 1966 1242 0 2164 1824 0
1562 2360 0 2176 2307 1 2995 3019 1 1951 2156 1 1364 1181 0
1386 1809 0 2046 1846 0 1070 2491 0 2249 1762 2 2363 1862 0
1870 1477 1 2914 2409 1 2179 2925 1 1686 1446 0 2512 2218 0
2134 1766 0 2205 1793 0 2632 3124 2 2038 2778 0 1338 1500 0
2067 2255 1 1667 2744 0 1637 1763 0 3022 3548 3 2922 1724 0
2767 1905 0 1864 2633 1 2374 2782 0 2127 2384 0 1964 1642 1
1153 1641 0 2617 2666 0 2876 2877 2 1664 1853 0 1353 2092 2
1805 1679 0 1661 1493 0 2416 3042 0 2296 2940 1 2372 1827 1
2003 1977 0 1520 1435 0 1963 2214 3 2319 2042 3 2786 2937 2
2425 2946 2 2235 1780 0 1890 2571 1 2078 1545 0 1793 2314 0
1950 2138 1 2041 3059 0 1465 1797 0 3016 2453 1 3143 2534 0
1907 2033 2 1455 1518 0 1695 2698 2 1741 1265 0 2478 2080 1
2089 1851 0 1706 1285 0 2249 2307 1 1616 1947 0 2111 2494 0
2077 1867 1 1474 1898 0 2640 2344 0 3619 2987 2 2394 3311 0
1599 2682 2 1351 1628 0 2131 1484 1 2136 1133 3 713 1532 0
2331 2255 1 1984 1872 0 2680 2366 0 2091 2167 0 1579 1820 0
1624 1880 1 1064 1220 0 3773 2908 1 1650 1663 0 2540 2787 0
1728 1355 0 1604 1987 1 2834 2318 0 2448 3388 1 2654 2104 0
3070 3227 0 1365 1912 1 2322 2452 1 1380 1490 0 3500 2835 0
1964 2059 0 1608 1841 0 1577 1711 0 1989 2418 1 2006 1827 0
3231 2636 1 1855 2184 0 1563 2304 0 3052 3324 0 2323 2146 1
1720 1205 1 1911 1606 0 2503 2234 0 1994 2329 0 1759 2734 0
1894 1904 1 2147 2072 0 1754 1553 0 3531 3189 0 1529 1979 0
1229 1664 0 2992 2206 1 1934 2835 0 3254 2314 0 1435 2034 0
3049 3536 1 2723 2547 1 1254 1154 0 2045 2668 1 1828 1340 0
4004 3596 0 2475 3068 1 1933 1886 0 2378 1985 0 2010 1885 0
3056 2194 0 1597 2284 0 3035 2169 0 2253 3659 0 2355 1570 0
1160 2290 0 1458 2156 1 1718 2007 0 1569 912 1 2761 1590 0
2879 1831 0 2401 3065 0 2211 2876 0 2389 2676 1 2213 2155 0
1858 1190 0 1683 2321 1 1788 1708 1 2002 2231 0 1943 1879 0
1789 2906 0 1795 1817 0 1278 2060 1 2080 1614 0 2374 1712 1
1492 1609 0 2121 1969 0 3313 2933 0 1856 2403 0 2649 2867 0
2069 2355 1 2178 1179 0 2372 2422 0 1731 2333 0 2189 2414 0
1390 2325 0 2587 3488 0 2575 1516 0 2911 2531 0 1850 1453 0
1098 1609 0 3595 4742 0 2123 1906 1 2038 1152 0 2078 2464 0
3129 2012 0 1529 2521 0 1299 1268 0 2345 2294 0 1981 2040 1
960 1543 0 1434 813 0 1878 1148 0 1911 2083 0 2299 3645 2
1545 1334 0 2135 2450 0 1459 1304 0 2300 1801 0 2187 3048 0
3158 2534 0 3238 3028 0 1424 2036 0 1997 1910 0 1732 2674 0
1371 2214 0 2609 1947 1 2922 2770 0 2414 3084 0 2774 2397 0
1577 1126 0 1589 1970 1 1733 2907 2 1954 1882 0 1520 1225 0
2141 3217 0 3253 1601 0 2438 2856 0 2544 2549 0 2135 1996 0
2471 2706 0 2716 3047 0 3514 2340 0 1870 2167 0 1968 2485 0
1984 1629 0 1819 3529 0 1774 1698 0 3116 2533 0 2088 1327 0
1579 2111 0 1842 1999 1 2968 2116 0 2577 3123 0 742 880 0
3040 2708 1 1651 1523 0 1763 1827 0 1525 2347 0 2081 2481 1
2341 1920 0 1361 1997 0 1591 1892 0 2677 1962 0 2836 2518 1
2224 2413 1 1289 1360 0 2295 2819 0 2592 2239 1 2341 2286 0
1904 2186 1 1377 887 0 609 531 0 2788 2526 1 1660 2352 0
2743 2921 0 2574 3287 1 1704 1484 0 2385 2686 0 1811 1036 0
2353 2652 1 1891 2662 0 954 1118 1 2005 1464 1 2184 1851 1
3301 2010 0 1917 1457 0 2372 2705 1 1875 2212 1 1427 2585 0
2947 2280 0 1700 1801 0 1784 3001 0 2504 2593 0 2849 2096 0
2509 2603 0 2457 2149 0 1942 2028 0 1853 2210 0 2397 2418 0
2930 2725 0 2514 3087 0 2769 3111 1 2320 1730 0 2006 2312 0
2888 3137 2 2121 2470 0 2501 2306 0 2632 2167 0 1376 1618 0
1880 2359 0 1324 1185 0 1643 2025 0 2212 2351 0 2044 1856 1
1566 2430 2 2519 1938 1 1724 738 0 1606 1948 0 2014 2709 1
2059 2460 0 1990 2403 0 1455 1556 1 2438 1178 0 2351 2677 1
2077 1915 0 3230 3817 0 2648 1854 0 1792 2735 0 2008 1798 1
2231 1692 1 1943 2316 0 2001 1951 1 1969 1915 1 2267 2865 1
1331 1625 0 1555 2568 1 2941 1881 0 546 1048 0 2649 2833 0
1747 838 3 2433 992 1 1456 1104 0 1028 2041 0 1614 3673 1
1683 901 0 2573 2444 0 2132 2312 1 1472 1983 0 1753 1915 0
2849 2550 0 2396 2769 1 2067 2143 0 1512 1918 1 1265 1243 0
2881 2940 0 1970 2220 0 2975 2715 1 2631 3181 0 1860 1686 0
1290 2190 1 3110 2003 2 1462 1648 0 1350 1329 0 1315 1675 2
1368 1722 0 1793 1950 1 1537 1131 0 2365 2180 1 2152 2375 1
1563 1702 0 2507 3217 1 1350 1907 0 3645 2892 0 2827 2010 0
3134 2362 0 2574 3107 1 1912 2113 0 1589 1749 0 2983 2350 0
2143 2395 0 2179 2658 0 2325 1788 0 2740 2161 3 2071 2309 0
3464 2983 1 1759 1839 0 2134 2381 1 2371 1666 1 2139 2915 0
2223 2486 1 1728 2070 0 3134 2475 1 3030 2995 0 1449 1755 0
1889 1104 1 1948 1690 0 2490 2292 0 1447 3246 1 1606 1648 0
1529 1426 0 3144 2971 0 1479 1958 0 2699 1936 0 1913 3003 0
2551 2812 0 2850 2908 0 2011 2816 0 2583 2038 0 2232 1726 1
2725 2106 1 2076 2518 0 1164 1761 0 2221 2626 0 1879 2119 0
1859 1617 1 2079 2183 0 1238 1700 1 1385 2340 0 2089 1553 0
2103 1428 0 2360 2046 0 2063 2343 1 2334 3070 1 1522 1982 0
2483 3014 1 3190 3044 1 2262 2339 0 1991 2288 0 3224 2784 1
1612 1892 0 1480 1752 0 1467 1908 1 3408 3233 0 2123 1403 0
2064 2562 0 1290 1697 0 2205 2105 2 1643 1489 0 1851 1529 0
2084 2292 1 1629 2029 0 1961 1458 0 2122 2137 0 1956 2201 0
2492 2103 0 2379 3440 0 2830 2443 0 1049 1642 0 2241 2110 0
1894 2688 2 1605 928 0 1619 1917 1 1390 1500 0 1931 2159 0
2774 2926 0 2038 2842 0 2537 2245 0 1436 1676 0 3094 2162 0
3327 4337 1 2239 2156 0 2155 1747 1 2415 1751 1 1878 2196 1
2495 2053 0 2757 3369 0 3095 2942 0 2371 2046 0 2097 2138 0
1844 1802 0 881 823 0 2489 2459 0 2628 2363 0 1509 1854 1
1600 1321 0 2159 2039 1 3284 3534 3 2307 2662 2 2287 2503 2
1838 945 0 2325 1992 0 706 866 0 1984 2969 1 1404 1911 0
2140 2570 0 2623 2608 0 1624 2525 1 2165 1507 0 1286 1673 0
1261 1195 0 2419 2463 1 3076 2718 0 2941 2932 1 2223 2780 0
1840 2588 1 1566 1764 0 2296 1760 0 2964 1911 0 2012 3148 1
1023 1533 0 1902 2770 4 1636 2012 0 1556 1838 0 2355 1252 1
1969 1919 0 3011 4244 0 4066 2582 0 1951 2206 1 1597 2167 0
2135 2525 0 2233 2592 4 1739 2248 1 2180 1215 1 1930 1956 0
2196 2862 2 2557 2065 1 1855 2090 0 1044 1376 0 1618 1284 0
2811 2998 1 2097 1780 0 2133 2931 2 2783 2648 1 1527 1517 0
2513 2145 0 1945 1508 0 2477 3258 0 2011 2640 0 3081 3034 0
2261 2338 1 2733 2803 0 1949 1967 2 1534 1567 1 3429 3306 1
3658 3150 0 3813 2715 1 1855 2504 0 2486 2526 0 963 2008 1
3872 3349 2 2286 2428 1 3078 2828 2 1935 2852 2 1189 1392 0
2615 2697 0 1253 1007 0 3475 2757 0 2046 2296 1 2540 2858 1
3040 2453 0 2021 2449 1 2099 2463 0 1457 2553 0 796 862 0
2399 2830 0 1717 1601 0 2362 1334 0 2347 3075 2 1610 1707 0
2002 1970 0 1650 2253 1 1430 1436 0 2169 2473 0 3751 3085 1
1946 1709 0 1965 2800 0 2482 3169 1 2204 2176 0 3207 2385 0
3189 2329 1 1225 853 0 2250 1933 1 1261 2315 0 2237 2864 1
2456 2759 0 3345 2253 0 2454 2149 0 2505 3285 0 1050 1308 0
2287 1488 0 1555 2177 2 2009 1980 0 1829 2003 2 1822 1893 0
2334 3143 3 1924 2439 0 2889 1897 1 1779 1652 1 1378 2269 0
1530 1571 0 2068 1684 0 1304 1895 2 2092 2226 0 1592 1586 0
2425 2301 1 1426 1247 0 1630 2186 0 1310 1854 0 1508 1362 0
1744 2107 0 1934 2153 0 2520 1422 0 2534 2828 1 2600 2876 1
3177 2326 0 3158 1955 0 1941 2324 1 2072 3129 0 1553 3157 1
1246 1214 2 1267 1038 0 1265 2018 0 2058 1570 0 2262 2101 1
1555 1305 0 1678 2381 1 1586 1623 0 2826 2386 0 2152 2361 0
2713 3034 3 2263 2198 0 1738 1867 0 2341 2981 2 1334 859 1
2167 2220 0 3056 3094 0 1933 2193 1 1354 2168 0 2575 2181 0
2588 2480 0 1858 2623 0 3185 2008 1 2403 2601 0 1449 2029 0
1696 2379 0 2143 2773 2 2803 2857 0 1618 959 0 2702 2902 0
1914 2605 0 3030 2161 0 2196 2385 0 2253 2249 0 2571 2316 1
2329 3707 2 1579 1462 0 1001 1512 0 2287 2444 0 2177 1125 0
2535 3110 1 2024 1906 0 2254 2317 2 1851 1526 1 2513 2413 1
2656 2028 0 2469 3209 0 870 1311 0 2381 2307 1 1572 1666 0
2908 2681 1 2466 1861 1 2618 3162 1 2098 2603 2 1803 1916 0
3009 2250 0 2633 2378 1 836 1537 0 1630 2324 0 2351 2327 0
3071 3761 0 2291 2870 0 3173 2134 0 2275 1917 1 1300 1890 0
2205 2277 0 1583 1796 1 3155 3568 0 2786 2371 0 1828 1696 0
2153 2852 0 2084 1302 0 3835 2517 0 2673 3335 0 1929 2043 0
2221 2749 0 2786 1938 1 3098 2495 0 1536 2047 0 2112 2257 1
1569 1619 0 1527 2113 0 2076 1891 0 2442 3000 0 2772 2148 0
1247 1674 0 2631 2152 0 2014 1609 0 1482 1882 1 2389 2464 0
2431 1926 0 2469 2172 0 2797 3592 2 2502 2687 0 1325 2055 0
1175 2670 1 3243 2274 0 3706 4155 0 2902 2615 1 2668 2385 1
1915 2289 0 1751 2295 0 2264 1793 2 2114 1998 2 1727 1528 1
1090 2180 0 2322 2279 1 2271 2333 0 2091 2042 0 2686 2435 1
1587 2539 1 1500 1713 0 1895 2377 0 2661 1301 0 2418 2852 0
3059 4252 2 2312 1912 0 1804 1726 0 1720 1605 0 2528 2104 1
1952 1492 0 2313 2228 1 3112 2658 0 1456 2325 1 1250 1777 0
2375 2238 1 1698 1589 0 1801 2134 0 2055 2139 0 1033 1739 0
2232 2123 0 3609 3155 2 2370 2243 0 1167 1318 0 1699 2450 0
1194 1345 0 1275 1092 0 1674 1917 1 2409 1284 1 2088 3176 0
1709 2103 0 3250 2701 1 2087 1926 0 2375 1930 2 1575 2208 0
2799 2358 1 1636 1579 0 1773 2213 0 1765 1596 0 1942 1870 0
1281 996 0 2201 1738 0 1747 2910 0 2396 2394 1 2580 3009 0
2353 2373 0 1388 1523 0 2365 1692 0 2480 2120 0 1354 2098 0
2952 2418 0 2165 1927 1 2163 2917 0 2752 3089 1 1481 1926 0
1893 3283 2 2741 2836 0 1703 2537 0 3238 2074 0 1601 1143 0
2092 2021 1 2343 1680 0 2167 1981 0 1617 2041 1 1915 2636 0
3603 2976 1 2567 1813 0 1891 3241 0 2207 1588 0 1579 1955 0
2163 2279 0 3290 3153 0 1952 1594 0 2431 2808 0 1935 2102 0
2063 2350 1 1715 801 0 1715 2689 2 1912 2471 0 2051 1749 0
1348 1606 1 2602 2494 0 1771 1598 0 2158 1319 0 1782 3139 0
1791 1726 1 1821 1903 0 1681 1748 0 1368 2560 0 1944 1264 0
1854 1972 0 2143 2203 0 1873 2265 0 1882 2330 3 2773 2500 1
2089 1962 0 1826 2132 1 2029 2389 2 2068 1635 2 1144 1420 2
1018 1585 0 2089 1574 1 1245 1433 1 1869 1984 0 2549 2771 0
2022 2353 2 2667 2250 0 3309 3330 1 2757 2389 2 2852 3378 2
1722 1831 0 2157 2072 0 2063 1272 0 2303 2785 0 2397 3143 1
2533 1736 1 2670 2707 0 2321 2964 1 1636 1925 0 2068 1635 0
766 467 0 2159 2007 1 2113 2162 0 2003 1498 0 1799 2565 0
3199 3082 1 1831 2362 1 1559 1691 0 1561 1348 2 1614 1706 0
2187 2565 1 2473 2582 0 1295 1653 0 1908 2040 1 3275 2907 0
1501 1477 0 2843 3194 0 2864 3448 0 1999 2371 0 2975 1866 0
2695 2363 1 1552 2354 0 1495 1902 1 1907 2484 1 3120 2039 1
3036 3394 2 2448 1901 0 2177 1930 1 1048 1564 0 2460 2535 3
1667 852 0 1996 2096 1 1121 1707 0 2466 2075 0 2532 2678 0
2212 1869 0 1831 2550 0 1019 689 0 2306 1844 0 2232 2226 1
2196 2159 1 1411 707 0 1296 1935 2 1287 1471 0 2019 2263 0
2571 1679 0 2285 3063 0 2157 2284 0 2549 1861 0 2005 2059 0
1898 2761 2 1046 1150 0 2774 2186 0 1898 1660 1 1967 2033 0
1670 1055 0 1893 1295 0 1683 2450 0 2658 3718 0 2262 1667 1
2194 1985 1 2727 3489 2 2578 2194 1 2327 3005 0 1842 1801 0
2472 2568 0 2033 1526 0 1201 1946 0 2960 2509 0 2260 2474 0
3007 2801 1 3021 3186 1 2219 1342 0 1464 1814 1 2646 3015 1
2678 1898 1 1182 1335 1 1268 1429 1 1768 1923 1 1282 2504 0
2191 2287 1 2420 2370 2 1775 1835 1 1881 2437 0 2825 2428 0
1771 1485 0 2166 2315 0 2767 2154 0 3067 2774 0 1864 2427 0
2199 1805 0 2628 2438 1 1459 1696 0 1889 2275 0 1156 1132 0
2003 1784 1 2022 1954 1 1584 1347 0 1798 1655 0 1666 2236 0
1298 1260 0 1867 1322 0 1873 2053 0 3335 3967 0 2674 2261 0
2334 3406 1 2418 2845 0 2434 1915 0 2506 2053 1 2205 1973 0
1579 736 0 3019 2587 0 2021 2691 1 869 1922 0 2094 1750 1
3531 3599 0 3461 2869 1 2349 2585 0 1226 2102 1 1326 1292 0
2639 2802 0 1785 2403 0 2357 2017 0 2415 2891 0 2149 1872 0
2320 1465 1 2144 3716 1 2150 1828 0 2276 2778 1 1801 1624 0
1195 1782 0 2598 1784 0 1947 1307 1 2536 3508 1 1566 1515 1
1487 1300 0 2087 2794 1 1222 1079 1 1606 1487 1 1318 1413 0
2073 1588 0 1871 2586 1 1801 2440 0 1925 1391 0 2617 3202 0
774 2260 1 2116 2691 0 1335 1560 0 2940 2291 0 2276 1700 0
2253 2967 3 1424 1207 0 925 1010 0 2499 2523 0 1662 1402 0
1370 1675 2 3110 3022 0 2274 1705 0 2308 2331 0 2540 2383 0
1967 1660 0 1271 1117 0 2646 2473 1 1346 2043 0 1811 1992 0
1160 1423 0 1825 2184 0 2643 1019 0 1720 1969 2 1708 2634 0
3689 3279 1 2063 2213 0 2702 2842 0 1703 1274 0 1830 2384 0
3071 2850 1 1314 2172 0 1962 1512 0 2417 2914 1 3158 2857 0
1503 1177 0 1589 1535 0 2240 3146 1 2211 1710 0 2357 2605 0
1723 2157 0 1905 1478 0 1713 1585 0 1771 1917 1 3244 2808 0
1307 2061 0 1621 801 0 1394 1887 1 1462 1836 1 1846 1595 0
1657 1916 0 1664 1990 0 2029 2141 0 2978 2457 1 3098 3248 3
2216 2558 0 1502 1621 0 1971 2045 0 2722 2582 1 3151 2944 0
1128 1599 0 1492 2193 0 1518 2181 0 2598 2436 1 1933 1389 1
2468 1931 0 2149 2872 1 547 583 0 1839 2186 0 2594 1820 0
1252 1178 0 1434 1605 1 1877 1855 0 1878 2508 0 2108 2062 1
2715 3245 0 2379 2148 1 2576 1749 2 2669 2234 0 2002 2849 0
3308 2343 0 2090 2601 0 2201 2201 0 2052 1718 0 1873 2340 0
1198 1699 0 2816 2291 1 1330 1962 3 1686 2134 0 1026 1259 1
1758 2698 1 2151 2750 1 2883 1404 0 2342 2484 0 819 749 0
1269 1317 1 1639 1593 0 2183 2250 0 1774 1487 0 2364 2701 1
2083 2109 0 2170 1559 0 2523 1767 0 2198 2255 0 1980 3293 0
2372 2334 0 2095 2176 0 2447 2786 1 2949 2805 0 2547 2482 0
3430 3709 1 2098 2625 0 1312 1966 0 2365 1893 1 1542 1116 0
1966 1883 0 1392 1410 0 1954 1780 0 1706 1819 1 1680 2325 1
2204 2086 1 749 684 0 2698 3188 4 2541 2409 0 1431 1466 0
1701 3485 0 2445 2770 1 2940 1366 0 2104 1589 0 2100 2399 0
1846 619 1 1610 2181 0 1639 2358 0 2131 2648 0 1492 867 0
3069 3137 0 1650 2835 0 3082 1779 0 916 2565 0 3352 2156 1
1689 1832 0 1902 1543 0 1912 2053 2 2477 2633 0 2785 3283 2
1785 1550 0 1873 1566 0 2570 3112 1 1547 2336 1 2510 1725 0
2474 1945 0 1711 2159 0 2353 2246 1 1479 1515 0 2180 2798 0
2010 3167 2 3716 3591 1 2371 2252 0 1343 1609 0 2748 2044 0
1073 1232 1 2248 2702 1 1708 2052 0 1173 1482 0 2500 2052 1
3322 3203 0 1982 1845 1 2098 2836 0 2287 1674 0 1946 2076 1
577 745 1 1732 1494 1 1823 2118 0 1697 2828 2 1489 1241 0
1346 2235 0 1436 2800 0 3673 3064 0 2902 1832 0 1995 1644 1
2809 2726 2 2053 1669 0 2015 2666 0 1250 1177 0 1968 1939 0
2450 2410 0 2753 2492 1 2183 1840 0 1445 1403 0 1774 1874 0
3622 2503 0 3625 2658 0 1789 2848 1 2101 3345 0 1538 1561 0
2365 3369 2 3353 2588 1 2310 1624 0 2894 3519 0 1707 1394 0
1444 1518 0 1052 1568 0 1898 2457 1 2558 1188 0 2470 2606 1
2424 2916 0 3466 2553 0 1902 1976 0 1679 2291 0 2966 2938 1
1975 1281 0 1969 2062 0 1711 2362 0 1588 2247 1 2196 2482 1
1826 1942 0 2920 2793 0 2388 3345 0 1837 1398 0 2493 2335 0
1679 1679 1 2003 1367 0 1925 2015 0 2014 1737 0 2090 2881 0
3055 2236 0 1698 2143 1 1653 1573 0 2044 1699 0 1289 1832 0
2791 3219 0 1985 2146 0 2263 1986 0 2132 2045 0 2038 2427 1
2156 2583 0 2982 2456 0 2644 2727 0 1419 2095 0 2116 1182 0
2695 2173 0 3247 4078 0 2753 2366 0 2315 2006 0 1609 1680 0
3315 3668 1 2392 1808 0 1311 1366 0 1964 2470 0 2867 2216 0
2830 2465 0 1238 1823 0 2100 2149 0 2363 2121 0 3741 3186 0
1855 2518 2 2132 1988 0 1844 1349 0 1265 1568 1 2220 2127 1
2591 2160 0 2519 3285 1 2685 1681 0 2173 2045 0 1534 2320 0
1915 2194 1 2414 1998 0 2060 1354 0 1414 1498 1 1968 2737 1
1894 1632 1 1887 1961 0 2202 2273 0 1721 2248 0 2436 2095 0
1503 1220 0 2006 2531 0 2303 2165 1 1126 2240 1 1946 1462 0
2652 2058 1 1667 2324 0 3067 2241 0 2649 3350 2 1777 2435 0
3190 3065 0 2659 2628 0 2136 2039 0 1891 1547 0 2656 2966 2
2445 3588 1 2409 2755 0 2651 2228 0 2807 2555 1 2420 1904 1
1434 1577 0 2153 2374 0 2570 1745 1 3508 3651 2 1725 2240 0
2709 2259 0 3099 2033 0 1739 2731 0 2571 2414 0 2096 2210 0
1392 992 0 1941 1460 0 2326 1746 0 1986 2168 3 972 2166 0
1752 1713 0 1730 1841 1 1245 1052 0 1611 2188 0 1987 1783 0
2838 2699 0 1930 1628 0 1810 1436 0 2240 2321 0 2313 3256 0
1804 2669 0 3026 1793 1 1972 1715 0 1695 2474 1 1322 1625 0
1546 1302 0 2201 1970 0 1285 1923 0 2252 2552 1 1495 1544 1
1680 1673 0 3576 2930 0 2859 2501 0 1434 1791 0 2012 2698 0
1470 1685 0 1595 2153 0 2665 1933 1 3007 2884 1 1724 2494 1
2115 2082 0 2852 2217 1 2594 1795 0 1621 2642 0 2001 2752 1
1570 1903 1 2613 2237 0 1549 810 1 1939 2344 0 1393 2364 1
2008 2132 1 2893 3019 0 1817 1809 0 1499 1548 0 3074 3100 0
1728 1849 0 1701 1995 0 2817 2774 0 2431 2858 1 2236 1925 0
2323 2338 0 2935 2922 0 1399 2000 0 2560 2470 1 2002 2045 1
1752 1842 0 2004 1210 0 1853 1654 0 1690 2024 0 1662 1987 1
2229 2251 0 2094 1856 1 1593 1828 0 2228 2186 1 2147 2095 1
3294 3058 0 2585 1461 1 3313 3442 1 983 831 0 2174 3354 0
2880 1919 0 1370 1793 0 2102 1855 0 1214 1191 0 2028 3142 0
2110 2124 0 2842 3169 2 1532 1651 0 1498 1286 0 1454 1483 0
1836 1930 1 1585 2513 0 1509 1657 0 1727 1734 0 2140 1807 1
2253 1794 1 2330 2965 0 2592 2378 0 2341 3453 1 1824 1192 0
2005 1244 0 2405 2334 2 1329 1795 1 1037 973 1 1916 2399 0
2187 2049 0 1484 1841 0 2535 1634 0 1867 1986 1 2936 3691 0
3418 3292 0 2329 2301 1 1661 1876 1 2146 1919 0 2341 2610 0
1680 2390 0 2320 2616 0 2260 2447 0 2393 2492 0 3309 2498 0
677 1243 0 1659 1864 0 3291 2851 2 3287 2831 0 3274 3550 2
2322 2869 0 2542 2144 0 1993 1745 1 1680 3040 0 1842 1397 0
3145 2221 0 1587 2579 0 1322 1355 0 2492 2585 1 1711 1223 1
2653 1739 1 1172 1596 0 1435 2140 1 1656 2101 0 1610 1382 0
2793 2564 2 2316 1700 0 1628 1556 0 1173 2073 0 2024 2224 0
1873 2005 1 2351 2212 0 1658 1875 0 2812 1729 1 1124 2360 0
2955 3659 0 3546 1840 1 1612 1970 0 2661 3828 1 1802 1483 0
2081 2134 0 1334 747 0 1746 1917 0 1990 2442 0 2561 2712 2
2629 2837 1 2686 2628 0 2155 2960 0 1425 1283 0 2171 1936 0
2906 2448 0 2568 2500 0 2111 2303 0 2075 1817 0 2628 3030 0
2416 1801 1 2648 2478 0 2902 2217 0 1776 1404 0 2417 3635 1
3616 2081 0 1887 1780 0 2461 2465 0 1825 3185 0 1445 1755 0
2655 2818 0 1401 1400 0 2388 2282 0 2553 2846 0 2705 2564 1
2003 1797 0 2521 2381 1 2185 1749 0 2036 1489 0 2326 2904 1
1445 2332 1 3060 2079 0 2363 1915 0 2659 1721 0 1742 3081 0
3129 3076 0 1669 2247 0 1819 1582 1 2011 2226 1 2980 2633 1
2106 3270 0 2111 1958 0 1583 1191 0 2296 2356 0 2522 1398 0
3209 3395 0 1729 1837 0 1985 2243 1 1934 1942 0 2070 1625 0
1956 2510 1 2880 2762 1 821 1287 0 2321 1753 0 2515 2976 0
2405 2568 0 1487 1153 0 2642 3872 0 2776 2794 0 3721 2963 0
1956 3749 1 968 1015 0 3273 2300 0 1403 1471 0 1972 1162 1
2824 1973 0 1671 1142 0 1833 3327 0 2843 2510 0 1644 2091 0
2773 2248 0 927 1307 1 1925 1151 0 1764 2146 0 1461 1938 0
607 946 0 3094 2323 1 1370 1100 2 1912 2683 0 881 1278 0
1755 2118 0 2453 2319 0 2754 2844 0 2002 1373 0 1760 2349 0
1883 1517 1 2125 3269 0 2705 1869 0 2925 2790 0 1809 2219 0
2149 2908 0 1499 1461 0 2361 2199 0 3225 2493 1 1519 1990 0
1881 2292 0 1962 1508 0 2074 1300 0 1535 2567 2 2140 2007 0
1320 2071 0 1799 2002 0 2118 2000 0 3441 3036 1 2431 2258 0
2473 2842 0 2273 1727 0 2532 2087 1 2657 2595 0 1925 2623 1
1637 1566 0 2513 2625 0 1999 2024 0 1910 2208 0 2167 1769 0
3043 2354 0 1409 1111 0 959 1476 0 2793 2842 0 2148 2811 0
2078 2327 1 2827 2133 1 2609 3105 0 2479 2698 2 2967 2873 1
2739 2968 3 1534 1385 0 1495 854 0 1325 1917 0 2263 2776 1
1781 2254 0 1559 1427 0 1535 2376 0 2758 2004 0 2058 1856 0
1744 1466 0 1839 1679 0 2043 2257 1 1310 1456 1 2692 2758 0
1810 2021 0 1616 2452 1 2401 1743 2 2068 1846 1 1856 1934 1
1606 2194 0 2814 2012 0 2919 2990 1 1486 2137 1 2691 2393 0
1022 948 0 2505 1558 0 579 1747 3 1468 1553 0 1669 2135 0
1054 833 0 2155 1664 0 3437 3109 1 1343 1663 0 2143 3110 0
1691 1558 0 3179 3559 0 2450 2231 1 1919 1866 1 2191 2102 1
2235 1579 0 2568 1954 0 1404 1708 0 1121 2241 0 2693 2953 0
2675 2992 0 2139 2328 0 1648 1483 0 2387 2204 0 1772 1439 1
1874 1099 1 2813 3772 2 1969 1938 0 2104 1948 0 1846 2231 1
2003 1868 0 2364 2799 0 2499 1601 2 1249 1965 0 2226 2406 0
1619 2669 0 2629 1947 2 3212 2874 1 1064 1136 0 2194 1872 1
1708 1508 0 1352 1143 1 2218 2352 0 1311 2273 1 3304 2961 2
3136 1930 0 2811 2333 0 1394 1175 0 1987 3051 0 1586 2501 0
1249 1577 0 1938 1568 1 1020 1009 0 1530 1449 1 1528 1190 0
1343 2214 1 1374 1506 0 1476 1428 0 1376 1121 0 2706 2272 1
2063 1877 0 1936 3098 1 1222 1955 1 2144 1397 0 2268 1802 0
1395 1522 0 1222 2066 0 2703 1329 0 2587 2389 1 2167 3025 1
2293 2919 2 3285 2899 0 1876 1692 0 2573 2529 0 2152 2120 1
1732 2616 1 1401 1651 0 3036 2263 1 1945 2901 1 2057 1329 0
2732 3015 1 2520 2127 0 1475 1974 1 2241 2288 0 2258 2090 1
1682 1528 1 729 1195 0 1680 1579 0 1686 2406 1 2196 1303 0
1399 1399 0 1135 2272 1 1756 1596 0 1865 2042 1 2190 2172 0
1800 1682 0 2304 3212 2 2566 3180 0 2270 1133 0 2151 2022 1
1206 1766 0 2388 1988 0 2907 2290 0 1676 1655 0 2769 2549 1
1333 1776 1 2417 2032 0 1957 2003 2 2058 2163 1 1929 2686 1
843 871 0 1202 1257 1 2027 1632 0 2097 2548 1 2016 2798 0
2435 2393 0 3236 2919 1 2056 2754 0 1634 2061 0 1798 1398 1
1768 1195 0 1687 1454 1 681 1459 0 1866 1746 0 2465 2441 0
1751 628 0 1451 2766 0 2443 3537 1 2346 1682 0 2692 2569 0
1290 1148 0 1571 2135 0 2352 3072 1 2739 2475 0 3108 2633 1
1365 1315 0 1575 1702 0 1984 2370 0 2189 1322 0 2165 2568 0
2051 1998 0 2237 2517 1 938 1863 0 1914 773 0 1914 1597 0
2057 3058 1 1930 1158 0 1622 2992 4 2314 2013 1 2608 1974 0
1181 1047 0 3152 1838 0 1294 2842 2 2743 1900 0 1209 1863 0
832 1079 0 1745 2488 0 2683 2460 0 2743 1922 0 2457 3203 1
2183 2602 0 3658 4344 0 3439 3393 1 2054 1153 1 2633 2682 0
2079 2006 0 2431 1573 0 2153 2351 1 2190 2488 1 2568 2468 0
1934 2211 0 2298 2079 0 1402 1323 0 1935 1535 2 1188 1597 0
2376 3096 0 2691 1992 1 1303 1399 0 2435 2534 0 3179 2746 1
2477 3026 1 2056 2349 3 2475 2386 1 1461 1969 1 2180 1604 0
2332 2726 0 2584 3015 0 2204 2350 3 2716 2506 1 2608 2248 1
1404 1610 0 2722 2667 2 2523 2576 0 1041 1471 1 2726 2377 0
2544 2911 0 2903 1508 0 3209 3599 0 2297 3145 1 1617 1493 0
2520 2963 0 2334 1468 0 1511 1984 0 1405 1727 0 1341 1861 0
1820 1157 1 1416 2610 0 2877 2038 2 2147 2560 0 2072 2474 1
1310 1299 0 1678 1654 0 1301 1704 1 1744 1388 0 2668 2926 2
3524 2122 1 1641 2401 0 2259 2380 0 1875 2822 0 2059 1741 0
1787 2162 1 2285 2408 0 1621 1131 0 2326 2045 0 1450 1797 0
2383 2241 0 2888 2565 0 1932 1646 0 1372 1520 0 2111 2963 0
2106 1964 0 1822 2343 0 1449 1422 0 1822 2755 1 2592 2251 0
1220 940 0 2190 2304 0 2114 1939 0 3274 3470 0 2011 1774 0
3778 2501 0 2681 3391 1 2832 2746 0 1614 1429 1 2121 3150 2
3765 3525 0 1867 1539 0 2351 2396 1 1286 2918 1 1600 1348 0
2758 2443 1 2559 2213 0 2249 3257 0 2070 1902 0 1832 1600 0
2299 2228 0 1939 2330 1 1432 1530 0 1857 1696 1 2125 2014 0
2005 1711 0 2794 3738 0 2029 3035 0 3298 2008 0 2208 1807 0
1659 1904 0 1832 2243 0 2113 1495 0 1880 2039 0 2123 2518 1
1834 1764 0 1980 2413 1 3698 2143 2 1875 2823 1 2537 2561 0
1616 3100 1 2205 1643 0 3420 2817 0 2652 2637 1 1710 1706 0
1485 1897 1 2441 1949 1 2260 1916 1 2907 3037 0 1856 2277 1
2012 2459 0 2453 1686 2 973 1378 0 2418 1704 0 1896 2778 1
1245 2043 0 1722 2173 0 2424 2312 0 3905 3129 0 2044 1732 0
1494 1866 0 1052 1581 0 1220 1118 0 2288 2122 1 2280 1735 0
1881 1499 0 2370 2953 0 2419 2131 0 1366 1791 0 2233 2417 0
2621 3055 1 1994 935 1 2017 1894 0 1710 2193 1 1650 1917 0
1937 1627 0 2525 2607 0 1390 1031 1 1991 1352 1 1523 2488 1
1848 3016 0 3212 2304 0 2470 2479 0 1916 2043 2 1664 1730 1
2394 2944 0 2964 3097 0 2068 1479 0 2066 3089 1 2920 2151 0
2511 1357 0 1750 2612 0 2434 2517 0 1366 1500 0 2591 2692 0
2630 2530 0 2112 1386 0 795 903 0 2688 3452 0 2430 1995 0
2564 1586 0 3257 3877 0 2586 2371 0 1718 2763 0 2329 2041 0
1817 2431 1 2987 2800 3 2599 2395 1 2102 1688 0 1974 2054 1
1969 2350 1 1883 1781 0 2372 2151 1 2264 2137 1 2404 2994 2
1794 1275 0 2622 2542 1 2873 2853 0 2375 2704 1 2185 2187 1
2171 2191 1 721 1263 0 2293 1908 2 2602 1921 1 2432 2451 2
3790 2663 0 1601 2098 1 3008 2291 1 1375 1864 0 3363 4369 1
2148 1928 0 3098 2269 1 1502 2049 0 2963 3110 0 1630 1519 0
1389 1653 0 1432 1327 0 1926 816 0 1763 2726 0 2971 2971 0
2920 1992 0 3063 3264 0 2822 3819 0 1565 1231 0 1723 2329 0
2143 2776 0 2455 2521 0 1784 808 0 2289 2002 1 1897 2632 0
1827 1804 0 991 1447 0 2790 2114 1 2487 1440 0 1544 2353 0
2174 2379 0 1727 1470 0 2199 2340 0 3125 3283 0 2244 2731 2
1236 1137 1 773 2009 1 2010 1526 0 1869 1055 0 2263 2615 0
1982 2542 0 3408 2979 1 484 1050 0 3508 3400 2 3037 2487 0
3141 1754 0 2831 2021 0 2201 2730 1 2540 2087 0 1776 3023 1
3254 2616 0 2903 3306 1 1392 2130 0 2252 2241 0 1822 1580 0
2657 1914 0 1865 1446 0 1968 2512 0 2158 1783 0 2010 2842 0
1725 743 0 2720 3040 0 1835 2297 2 2274 2898 0 1927 1694 0
1711 2079 0 1949 2179 0 1196 1372 2 1335 1204 1 2068 1287 1
2607 2714 0 2459 2575 1 2387 3026 0 3135 2574 0 1645 1518 0
2453 2574 1 2964 2280 0 2080 1551 0 1938 1913 1 1189 2251 1
2819 3309 1 2380 1954 1 2005 2227 1 3075 2334 0 1484 1529 0
881 1755 0 1213 871 0 2365 1469 0 3105 1566 1 1200 3343 1
2449 2175 0 1436 1417 0 3765 2793 0 2746 2638 1 2693 4049 1
2537 2567 1 2356 3151 0 1726 1763 0 2418 2021 1 2571 2028 0
2605 2689 2 2644 2083 1 1702 2280 0 665 1109 0 2107 2388 0
2643 3004 1 2220 1761 0 1942 2037 0 1346 1923 0 2646 2242 0
2098 1748 0 1563 2363 0 4245 3079 0 1977 2429 0 1587 2202 0
1981 1494 0 1956 2490 0 4018 3058 1 2517 2700 0 1747 2416 0
1467 1637 1 3762 2925 2 2042 2198 1 2871 4041 1 1568 962 0
2229 1929 0 1897 2238 0 4171 2819 1 1178 2530 2 1529 1788 1
1411 2109 0 1135 1072 0 2167 2892 0 3005 1893 1 1963 1628 0
1483 2122 0 1873 1419 1 2029 2012 0 1501 1304 0 1431 1486 0
3776 3659 2 1534 1971 0 2299 2656 2 2058 1984 0 1837 1564 0
2379 2868 1 2590 1858 1 1795 1653 1 2158 2302 1 1556 2600 0
2790 2059 0 2189 2489 2 1720 2411 0 2104 2355 0 2676 1802 0
1936 2801 1 1566 2547 0 2671 2832 0 1982 1328 0 2044 1779 0
2449 2276 0 1440 2174 1 2327 1457 0 1406 1830 1 1218 1723 0
1594 1873 0 2747 1613 1 1662 2878 1 1890 1808 0 2063 2507 0
1729 1931 0 1930 1423 0 2554 2250 0 2415 1819 0 1650 2831 1
2883 2687 0 3644 3151 1 3151 3530 2 3324 3166 2 1240 1840 0
2651 2986 0 1855 2620 0 1928 1664 0 2407 2950 2 2409 1703 0
1999 2440 1 2520 2625 1 1196 1718 0 1399 1444 0 2793 2184 0
2060 2688 0 1773 2374 0 2107 2335 0 3160 2461 1 2428 1809 0
713 905 0 1282 1363 0 2999 1639 0 1502 2907 2 1986 1563 0
1362 1502 1 1837 1551 0 1958 1412 0 2122 2524 0 1835 2400 0
2729 2756 1 3091 3465 1 1879 1924 0 2009 2063 0 1534 1179 1
2461 2631 0 2140 2543 1 2439 1864 0 1217 1305 0 2707 2867 1
2690 2236 0 2122 3441 1 1562 1279 0 2390 1869 0 2368 2477 0
1535 1561 1 1384 2433 1 2588 2699 1 1583 760 1 1352 1308 0
3248 2488 1 2830 2378 2 2293 2842 2 1131 1014 1 2216 3503 0
2620 1792 0 1985 2081 0 2139 1359 0 1246 2393 0 1251 1493 2
2709 3480 2 2214 2303 1 2643 3583 1 1440 1527 1 3272 2009 4
2258 1827 0 1493 1432 0 1185 1663 0 2247 2777 1 1971 2120 1
3338 3575 0 2999 2723 0 1363 1661 0 2769 2980 0 3227 2552 0
3941 3619 0 2343 2302 0 1570 2152 0 1803 878 0 2813 3095 0
1451 880 0 1479 1234 0 1598 3001 2 2060 1739 1 2991 2967 0
2072 1811 1 1937 2383 0 2284 2364 1 2323 2046 0 1977 1760 0
2951 2597 0 1319 1905 1 1820 1896 0 2629 2415 0 1515 1972 0
1672 1486 0 1947 1945 0 1187 1379 0 2288 2277 0 3188 2567 2
2629 2384 2 2621 2283 0 2677 2192 1 2423 3161 0 2668 2767 0
1868 1950 0 2770 2925 1 2464 2108 1 1834 2528 0 1666 2260 0
1136 1290 0 1764 1747 0 3405 3905 0 1830 382 0 3292 3436 0
1888 2002 0 1778 1787 0 1398 2249 0 2991 1922 0 2416 2696 0
3110 3079 0 4079 3792 2 3474 2802 1 2494 3575 0 960 2055 0
3534 3457 0 2990 2923 1 3346 3582 1 1007 1610 0 2042 1528 1
3825 3136 1 1984 2579 0 3450 3650 3 1946 1687 0 2583 2574 1
2401 1718 0 2325 2630 0 1062 1677 0 2725 2046 2 2469 2548 1
3267 2238 0 1652 2261 1 2465 2975 1 1973 2331 0 1525 1263 0
2124 1969 0 2572 3090 0 2232 2628 0 1878 2494 2 2753 1541 0
1852 3507 0 2854 2528 0 2266 1749 0 1474 1070 0 2499 2257 1
1161 2384 0 1267 1284 0 2397 2261 0 1915 1800 1 1420 1084 0
1401 1985 0 2267 1397 0 1522 1226 0 1252 1465 1 2102 3129 0
2324 2507 0 1464 1781 0 1485 1491 0 2288 2616 0 2830 2125 1
2339 2445 1 1316 1699 0 2489 2653 0 1915 1309 0 3103 2967 0
1766 3148 0 2328 2137 0 2351 2069 0 1977 1476 0 1685 1338 0
2348 2332 1 2354 3118 0 1641 837 0 1087 2027 0 3169 2443 0
2457 2090 0 1570 1404 0 2431 2604 0 2571 2153 0 2840 3720 0
1761 2759 1 1889 2026 0 3430 2468 1 2067 1488 0 1731 2072 0
2304 2637 0 2462 1781 1 2482 2019 0 1891 2963 1 2006 1652 0
1759 2275 0 1608 1195 0 2197 2465 1 2097 1877 0 2282 1909 0
1677 2824 0 2551 2213 0 3274 2831 0 1803 1572 0 2237 2052 0
1998 2872 0 2910 3321 0 2997 2216 0 3045 2978 0 2044 1561 1
1012 1261 0 1104 1190 0 1459 1201 0 1095 1275 0 2294 2018 2
1348 1602 0 3909 3474 0 1744 1682 0 3431 3359 0 2098 2279 0
1635 1711 0 1198 1457 0 2292 1618 1 2580 2844 2 1759 1634 0
1305 2286 0 1769 1520 1 2043 2471 1 1939 1638 0 1756 1390 0
2045 1942 0 2764 2541 0 1703 2484 1 2961 2436 1 1691 1583 0
1779 1657 0 1640 1466 1 2472 2061 0 1884 2371 0 1865 2464 0
1420 1621 0 2508 1954 1 2247 1963 0 2911 3219 0 1380 2448 0
2456 2552 0 2856 3086 0 1856 2260 0 1966 2127 0 2713 1716 0
2330 1462 0 2729 2360 0 1553 2726 0 1498 1477 2 2069 2417 0
2527 3223 1 2173 1057 0 2503 2822 0 1896 2239 0 1252 1383 0
2536 2350 1 1706 1552 0 2500 2346 0 1130 1258 0 972 1834 0
2432 1873 1 2798 2242 1 2331 1919 1 1380 2293 0 1757 3064 0
2118 2990 1 3600 2552 0 2089 2830 1 1548 1925 1 1919 1956 1
986 559 0 1559 2037 0 2390 2683 0 2733 2971 1 1958 1161 0
1420 1474 0 2062 2326 1 934 1169 0 2850 2293 1 2060 2732 0
1090 2191 0 2299 2283 0 1814 1676 1 2098 1854 1 2929 1540 0
3402 3534 0 2473 2340 0 1273 1039 0 1993 2138 0 2202 2219 0
1327 1610 0 2744 2388 0 811 1047 0 1783 2341 0 4114 3353 1
2958 2577 1 2125 1916 0 2419 2168 0 1726 2157 0 1307 1916 0
1354 1355 0 1405 3081 1 1927 1261 0 3440 2322 3 968 1036 0
1543 2414 1 1363 1066 0 1017 832 0 1892 1820 0 1854 1913 1
1973 3180 0 882 1219 0 1970 2427 1 2616 1870 0 3000 2527 0
1917 2618 0 2834 3242 0 1537 1926 0 1775 1927 0 2838 2095 0
1786 2011 0 2253 2868 1 2060 1989 2 2120 1726 1 1622 1628 0
3371 3142 0 1892 1587 0 2158 2552 0 2455 2257 0 2621 2635 0
1592 2369 1 2117 2045 0 1138 1463 2 2379 2030 0 2246 2281 0
2697 2498 0 1909 2507 0 2105 2183 0 2641 3005 0 1888 1220 0
2002 2291 0 2716 2576 1 2848 2972 0 2082 1736 0 3305 3682 0
2255 1771 1 1857 1981 0 1154 2133 0 2882 2431 0 2096 2099 0
2325 2369 0 2488 2956 1 1836 2082 1 2809 2353 0 1569 2351 0
2772 2697 2 2466 2321 0 2466 2403 1 2351 2374 0 2230 2341 0
1959 2567 0 1881 1714 0 1829 1348 0 3273 2983 1 1517 1146 0
2967 2290 0 1257 1590 0 2116 2719 0 1714 1469 0 3007 3199 1
3070 3254 0 2035 2102 0 2514 2617 1 1406 1113 2 1562 1676 0
1954 1234 0 1991 2883 2 2960 2386 0 2466 3068 1 902 1271 0
2928 2857 0 2066 2708 0 833 1001 0 1833 2507 1 2494 1902 1
1551 2252 1 1518 2117 1 2507 1838 1 1322 935 0 2477 2703 1
1567 3046 1 2810 1674 0 2207 1797 0 2122 2821 0 1705 1631 0
2607 1974 0 1278 2010 0 983 1451 1 1950 1843 1 2627 2721 0
1472 1194 0 1960 1207 0 1617 2085 0 1482 1821 1 2955 2884 0
1297 1561 0 1055 1955 0 1646 1354 1 2105 1734 2 1645 1663 0
2887 1952 1 2393 2610 1 1977 2042 0 1696 1651 0 1844 2839 2
2256 2318 1 1965 2117 0 1940 1724 0 1905 1764 0 2303 2331 0
2492 2454 1 2966 3317 1 3442 2710 2 3516 2561 1 1410 2755 1
1998 2771 0 3682 3104 0 1674 1193 0 2247 3262 0 2084 2009 1
2343 2145 0 2520 2847 0 1525 1446 1 1759 1949 0 2315 2538 2
1432 1435 0 1864 1540 0 1576 1507 0 1855 2462 1 1141 1637 0
1415 1799 0 1908 1633 0 2262 3184 0 2743 2914 1 2403 1447 0
2305 2112 0 2638 1849 0 1362 1593 0 3701 3474 0 1446 1876 0
1224 1443 0 1178 1626 0 1806 1160 0 2417 2719 1 2191 2735 0
2061 2548 0 2618 2781 0 1787 1787 0 2872 2280 0 1284 1400 1
1581 2226 1 2202 1993 0 1767 2385 1 1872 1696 1 1774 1567 0
1416 1874 0 2858 1884 1 3224 4166 1 1939 2316 1 2463 2095 0
2141 2203 1 2547 3206 0 2379 3080 0 2164 1926 1 2435 1530 0
1907 2147 0 1973 1660 2 2072 1992 0 1637 1406 0 684 1559 0
2881 2791 0 1514 2387 0 2266 1675 0 2941 2330 0 1619 1746 0
972 1314 0 1463 1727 1 1286 1082 0 1556 692 0 1615 1923 1
3016 3636 1 2358 2426 1 1090 1263 0 2421 1204 0 752 1330 1
1889 1906 0 1742 2498 1 2544 1995 0 2515 1991 0 1455 2330 0
2338 2349 1 1765 1663 0 2287 1980 0 1650 2168 0 1995 1752 0
3380 2204 0 1828 2391 0 4015 2665 0 588 1627 0 1579 2837 1
1572 1265 0 1222 1630 0 2021 2442 1 2134 1811 0 3555 2944 0
2827 2215 0 2126 2617 0 2125 2022 0 2225 2512 0 2573 2526 1
2375 2536 0 2266 2283 0 2407 2116 2 1893 2611 1 1437 1545 0
2049 1821 1 1955 2321 0 1822 1092 0 2071 1239 0 1018 2364 0
1902 1905 1 1146 1671 0 2474 2879 1 1462 1481 1 1477 1815 0
2261 2105 0 2066 1834 0 2109 2555 0 1562 1226 0 3167 3873 1
2170 1516 0 2158 2398 1 2367 1914 0 794 1213 0 1122 2152 1
1618 1688 0 3539 1800 1 3054 2849 2 1126 2449 0 1726 2360 2
2380 2684 0 2163 2365 1 3595 3041 0 1928 1458 0 896 2553 1
1230 853 0 1562 1617 0 2524 2640 0 2256 2036 0 2387 2260 0
1944 2259 2 2801 2973 1 2647 2184 0 2944 3469 0 3176 2150 0
2748 2278 0 1758 2484 0 2722 3122 1 1960 2208 0 2590 1717 1
2187 1418 1 1372 2045 0 2586 1321 0 962 1069 0 2166 3094 0
2836 1610 0 1132 2045 0 2372 2981 2 2499 1673 2 1485 2629 1
1133 1272 0 1576 2658 1 3145 2724 1 2490 1767 0 2318 2679 1
3311 2877 0 1821 2195 0 1768 1387 0 1909 2440 1 1763 1701 1
3221 2915 0 2485 2638 0 2470 3487 1 1763 907 0 2305 2853 0
1770 1930 0 2623 3431 1 1800 1948 0 1574 1304 0 2600 2204 1
1695 2037 0 2498 2585 0 2093 1739 0 1403 1470 0 2166 2135 0
2727 2443 1 2178 1891 0 2433 2382 0 1830 2912 1 1604 2382 0
2990 3410 1 978 909 0 655 977 0 2481 2677 1 2970 2923 0
1473 1165 0 2005 1471 0 2081 1879 0 2969 3449 0 2377 2387 0
1721 2410 1 2869 2520 1 3238 3660 0 1947 1742 0 2548 2290 2
2433 2469 0 1511 2179 1 2294 1776 0 755 1153 0 1584 1744 1
2183 1494 0 1716 1567 0 1693 2539 1 855 1087 1 2422 2675 0
2045 1801 1 2454 1910 1 2274 2977 1 1893 2234 2 2198 2250 1
2595 2224 0 3580 3312 1 2362 3083 0 2142 2647 0 2388 1625 0
2984 2064 1 3535 4863 2 469 556 0 1544 2046 0 3411 2648 2
2100 2184 0 1711 1436 0 1611 2671 0 2195 2118 1 1835 1768 0
2234 2566 0 2146 1812 0 2263 3244 0 1912 2318 0 2902 2000 0
1280 616 1 1713 1808 0 1442 1013 1 1284 2094 0 1637 2263 1
1746 2343 0 2381 2799 1 1449 1785 0 2729 2276 0 2907 1952 0
1647 2416 0 1949 1389 0 3752 4061 1 2364 2208 1 2147 1813 0
1770 1658 0 1844 2466 0 1904 2104 0 2601 2587 2 1980 2005 1
2794 2511 0 2604 2313 0 1961 2038 0 2634 2283 0 3253 3371 0
2476 2554 0 1086 1491 1 2732 3208 0 1874 2089 0 2549 2276 0
1988 2160 1 1884 2425 0 2142 2147 1 1685 1514 2 1563 1513 0
965 1705 0 1363 2249 0 1478 1351 1 2555 1656 0 2829 2671 1
1699 1467 0 2065 2325 0 1737 1337 0 2188 2168 0 1738 2263 1
1752 2217 1 2270 1954 1 1340 1545 0 2072 2234 2 2111 1906 0
2665 2065 0 1726 2789 1 4400 2651 0 1463 1596 0 1060 2099 1
2490 2218 0 1256 1433 2 1575 2026 1 1575 1213 0 2208 2119 1
2117 1475 0 2552 3556 1 2950 2388 1 1839 1587 0 1799 2529 1
1726 1194 0 1663 2477 0 1827 2416 0 2493 2145 1 3469 3059 0
1806 1945 0 1943 1368 0 1360 949 0 2231 2835 0 3457 3263 0
1683 1237 1 2810 2932 0 2406 2099 0 1850 2279 1 915 933 2
1275 1106 0 3613 2171 2 2722 3087 0 3041 3358 1 1571 2104 0
3503 3221 0 1290 1728 0 2945 2945 1 1539 1873 0 1816 2157 1
3285 2955 0 2170 2137 0 1880 2240 0 2147 2247 0 1731 1585 0
2914 3145 1 2306 2249 0 2128 1908 0 1667 1819 0 2658 2720 0
1124 1617 0 2242 2178 0 1903 2809 0 2702 1584 0 2599 2177 0
3384 2619 0 2923 3473 0 1231 1446 0 1616 2210 0 1734 1737 0
2584 2612 0 1515 1509 0 3026 2517 0 1734 2322 1 2383 2544 0
2711 1488 0 2122 2220 0 1252 2576 0 2531 3101 2 513 655 0
2392 2001 0 3003 2296 0 1708 1679 0 1362 2526 0 1568 2491 1
2620 2047 0 2225 2210 0 1833 2107 0 2453 3053 1 2390 2365 0
284 409 0 2195 2140 0 1112 1456 1 1581 1851 2 1757 1607 0
1528 2079 0 3284 2255 0 1733 2468 0 2287 1808 1 1627 1646 1
1960 1669 0 2297 1954 0 1531 1527 0 1485 1978 0 2165 2941 2
1356 2210 0 2878 2649 0 1583 1608 0 3156 2511 0 3367 3555 0
2099 1854 0 2222 2638 0 3085 2329 0 1925 1673 0 1911 2023 1
2435 1815 1 2462 2425 0 993 1432 0 2193 3101 2 2128 1562 0
1602 1103 0 3419 2972 1 2437 3821 0 2166 2265 0 2509 1924 1
2006 1528 0 1175 2914 1 3109 2686 0 1260 1411 1 2659 2384 0
2811 3073 0 1871 2302 0 2196 2337 2 2413 2284 1 1328 1526 0
1622 2532 0 2526 2695 1 1341 1660 0 2594 1468 0 1173 1193 1
1446 1509 0 1771 2892 0 2970 1540 0 2610 3124 0 3506 3037 0
1838 1907 1 1311 982 0 1706 2256 0 2590 1819 0 1418 1843 0
2355 2437 0 1957 2173 0 1432 2110 0 2561 2025 0 2818 2393 0
773 1499 0 1986 1221 0 1460 1972 1 2010 2455 2 2778 2373 0
2552 3142 1 3227 3460 2 1542 1447 0 1465 1589 0 2612 2646 0
2249 2744 0 2264 2256 1 1362 690 0 3223 2669 0 1216 1500 0
3152 1338 1 843 1710 1 2058 3012 0 2138 2430 0 1246 779 0
2369 2448 1 1814 2208 0 2488 1160 0 1994 2866 0 1697 1657 1
1798 2136 1 1961 2124 0 2517 1946 0 1400 2244 0 2846 2353 1
1581 2295 1 1154 1625 0 1596 1279 1 967 1722 0 3528 2245 2
720 1491 0 2434 1711 0 1963 1988 1 1713 2687 1 1899 1574 0
962 2117 0 2294 2608 2 2414 1548 0 1782 1883 0 2055 2111 0
2977 2628 0 1352 1851 0 3239 2480 0 1384 2071 0 2527 2191 0
1476 2345 0 1977 2218 0 1775 1396 0 2478 2320 1 1460 1198 0
1495 2096 0 3023 2651 0 2417 2938 1 2865 1646 0 1534 2222 1
2924 2472 0 2305 2018 1 2724 1624 0 1373 1797 0 1418 3262 0
3203 2931 0 3225 3284 0 3093 2524 0 1716 2283 0 2852 2444 0
2363 2359 0 1687 2045 1 2378 2293 0 2207 2174 0 2475 2445 1
1780 1725 0 2556 2178 0 2199 2436 0 2094 2264 0 1448 1794 1
978 1673 1 1840 2418 0 1220 953 0 1797 1961 1 2346 1931 1
2247 2844 0 2786 1320 1 1877 1345 1 1020 2070 1 2287 2588 0
2393 3355 2 1617 1110 0 2712 2546 0 2497 2553 0 1995 1816 0
2059 2925 1 2657 1665 0 1429 2936 1 1984 2427 1 2851 914 0
861 585 0 1535 1731 0 1411 1935 1 1181 1972 1 2238 1732 0
2144 1412 0 2443 2544 0 2202 1294 1 1318 1870 1 1746 3236 2
1807 1000 0 1944 2113 0 2107 2642 0 1881 2204 0 1976 1980 1
1865 1567 0 2164 1959 0 2472 1948 0 1782 2401 3 1775 2175 0
2132 1612 1 3257 3263 2 2343 2564 0 2476 2207 2 1891 2284 0
1375 1674 0 2313 2038 1 2607 2810 1 2099 1690 0 1755 1536 0
2370 2036 0 2939 3038 2 2134 1813 1 2195 2426 2 2684 2101 0
1738 3079 1 1146 1361 1 1788 1104 0 1081 1292 2 1537 956 0
2519 2340 1 1864 1659 2 1225 1898 2 1619 1589 0 1770 1490 0
1769 1390 0 1990 2248 0 2385 2723 0 2705 1586 0 1795 2464 0
2311 2163 0 1608 2433 0 2149 2040 1 2313 2326 1 1221 880 0
4412 3135 0 1410 1442 0 2167 2286 0 2474 3000 0 1818 2132 0
2030 2212 0 1304 2004 0 1767 1455 1 1888 1666 0 1948 2427 1
1580 2182 0 2000 3085 0 3402 1601 0 2143 2762 0 2260 1659 0
1633 1684 0 2200 1465 0 1661 1557 0 2703 2235 2 2092 3643 0
2168 1868 0 3751 3442 1 1500 1327 0 2081 2528 0 2271 2408 0
1960 2100 0 1766 1435 0 2376 2592 0 1496 2043 0 2809 2181 0
2354 2939 0 2382 2537 0 2001 1916 0 2258 2634 1 2692 2144 0
3154 1425 0 2233 2310 0 2476 2538 1 772 2144 0 2847 2971 0
2615 2511 0 2141 1826 0 1696 2265 0 1644 1486 0 1891 1992 2
2890 3005 0 2200 2802 0 2294 2184 0 2574 2189 0 2460 2318 0
1591 1979 0 1263 1627 0 1658 1619 1 1711 2139 0 2573 2031 0
2257 2403 0 3825 3177 2 3346 2967 3 1690 2464 0 1597 1621 0
2621 2822 2 1143 1406 0 1540 2704 2 2251 2102 2 1914 1362 0
2317 2367 1 1308 1730 0 919 2042 0 2240 1420 1 2223 2188 0
3262 2644 0 2120 1649 0 4524 4410 0 2297 3122 0 1798 1808 0
3140 2890 0 2075 2516 0 2275 2296 0 2044 1919 0 2857 2635 0
2356 3653 0 2449 2403 0 2568 2205 0 2411 2169 0 3716 2984 0
1840 1336 0 3163 4048 2 3111 2329 2 2180 1829 0 3225 3470 0
1447 1461 0 1562 1417 0 2020 1496 0 3065 3105 0 1860 2710 0
2046 2363 0 2610 1906 1 2515 2616 0 1553 1401 0 2187 2016 0
1987 2136 1 3008 3222 0 1399 1252 0 2677 2966 0 3701 2526 2
1364 1779 0 2082 1964 0 1577 1819 2 1744 1062 0 1722 1984 0
1638 1543 1 1394 811 1 2499 2224 2 2364 2531 0 1338 1850 0
1628 1633 0 2383 2268 1 2214 2173 2 1879 2216 0 2422 2142 0
2102 2213 0 1480 2419 0 1772 1790 0 3221 2552 1 2321 2039 0
2357 2965 1 2697 2555 1 922 1179 0 1732 1953 0 1680 1312 0
714 638 0 2598 2135 0 1980 1576 0 2597 2070 0 1464 3025 1
2116 2241 1 2777 2556 0 1547 2592 0 2385 2785 0 2398 2164 0
2302 3460 2 2850 2293 1 2564 2123 0 2113 2066 1 2283 2306 0
2337 3275 1 2291 2237 0 1201 1849 0 2025 1997 0 2799 1511 0
2275 2586 1 2874 2915 0 2228 2576 0 2955 2557 1 3340 3003 0
3202 2600 0 1806 2507 0 4082 3382 0 1532 2049 0 1976 1743 0
2148 1342 1 2278 2087 0 2194 2747 3 2569 2700 0 908 1962 0
2462 2431 1 2194 2811 1 3172 2165 0 2097 2348 0 2723 3112 0
2528 2333 0 2536 2368 0 3026 2683 0 2861 3019 0 1238 2026 0
1824 2491 0 2393 2150 0 1802 2629 0 3579 3141 0 2041 1549 0
2267 2338 0 2884 3273 1 3370 1960 0 1997 3133 0 1378 1365 0
1348 1822 0 1637 1865 1 1800 1627 1 1618 2510 0 3470 2326 0
1985 2394 0 2085 1573 0 1020 1865 0 2080 2182 2 1772 1906 0
1057 1008 1 2617 1972 0 1705 2050 0 2561 2631 1 1248 2273 0
2794 3079 1 2057 2806 0 2309 2069 0 805 1273 0 3746 2382 1
1865 2102 0 2187 2902 1 1177 1633 0 1612 1587 0 2886 2064 0
1337 1657 3 2337 2183 2 1930 1920 0 813 942 0 1283 1738 0
1334 1805 1 1947 1578 1 2207 2474 0 2111 1852 2 1526 1486 1
1731 1932 0 1886 2599 0 2902 1793 1 2516 2086 0 2166 3121 0
2350 2537 0 1483 3029 0 3354 2953 1 2389 2305 1 2190 1570 0
1895 1199 0 3610 1884 0 1672 3885 1 1484 1923 0 1915 2164 0
2016 1777 1 1687 2616 0 1723 2279 0 1947 1452 0 2030 1442 0
2132 2007 1 1488 2086 0 2138 1978 1 2140 1635 0 1826 2750 0
2621 2405 0 2860 2198 3 1885 2182 1 3031 3369 2 718 1153 0
1998 1856 0 2078 1565 0 1842 2728 0 2855 2408 1 1755 2084 0
2551 1641 2 1115 1784 0 1825 1697 0 2255 3260 2 2168 1659 1
2622 3519 1 2304 2549 0 2835 2576 1 1813 1890 0 3068 1743 0
2679 2439 0 3355 1967 1 1303 2028 1 2025 3051 0 1750 1911 0
1756 1635 2 2720 1649 1 1247 1124 0 995 2263 2 1200 1212 0
2192 2516 2 1639 782 1 2571 2039 1 2825 2100 0 1114 2387 1
2185 1306 0 1841 1965 0 2113 1831 0 2121 2658 1 2371 2393 1
1624 810 0 1481 3003 1 2114 1830 1 2555 2587 0 1757 1137 0
1499 1131 0 2255 2228 0 1862 1402 0 2044 2389 0 1429 2707 1
2356 2260 0 1658 1328 0 2231 2302 0 2499 2582 1 2435 2455 0
3413 2028 1 2364 3282 1 2465 2651 1 1588 2505 1 1541 1231 0
3004 2370 1 1394 1629 0 1712 2571 0 2707 1459 0 2811 2978 2
891 1270 0 2246 2510 1 2941 1817 0 2487 2022 0 2558 3386 0
2860 2705 0 2039 2455 1 2819 1972 0 2136 2615 0 1216 1552 0
2889 3085 0 2951 3090 0 2509 2092 0 2483 2295 0 2088 2126 0
2822 2076 1 1627 1690 0 2242 2234 0 2365 1710 0 1654 2915 0
2448 1945 0 2423 2093 0 1852 1380 0 2007 2372 2 2194 3233 1
2459 3625 1 2242 2595 2 2665 2248 0 2160 1838 0 2329 1614 0
2979 2287 0 1404 817 1 1730 2106 0 1407 1796 0 1409 2013 1
2130 1583 0 1351 1597 0 1847 1608 0 2666 3888 0 2289 1740 0
1456 2197 0 2419 1250 0 1912 1023 0 2543 3610 1 1646 1845 0
1760 2199 1 1201 1615 1 1422 1808 1 1744 1215 0 1397 1446 0
2537 1992 0 4324 3391 0 2044 2369 1 2664 3019 0 1938 2070 0
2834 2010 1 2291 3122 0 2928 3287 1 2007 1381 1 2449 3022 1
2532 2542 0 2099 3103 1 1712 1915 0 1624 1448 1 2077 1705 0
2182 2004 2 1950 2062 1 1836 1732 1 2005 1333 0 1373 2178 0
2857 2008 1 2308 2153 2 2156 2343 0 1748 2207 0 2418 2594 0
1872 1719 0 1783 2709 0 1723 1913 0 3286 2876 0 1912 1150 0
3796 3285 0 1796 1924 0 2270 2043 2 2010 2588 0 1671 2342 0
2840 1611 0 2132 2128 0 2155 4780 1 3031 1978 0 1994 2035 0
2864 1930 0 1906 1557 0 1750 2152 0 2853 2966 0 1640 2589 0
1767 1351 0 1479 1867 0 2067 2024 0 2227 2585 2 1675 1537 0
1750 1228 0 1013 1925 0 1965 2373 1 1801 1606 2 1324 1110 0
1700 1268 0 1198 916 0 1184 2000 0 2139 1933 0 1879 2150 2
1320 1981 1 1909 2466 1 2432 1571 1 2568 2303 0 2117 2039 0
966 1398 0 2303 2418 0 2700 2345 0 1643 1813 2 1339 1559 0
2767 3163 0 3642 3571 3 1549 1168 1 1550 1872 0 1880 1857 1
2359 2263 1 2129 1641 0 2445 1863 1 929 2396 1 1816 2035 1
1723 1796 1 2637 1912 1 2721 3067 0 2485 2104 0 2299 2986 0
2021 1927 0 2671 2584 0 3145 2787 2 1459 2479 1 2386 2027 0
2530 2708 1 2208 2712 1 3604 2898 0 2007 2162 0 1837 1904 0
2153 2797 2 2751 2794 0 2298 2180 0 1666 2266 0 2124 1858 0
2503 2044 0 1718 1471 0 1877 2755 0 2511 2449 2 2292 2313 0
2395 4171 0 3833 2667 1 2778 2018 0 2875 1642 0 2223 3199 0
2104 2191 0 2051 2123 0 2558 2045 0 2216 2748 0 2609 2793 0
1546 1874 1 1063 1085 0 1650 1829 1 1466 1199 1 1657 2334 0
1511 1709 2 1714 1999 0 2447 1819 1 1452 1893 1 2670 1735 0
2002 2221 2 1273 1357 0 2981 1822 0 1472 1404 0 1980 2834 0
2309 3014 0 1509 1434 0 2497 1730 1 2230 2069 1 2200 2710 0
1917 1301 0 1785 1964 1 1542 1553 0 2515 2205 0 1447 2715 0
1732 1915 0 1570 1949 1 1736 1737 0 2436 2028 0 1754 2099 0
2299 2566 0 2541 1826 0 2273 2408 0 2041 1930 0 1989 2150 0
2768 2439 0 2119 1836 0 1858 3361 0 2505 2023 0 3086 2829 0
2672 2183 0 1265 1830 2 2287 2955 1 1930 1750 0 2489 2682 0
1852 2277 0 1095 1014 1 2264 2603 0 1923 2438 0 2656 2430 0
3170 2587 1 1639 1535 0 1924 2744 2 1425 954 0 1010 1914 0
2124 2081 1 2570 2100 0 2307 2803 0 3536 3006 1 1401 1940 0
1307 1350 1 1566 1882 0 2383 2356 0 3093 2074 1 1786 2626 2
2825 2504 2 2416 2151 1 2365 1984 1 1745 1796 0 1450 2257 0
1755 1052 1 2444 2681 0 3508 3474 0 2036 2163 0 2717 3983 0
2801 2177 0 1999 2710 2 3027 2847 0 2310 1676 0 2140 2705 0
1044 1784 1 1805 2009 1 1835 2029 0 3000 1780 3 1878 2552 0
3118 3045 1 1027 1746 0 1213 2234 0 1902 1290 0 2491 2049 0
1345 990 0 1795 1841 0 2271 1944 0 2866 3027 0 1469 1740 0
2470 3362 0 1931 1812 1 1727 2253 0 3233 3389 3 3272 2350 1
2448 2762 1 1324 2364 0 1281 1158 0 986 1405 0 3028 1529 1
1841 2522 0 2489 3185 2 3610 1851 0 1208 1037 0 1548 1851 1
2363 2493 3 2165 2363 0 2288 2770 2 2261 1845 2 2334 1846 0
4004 2838 0 2396 2826 0 2737 2473 1 2073 2572 0 1665 1856 0
1583 1803 0 2659 2179 0 1597 2211 0 939 1569 0 1815 1298 0
1821 1583 0 2386 2184 0 2267 2784 1 2772 1798 3 1470 1808 0
1767 1515 0 1844 1585 0 2063 1990 0 1908 2718 1 1952 2485 0
1282 1751 0 2230 2196 2 1950 1616 0 1689 1942 0 1091 1262 0
1849 2036 1 1504 1733 0 1595 1135 0 1900 1530 0 2342 2922 1
3198 2546 0 1989 2619 0 2591 2276 0 1605 1990 1 2528 2650 1
1934 1692 0 1975 2053 1 2553 2399 0 1214 2140 0 2406 2050 0
1943 2048 0 3784 2870 0 2939 2360 0 1961 2459 0 1646 2913 0
2532 2127 0 3009 2815 1 2455 2890 0 887 1591 0 2365 1696 0
1115 675 0 1704 1809 0 2173 2191 0 2418 1970 0 1211 1779 1
2492 2216 1 2631 2157 0 1234 2300 0 1818 2677 1 2360 1186 0
1562 2108 0 2494 1459 0 1632 1402 0 1216 2066 0 2084 2203 0
1947 2171 0 2243 1873 0 2479 2268 0 2654 2365 0 1623 2697 1
2443 2232 0 1951 1460 0 1296 1614 0 2720 2617 0 2723 3045 1
2893 3345 0 2767 2012 0 2878 1960 0 2245 2480 0 2404 3339 0
1635 1620 0 1996 2158 1 1145 1512 0 2639 2490 0 1368 1222 0
1857 3032 0 2015 2519 2 1882 1395 0 1872 1128 0 2157 1726 0
1697 2106 1 1319 1423 0 2796 2452 1 1333 2085 0 2176 1978 0
2751 3366 1 2794 2798 1 1771 1971 2 1027 1646 0 2916 2070 0
2831 2149 0 1240 1333 0 1214 1505 1 1844 1860 0 1908 2726 1
3225 3000 1 2731 2927 0 2632 2453 0 2187 2808 0 1042 1440 0
3084 2563 0 3755 4233 0 2074 2303 0 1720 1960 1 1619 2318 0
1780 2821 1 1738 2443 1 2276 1836 3 2607 1913 0 1954 1889 0
2074 2064 0 1907 2836 0 1308 1488 0 2769 1791 0 3734 2767 0
2063 2216 2 1713 1425 0 2147 2218 0 2629 2822 0 2518 2581 1
1574 1174 0 2098 1746 0 1252 933 0 1048 2199 2 1645 2240 0
2861 2663 0 1860 2708 2 2435 2567 0 1892 1479 0 1812 1734 1
1282 2175 1 2424 1563 0 3657 3344 0 1386 1938 1 2054 1582 0
2725 1951 0 1679 1690 1 2360 1659 0 3108 3212 2 1356 3119 1
2586 2829 1 1466 1253 0 1596 1483 0 2075 2773 2 3019 2879 0
1080 1132 0 3022 2688 0 1690 1323 0 2189 2767 0 1762 2330 1
1962 2387 1 1789 1359 0 1785 1833 1 1139 1509 0 1858 2427 1
1819 1247 0 1834 2309 0 2080 2268 0 3012 3176 1 1362 1414 0
2320 3449 0 2255 2184 0 2166 1600 0 2363 1969 0 2892 2526 0
2082 2709 0 2897 2942 1 3267 2959 0 2315 2435 0 2802 2484 0
1308 1084 0 1169 1212 0 3197 2640 1 1868 1326 0 1742 2929 1
3407 2666 1 2033 1759 0 1769 2184 0 2051 1461 0 2621 3965 0
3250 2632 0 893 1523 0 2345 3532 2 2562 1831 2 1596 1439 0
2168 2424 1 2700 2192 1 2535 2261 1 2081 2282 1 1569 1848 1
1675 1856 0 2309 2103 0 1978 1883 1 2359 2630 0 1442 1581 0
1470 1323 0 1780 1941 0 1671 1880 0 2314 2498 1 2067 2000 0
2940 2023 0 2231 2905 0 1297 2462 1 2638 2280 0 2199 1925 0
1696 1534 1 1506 2140 0 3239 2523 1 1564 1471 0 2456 2538 0
1963 1517 0 1940 2513 0 2386 1659 0 1932 2749 0 3175 2945 0
2065 1527 0 2527 1553 0 1706 2654 0 2303 2690 0 2410 2929 1
3617 3706 1 1287 1409 0 1972 1981 1 3620 2667 0 1497 2099 0
2737 1790 0 2444 2294 1 3076 3478 2 1200 1696 0 2013 2202 0
2061 1574 1 2035 2338 0 3133 2467 0 2462 3030 0 1873 1619 0
2442 2791 0 3540 3571 1 2215 2123 0 2189 2641 0 2655 2551 1
1667 1519 0 1180 1888 0 1932 1269 1 2257 2087 0 1385 1418 1
1646 2542 1 2832 2452 0 1821 1748 0 2415 1907 0 1469 1241 0
2487 3730 1 2360 1354 0 2771 2673 1 1180 1377 0 2398 2469 0
1858 1450 2 2039 2706 0 1527 1568 0 2279 1343 1 1814 2623 2
3654 2805 0 1316 1827 0 3358 2751 0 1352 1265 0 2184 2668 2
2315 1765 0 2451 3326 2 3278 2528 3 2687 2382 0 2594 4034 2
1574 1043 1 2110 2515 0 1631 1898 1 1702 2124 0 2530 1856 0
2113 2009 1 1258 1425 2 2450 1998 1 1404 1744 0 2487 2960 0
1915 3310 0 3532 2551 0 1107 1289 0 2355 2227 0 2007 2051 0
3293 2397 0 2415 3221 0 2016 2130 0 2696 2833 0 2184 2715 0
2364 2504 0 3161 3208 0 1000 1645 0 2160 1533 0 2565 2658 0
2388 2209 1 2524 3080 0 1828 2466 1 2989 2548 1 1827 1413 0
1253 1766 0 1762 1788 0 1882 1142 0 2315 1834 1 1819 2482 0
1416 1600 0 2270 2121 0 2764 3003 0 2240 2845 0 2501 1880 0
2957 2021 3 1635 2585 0 1123 1801 0 1626 1476 0 2318 2051 1
1375 2364 0 1173 1717 1 2303 1503 0 2511 2763 0 2414 1716 0
2638 1863 0 1652 2077 0 2762 2359 0 2672 2981 0 1872 2309 0
2223 3206 0 1376 1477 0 2258 2382 1 3221 2354 2 1129 1097 1
2609 2883 0 1674 1040 0 2611 3496 0 2432 1513 1 1520 1747 0
1792 1999 1 2140 2332 0 1679 2325 0 2759 1882 0 1495 1531 0
1464 1138 0 2362 2769 1 2540 2211 0 1615 1725 0 1510 2329 0
1658 1608 0 1280 1801 0 1662 1388 0 3185 2784 0 3049 3027 0
2319 2286 0 952 1140 0 2361 3432 2 2652 2100 0 1769 1581 0
1515 1144 0 1487 1759 0 1637 1766 0 1918 2049 0 1575 1870 1
2690 2935 3 2156 1905 0 2531 2954 2 1792 2006 0 779 998 0
1661 2194 0 3451 2852 0 2464 1836 0 2070 2143 0 2122 2585 0
1898 1731 0 2636 3269 0 2033 1546 1 2404 2574 0 1939 2002 1
2028 2833 1 2087 2082 0 1736 2019 0 2395 2286 1 2750 2472 0
871 964 0 1953 1484 0 2295 2412 0 2833 3795 0 2742 2972 2
1356 1619 0 1945 780 0 1309 1968 0 2315 1747 0 1503 1996 0
1978 1235 0 2052 1531 0 2145 2405 1 2004 2965 1 1814 1911 1
2001 2774 0 2790 1953 0 2452 2265 0 1922 1601 0 2304 2574 0
1518 1402 1 1287 1301 0 2034 2997 0 2614 2235 1 1442 1057 0
3046 2654 0 2499 2301 1 3147 3473 1 1392 1021 0 2657 3431 1
2797 2515 2 2557 2239 1 2224 2734 0 945 937 0 1904 2166 0
3083 3954 1 2048 2812 0 861 539 0 3314 3278 0 2847 1821 0
1697 2324 0 1328 1748 0 2710 2052 1 1985 1623 0 2450 2654 1
2494 2642 1 1887 1430 0 2144 1957 0 3447 3589 0 1950 2613 0
1448 1520 1 985 1845 0 1429 1811 0 1718 1119 0 2036 2202 1
2498 1681 0 1598 1224 1 2288 2008 0 1515 2310 0 1972 2651 1
1961 2514 1 2040 1600 0 1972 1646 0 831 1388 1 2009 2264 0
2771 2338 0 1343 2015 0 2296 1387 0 1439 2232 0 2313 2391 1
1839 3258 0 1775 1679 0 2649 1904 0 1328 958 0 3587 3281 1
3091 2963 0 1893 2348 0 3830 2900 0 1166 2373 0 3674 3326 0
2344 3012 1 2136 2218 1 2546 2005 1 1694 1759 0 1732 2166 1
1939 1986 0 3316 3742 1 2555 2454 0 2538 2441 0 1556 1766 1
2908 3029 1 1835 2423 0 2329 2158 0 3159 2850 0 2461 2940 0
2620 2311 0 3355 3490 0 2209 2603 0 2336 2235 2 2200 2483 0
1372 901 0 2719 2544 2 3268 2719 3 1476 2363 2 1575 1910 1
2483 2727 0 2062 2252 0 3237 2841 0 2291 2311 0 4220 4078 0
1349 1539 0 1826 1668 2 2213 2762 2 1777 1472 0 919 1328 0
1298 939 0 2308 1992 1 1511 1589 0 1333 3072 2 2119 1379 0
328 1485 1 1748 1863 0 2176 977 0 1859 2173 0 1561 1147 0
1713 1503 0 1069 694 0 2173 2540 0 2168 2305 0 3609 4135 4
1578 1786 0 887 1650 0 2087 1823 0 1912 2376 2 2896 1955 1
2331 1818 0 2017 2216 1 2639 3481 0 1316 1250 1 2921 2540 1
1545 1716 0 2750 3088 0 2521 2254 0 1599 1854 0 3226 2430 0
3187 2557 1 2423 2318 0 2319 3565 1 2087 1199 0 1712 2983 1
2355 2165 1 2110 1810 1 2438 3505 1 2555 3113 1 1605 915 0
1591 1879 1 2284 2469 0 1755 1444 1 2368 1334 0 2380 3410 1
2239 2029 0 2865 2383 1 2211 2364 0 2125 2181 0 2368 2919 0
1840 1731 0 2292 2804 0 1651 1624 0 1577 1766 2 2062 1525 0
2815 3655 0 1378 1268 0 1592 2384 0 1371 748 0 2715 2183 1
1597 1466 0 2890 2854 1 2712 2917 1 1557 1830 0 2143 2194 0
2015 1767 0 1076 729 0 2475 1628 0 1063 1505 0 2291 3235 2
2244 2319 0 1460 671 0 2505 3221 1 1661 2426 0 2346 1825 0
2998 2554 1 1693 2380 0 3085 2388 1 1623 2678 0 2949 2439 0
2219 1721 1 2223 1657 0 2779 2371 0 1746 2591 2 1573 1649 1
1584 1787 0 3005 3891 0 2626 2525 0 2347 1991 0 2744 2396 0
4188 3727 0 2324 1908 0 2215 2389 0 1997 2723 0 1775 2048 0
1305 884 0 2373 2091 0 2201 2510 1 2771 2982 1 1318 1711 2
2344 2575 0 1594 1906 0 1778 1341 0 1667 1799 1 2608 3091 0
2278 2708 0 1950 3071 1 2545 2548 0 2516 2041 0 2044 1777 1
2576 2128 0 2174 3016 0 4351 3503 0 2703 2337 0 1927 2576 0
1638 1703 1 1277 1063 0 1883 2672 1 1245 1697 0 2814 2603 3
2053 1829 0 2469 2242 1 2095 2576 0 1154 1320 0 1861 1672 0
2963 2912 2 2642 2811 1 2509 1777 0 1941 2867 2 2404 2603 1
3386 1890 0 2491 2167 0 2955 3824 0 1638 2449 1 2791 2667 0
2937 3250 0 1275 1578 1 2626 2276 1 1111 1120 0 2569 3502 2
2220 3067 0 2486 2468 0 1831 1608 0 2633 2214 0 1535 1806 1
2070 2368 0 1819 1752 0 2597 3333 2 2498 2360 0 2093 1211 0
2213 2314 0 3408 3044 0 932 1242 0 2175 2587 0 2134 2315 1
1864 2032 1 1653 1524 0 4160 3704 1 1615 2128 0 2207 2138 2
2478 2307 0 1290 1236 0 2441 2859 1 2135 1885 0 2422 3168 0
2496 3367 1 2685 2441 0 2878 2377 0 2244 2396 0 1800 2018 0
2441 2497 0 1322 2844 1 2524 1965 0 2704 2033 0 2847 2344 0
1576 1829 0 2492 3339 1 3326 2666 0 2076 2029 0 1906 2085 0
1824 3035 1 3660 3619 1 2004 1600 0 2885 2324 0 1846 1541 1
1237 1215 0 2269 2112 0 1513 1161 1 948 1461 1 2608 2459 1
2652 4148 0 2244 2570 0 1941 1813 0 3169 2214 0 2746 2716 1
1839 3320 0 2516 1542 1 2716 2653 0 2554 1459 1 1652 2423 0
827 1221 0 2932 2458 2 2055 1699 0 2169 2626 1 1661 1825 0
2388 1811 0 2520 2273 1 2723 2412 0 1395 2247 0 2540 2255 0
1200 947 0 1676 2332 0 1269 1241 0 1175 1635 1 1624 1649 2
1419 2371 2 1870 1762 0 1305 1580 0 2254 2072 0 2418 1915 0
2428 2446 1 2889 2526 0 2495 2584 4 1884 2370 0 1915 2163 0
1865 1618 0 2565 2344 0 1501 1603 0 2436 1993 0 2714 3670 0
1734 2255 2 2268 1335 0 1788 2207 0 2796 3076 0 1782 2215 0
1628 1867 0 1173 1116 0 1367 2238 2 2191 1244 0 2126 2294 1
2739 2506 1 1810 1982 0 961 1621 0 2325 2083 1 1725 1266 0
1859 1950 0 1530 1368 0 2592 2030 0 1563 1759 0 2471 2299 0
2306 3139 0 1903 1917 1 2597 2168 0 1703 2105 0 2697 1978 0
2399 2689 0 2242 2031 0 1243 1327 0 2510 2578 2 863 594 0
1355 1250 0 1873 1646 1 757 1118 0 1724 1810 1 1520 1630 0
2441 1985 0 2938 3269 0 2393 2323 0 1565 2649 0 2542 1906 0
3215 2468 0 2884 2599 0 3587 4336 0 1643 1405 0 2330 2946 0
1867 2262 0 2407 2524 0 1289 1721 1 2951 2558 0 2429 2430 1
3372 2941 0 1581 2115 0 999 1051 0 1980 2276 0 3065 2751 0
2138 3273 0 3758 3049 0 2087 2690 0 1930 2036 0 3433 2555 0
3595 2463 0 3043 2763 0 2622 2668 1 1889 2707 0 1570 1758 0
1817 2089 0 2229 2205 0 2425 2588 0 2447 1812 1 1800 1883 0
1698 2416 0 2328 2570 1 3334 2469 1 889 877 0 1692 2233 0
3446 2832 0 1262 1783 0 2340 1624 0 1811 2891 0 2816 2636 0
1106 1982 0 2093 1153 1 2415 2917 2 1399 1600 0 2670 2090 0
2710 4150 0 2257 1573 0 2981 2392 1 1300 1159 1 2570 3010 2
1083 1410 0 2046 2983 0 3498 2771 0 2139 2754 0 3478 2888 0
3075 3114 1 1975 2528 0 2754 3294 0 1278 1638 0 3554 2800 0
1702 1686 1 2350 1822 0 2729 1608 0 1251 2049 1 2274 3298 0
1519 1308 0 1468 1457 1 1419 2223 1 1392 1448 0 1569 1762 1
2145 1392 0 1972 2184 0 3224 2939 2 3029 4019 0 3076 2227 1
2520 3376 0 1696 1724 0 2276 1874 1 2895 1614 1 2499 2810 0
2932 2544 0 1688 2166 0 1733 1271 0 2151 3146 1 2391 2474 0
1527 1076 2 1228 633 0 641 1370 0 1664 1671 0 1770 2478 2
1822 1507 0 3337 2564 0 1229 2071 0 828 1397 0 2126 2637 0
2251 2544 0 2177 1692 0 1191 1969 1 2472 2407 1 2918 2677 1
2135 1686 0 2507 3166 0 2793 2413 2 1173 2504 0 1737 1094 0
2884 2036 0 2932 3382 1 1967 1855 0 1848 2245 0 1245 1795 0
2547 2356 0 1745 1761 0 1388 1530 0 2353 1955 1 1840 2846 0
3859 3257 0 2728 2691 1 1470 1609 0 3016 3051 0 1945 1814 0
902 1484 1 1209 2322 0 2634 1642 0 2156 1183 0 1507 2227 1
2525 2069 0 2164 2647 1 2245 1716 0 2291 2942 0 1614 2033 0
2096 2550 0 1554 1770 0 1538 1614 1 1674 1954 0 1907 1413 0
2371 1771 0 3656 3743 0 2331 2164 0 1827 1631 0 2352 2728 1
1898 2327 0 3388 1774 0 1570 1249 0 1676 2101 0 2367 2907 0
2492 3029 0 2100 2327 0 3052 2794 1 2070 1854 0 2030 2131 0
2440 2657 1 2327 2506 0 3080 2523 0 2327 1689 0 1774 2391 0
2503 2481 0 2051 2358 0 1347 1257 0 2702 2505 0 1465 1473 0
2799 3165 1 1378 2439 0 2281 2542 0 2363 1148 1 2099 1956 0
3040 2818 0 2652 2323 0 1418 1328 0 2160 2394 0 2251 2396 0
1301 2159 1 1601 607 0 2053 1987 0 1690 1834 2 1512 1465 0
1019 726 0 1444 1748 1 1292 916 0 1985 1900 3 1451 1842 0
1828 1794 0 2818 2888 0 2310 2966 0 1016 1492 2 2050 1558 0
2574 2456 0 2088 2228 1 2314 2699 1 1529 1348 0 2319 2057 0
2319 2929 3 2341 2319 0 2405 2844 0 2390 2219 0 2694 2345 0
2430 2716 0 1579 1854 0 2196 1626 0 1324 1444 0 2042 2367 1
731 1764 0 3263 1573 0 2523 1824 2 1498 2191 1 2495 2970 1
2268 2732 0 1571 1993 0 2361 2432 0 2546 2451 0 2426 1993 0
1918 1778 0 865 1491 1 3278 3275 0 2552 2461 0 1958 2021 0
1772 1465 0 2849 1996 2 2786 3489 1 1050 1877 0 1994 2115 0
2254 1673 0 1722 1347 0 2688 3090 0 2523 2209 0 1456 1846 0
2270 1868 0 2041 2431 1 2467 2141 0 1765 2356 2 2323 2399 0
3254 3185 0 2263 2651 2 2299 2877 2 1431 1737 0 2504 1826 1
826 922 1 2399 2099 0 2360 3172 0 2429 2091 1 1642 1531 0
2694 3387 0 2715 2372 0 2032 2581 1 1567 1754 0 2481 1944 1
2865 2942 1 2264 2558 0 1934 1953 0 1249 1818 0 2708 2348 0
1719 1336 0 1760 2129 0 1627 1664 1 1047 1710 2 604 630 0
2677 2456 0 2228 2242 0 2678 3410 1 2321 2221 1 2351 2305 0
1491 1860 0 2538 2251 0 1553 1710 0 2053 2272 0 2937 2550 0
3178 3682 0 2794 2444 0 1969 2024 0 1955 2056 0 2609 2000 0
2812 2773 1 1994 2018 1 2788 1980 0 1045 2036 1 1977 1553 0
1328 2390 0 3664 2816 0 1836 2407 0 2220 2581 0 2370 1501 0
1843 1747 1 1112 1823 0 3161 2690 1 1371 1885 1 2543 1986 1
1587 1497 0 2834 2577 0 2505 2839 0 2400 1908 0 2433 2295 1
2073 1746 2 1892 2158 2 1639 2219 1 3920 3711 3 1995 1598 1
2238 2196 0 2611 971 0 2236 3130 1 1561 1314 0 1495 2221 0
2598 1817 0 1943 811 0 1748 2396 1 1230 2746 0 2135 2152 0
2761 3199 0 2262 2073 0 1846 1809 0 2491 2902 1 2447 2211 0
1654 2196 0 2421 2512 0 2225 2390 1 2263 2087 0 1441 1382 0
1679 1921 0 2007 2309 0 1797 2328 1 3169 2312 0 1462 1769 1
2246 2632 1 1932 1615 0 1850 2456 0 2078 2034 1 3053 2258 0
1487 2209 1 2169 2599 1 2185 1380 1 2481 2519 0 2039 1944 1
1967 1203 0 2408 2640 1 1614 2688 0 2099 1672 0 1298 1834 0
1354 1166 0 1556 2015 0 2679 2750 3 1749 2569 0 1921 1321 0
2076 2412 0 1054 1263 0 1824 1148 1 2944 2455 0 1044 1827 0
2012 1120 0 1106 1144 0 1549 2426 0 1402 2633 1 2960 2440 0
1364 2371 0 2304 1834 0 1970 1322 0 3099 3153 3 931 735 0
1408 1325 0 1263 2050 0 2808 2339 1 1874 2071 1 1614 1677 0
1299 1655 2 2386 2484 0 1590 2459 0 1468 923 0 2292 1306 1
1876 2423 0 2660 1724 0 1386 1878 0 2193 2161 0 1466 2114 0
1986 2344 0 1248 1239 1 1805 1604 1 1367 1725 1 1359 1666 2
2125 2366 1 2451 2495 0 3000 2515 0 957 1836 1 2365 1761 1
2892 2826 1 2357 2133 0 2682 2728 0 2294 2696 1 765 1040 0
1024 1431 1 2131 1427 1 1030 1526 0 1796 2047 0 1872 1627 0
3017 2707 1 2555 2566 3 2279 2485 1 2009 1439 0 1664 2281 0
2590 2511 1 2148 2902 0 2911 3349 3 2337 2161 1 1631 1054 0
3453 3293 1 2314 3048 0 2300 2363 1 2856 1780 1 1642 3165 0
2226 2130 0 1954 1757 2 3018 2534 1 1056 1492 0 1882 2329 1
2643 2507 0 2549 3556 1 1537 1227 1 2281 1932 0 1571 2125 1
1848 2680 0 2519 2382 0 2930 2697 0 3032 2776 1 3176 2516 0
1385 2437 1 1684 2082 1 2132 1700 0 4371 2745 0 1746 2005 1
