1167 2204 5 1987 2141 3 2430 2966 5 1549 2171 4 1054 3224 14
2366 2977 5 1806 2953 5 1616 2855 5 2614 3600 5 2872 2915 8
1612 1479 3 2629 2450 5 1626 3148 5 2586 2958 7 1298 3187 9
1760 2731 5 2085 2929 7 2378 4341 6 2190 1993 5 1336 1609 5
1744 2051 3 2340 2646 3 1913 2961 5 1963 3272 7 1950 2900 12
2281 2665 6 1327 1871 3 939 2913 10 1599 1218 3 1381 2612 9
2073 2613 7 1857 2201 3 2243 3831 5 2246 1784 3 4014 3908 8
1486 3585 12 1805 2747 5 2764 3528 3 2729 2704 3 1819 2168 9
2123 2717 8 1503 2667 5 2142 2648 8 1629 2930 5 2500 2682 6
1871 3150 5 2159 3181 6 2498 3145 7 1700 2658 3 2427 3482 7
2752 3271 9 2087 2624 5 1608 3422 6 2383 2109 3 1797 3052 5
2377 3542 7 1688 2369 5 1500 2308 8 1118 1958 4 1745 2535 4
1363 2456 3 1561 1541 3 1096 2163 6 2840 3361 7 1838 2514 8
2209 2559 4 2293 2633 5 2009 3567 5 2518 2550 4 3064 3023 8
2019 2650 7 1576 2719 4 1931 3136 9 1399 2271 5 2909 3210 4
2518 2241 3 1271 1367 3 2118 3346 10 1908 3261 5 1722 2074 6
3279 3808 6 1763 2553 5 2707 4016 9 3024 4652 6 2260 1774 4
2627 4608 13 2192 2422 5 1951 2475 6 1060 2294 3 2194 2161 4
2033 2568 5 2145 2312 3 1595 1574 5 1621 2771 6 1749 3082 7
2367 2780 5 1652 2262 5 718 2328 5 1845 2499 7 2192 2985 8
1239 1916 3 512 738 3 1671 3406 12 2402 2758 4 947 2267 6
2004 2185 5 1658 2878 5 1195 1586 3 1523 1827 5 1768 3459 11
1026 1514 3 2109 3128 9 1021 1426 5 1973 3541 9 1701 1878 4
1833 2389 3 2425 3761 4 4130 4359 7 3303 4255 5 2801 2572 4
2191 2922 4 2574 2936 3 1706 2934 8 1771 1880 5 2071 3254 7
1986 2865 5 718 1449 6 2022 2224 3 1886 2298 4 1829 3739 9
1574 1948 6 700 1357 3 1182 1567 5 1021 2434 8 1314 2769 8
1573 1211 8 1494 1801 5 988 1627 5 1240 1829 4 905 2411 12
1961 2622 8 2453 3112 3 1997 2283 4 2366 2738 4 2523 3149 4
1630 2168 10 1550 2354 3 2213 2230 6 1308 2609 5 1039 1964 8
1460 1112 3 1992 2787 9 1375 1926 5 2045 2519 3 1303 2935 8
3046 3053 7 1298 1904 3 1137 2263 5 1568 2658 3 2517 2501 7
1602 2633 7 1304 3233 8 2399 1801 5 2702 2247 3 1077 3035 9
2190 3479 10 1969 2571 3 1113 2100 6 1550 1873 3 2872 3791 6
1769 2407 7 1481 1562 3 1726 3003 9 2074 3401 5 1523 1781 6
3108 3068 3 2450 2229 3 1931 3104 5 1065 2708 7 2712 3675 8
2123 2210 3 2359 3900 12 429 1963 6 1878 1874 3 1674 2281 6
2749 4265 10 2911 3221 8 1252 2292 6 1513 2171 3 1993 2085 4
1046 1301 3 1520 2940 3 2005 3266 9 1775 2674 7 2022 2589 6
1874 2647 5 2910 2446 7 1739 3309 4 2289 2897 7 1016 1845 6
1312 3379 5 2889 2851 7 2302 3526 5 1977 3057 4 2802 2239 7
1184 2881 7 2298 2383 6 951 1679 4 2839 3247 6 2521 2959 6
711 1729 6 1647 1661 4 1275 2050 8 1046 1123 7 1660 2364 4
2154 3058 7 1822 2293 6 2796 4472 7 1566 2425 3 1794 1705 6
1701 1397 3 1444 865 4 1318 2520 12 1056 2561 3 799 2108 5
2754 3764 10 2375 3127 7 3564 3650 3 1922 2978 6 1408 2237 6
1217 2425 6 1725 2641 5 2180 1664 4 1746 2125 3 2156 3996 10
1326 2217 4 1278 2391 5 1495 2155 6 1673 1956 3 1196 2465 11
1258 2188 3 1013 2509 8 1821 2185 7 1594 2368 6 2467 2639 4
2970 4207 7 2166 2737 6 3055 3335 3 3487 3739 5 2500 2873 5
2661 3733 7 1693 2776 6 2120 3281 5 3487 2258 5 755 1492 4
1545 1846 5 1468 3221 4 2207 2257 5 1263 1680 7 1198 2208 4
1045 1694 7 1052 2713 5 2299 2838 6 2282 3520 9 2120 2278 4
1717 2185 4 1943 3314 12 1860 2211 5 1436 2498 5 1826 1777 4
2012 3818 7 2685 2612 7 3030 3429 7 2092 2247 3 1307 2872 4
703 1876 6 2329 1779 5 1046 2092 4 3297 3460 5 1979 3235 9
1645 2111 3 1008 1377 6 1543 2257 5 1156 1397 3 1575 3581 14
3049 2214 3 1950 2634 6 2055 2606 7 1181 2963 7 1820 2957 7
1673 1351 3 2227 3178 12 650 1973 5 1875 2555 3 1974 2484 5
1872 3847 9 1642 1605 3 1800 3015 5 905 1013 3 1724 1837 6
1914 2369 4 3101 3427 3 2012 2854 4 1553 2180 5 2742 2941 9
1148 2398 11 1965 1914 3 1809 1332 3 879 2241 6 936 2875 9
1806 2549 4 1817 1838 3 1290 3762 8 1247 1379 5 2247 2261 9
1875 2973 5 1590 1792 6 1654 2966 7 2818 2410 3 2309 3197 10
1444 2200 3 1892 3119 4 2068 2811 8 1533 2243 8 1658 2000 6
2065 3404 4 2524 3350 9 939 2364 5 1062 1858 6 2239 2106 4
1797 2775 6 1438 2240 6 589 2123 6 1801 2608 4 2158 1908 7
1579 2222 6 1905 2979 8 1788 2817 7 1891 2561 5 1576 2482 6
1518 2725 7 675 1336 3 1804 2616 7 2069 2352 7 1987 2762 6
1347 1431 3 1341 1472 6 2446 2299 4 1822 3324 7 2345 4093 8
1928 3269 8 2359 2112 5 988 2226 7 2220 2974 3 1420 1539 10
1813 2559 6 1846 2459 5 2252 3945 9 1920 1953 3 2160 2551 4
2831 4066 8 2565 2977 5 1726 2536 3 1663 3243 6 1976 2335 8
1337 2445 7 972 2244 5 1396 1912 5 1598 1966 5 1982 3718 10
3194 2561 3 2238 4542 7 1064 1794 6 2779 2522 4 2355 2804 6
2275 3284 6 1978 2240 5 2185 3048 10 1352 2142 4 2624 2298 4
2525 1734 3 1993 3303 5 1109 2020 6 2499 2406 5 1741 3688 10
1262 2759 6 2295 2564 5 1900 3125 5 2608 2839 9 2988 3324 4
1683 2881 4 631 967 6 1097 1807 3 2143 2463 4 1550 2730 10
2045 2676 5 2722 3401 8 1712 2879 7 3093 3665 3 1215 2687 6
1290 1562 5 1168 2423 12 2026 2232 3 1712 2510 5 1427 2256 6
1402 3084 6 2480 2654 3 2824 2528 5 2238 2746 7 1453 3113 8
2430 1558 3 2346 2662 3 992 2550 8 1160 2856 4 1306 2509 7
1839 3008 5 2714 3082 8 1156 1844 3 1694 3061 7 2813 2708 6
1348 1514 3 2135 2666 10 1678 3185 5 920 1899 7 1805 2149 6
1790 1940 3 2079 3528 9 1628 1652 5 1389 2746 8 2556 3350 4
2965 3438 7 1326 3002 7 2855 4191 7 2419 2826 3 1854 2385 6
1275 1839 6 1440 2106 6 2284 2945 9 2421 3082 5 974 1781 7
2313 2716 4 1438 1114 5 1245 4278 8 2385 2140 5 1222 2240 4
1519 2440 7 2219 3116 8 2149 1666 5 2014 2478 5 1436 3340 4
1200 1483 3 1604 1940 7 1935 2889 3 2283 3555 10 1175 1751 4
2608 3331 4 2412 3055 7 2581 3923 6 2045 2203 3 1913 3825 8
2834 2924 4 2601 2399 7 1816 2698 7 2853 3893 3 1492 2369 5
3182 3453 6 2612 4005 5 2441 2933 3 1211 1230 3 2114 3235 9
1348 2138 4 1521 3309 8 1855 3091 7 1409 961 3 2459 2465 5
1255 2111 4 2183 3113 9 1127 2132 6 1291 2141 5 1739 2238 5
277 1902 5 1893 2524 9 1301 1731 3 1126 783 5 1552 2685 9
1716 3281 5 2924 2790 4 1971 2281 3 3175 4572 10 643 1527 5
2446 2912 6 1506 3236 9 2898 2652 3 1844 2705 7 2011 2884 6
1222 1243 3 2154 2874 4 2277 2761 6 1996 2242 6 2545 3638 7
2582 3505 3 2284 2575 8 1226 1162 3 2463 3578 5 2542 3694 7
824 2286 3 1872 2792 8 1685 2050 5 2017 1997 9 1949 2420 5
2201 3351 8 2960 2444 6 2138 3074 3 2354 3038 7 2166 2489 6
2690 3175 10 1882 3054 5 1372 1963 7 1841 3145 6 1134 2182 4
2349 3834 4 3086 3081 4 1563 2099 5 2106 3260 7 985 1495 6
2638 3213 5 1990 2968 3 2068 2971 4 2889 4254 10 1777 2857 6
2170 3361 6 1742 2331 6 1608 2572 5 2056 2921 5 2151 1476 6
1793 2510 5 1867 4635 7 2152 1791 5 2326 3234 4 1869 2111 6
1426 2083 7 1909 3603 5 2665 2512 6 2294 2289 3 1702 2265 8
1292 1953 7 1881 1657 3 1833 3568 6 2634 2224 5 2227 2662 4
3253 4280 6 1897 1689 8 1343 1881 3 2108 3479 7 2431 3520 5
2478 2532 8 1554 2752 6 1977 1836 3 1954 2728 7 1541 3258 5
1546 2909 7 921 1821 5 1305 2160 6 1375 2501 6 1594 2166 7
2128 3453 8 2129 2337 6 2394 3167 5 2197 2651 4 1376 2594 6
923 2004 5 1890 3136 14 736 1500 4 1268 2398 3 1341 2148 4
1761 2174 3 2084 2252 8 2554 3294 5 2353 3426 7 711 1829 4
1731 4536 9 2204 2585 3 1547 2483 8 3191 2367 3 1255 2696 6
2164 3068 6 2531 3674 8 1974 2722 5 1927 2990 5 2032 2277 4
1905 1894 3 1501 2467 6 2234 3244 8 639 1956 3 2186 2901 7
1795 3345 10 1605 2210 7 2311 2570 3 1233 3061 5 2270 2890 7
1558 2651 9 1147 1669 6 2157 1513 4 2059 3362 5 1969 2546 5
2011 3223 3 2375 1790 3 1616 2057 6 1319 3095 11 1998 2466 4
1486 1566 6 1126 2453 3 1936 2499 5 1886 3188 8 1752 2553 8
1464 2276 5 2248 3036 4 1697 1772 3 1815 3220 7 1389 2130 10
2014 2619 6 1063 1872 5 2299 1804 4 2041 3022 7 2297 2949 8
2432 3115 8 1479 2476 6 3659 4183 6 1921 3116 3 1865 3177 6
2265 3248 9 1076 1918 6 2041 1762 3 1578 2530 4 1225 1995 10
1893 2109 4 1966 3728 10 2410 3235 5 2036 3162 6 1492 1568 6
2645 3640 5 2003 2559 4 2015 3205 7 1287 2380 5 1966 1864 6
2004 3448 7 2969 4107 7 2071 3028 5 1924 2052 7 1625 1562 4
1407 1408 5 1255 2478 3 1619 1989 5 2697 3461 6 1494 2217 6
3099 3226 5 1683 3092 3 3038 3874 13 2401 2768 5 938 1781 4
2330 2314 5 1675 2297 7 2489 3154 5 2128 3975 5 2337 2746 6
1031 2142 8 2471 3774 9 2720 2770 5 1183 1981 3 1958 2920 6
2937 3366 3 2477 3303 6 2679 3292 7 2026 3423 5 1964 3242 6
1510 2923 8 1572 1795 6 2029 2597 6 1547 2259 6 950 1352 5
2201 3297 6 2543 2604 4 2542 3831 7 2400 2732 5 2096 2573 6
2043 2513 9 3154 2847 6 1337 2023 3 1470 2825 5 2377 3616 4
1927 2355 4 2613 4142 6 2997 3609 10 1942 3230 4 1881 2568 4
1501 3267 5 1983 2997 5 2042 2464 9 1278 2374 5 1506 2351 4
1675 1956 3 1137 2279 4 1433 2231 5 1791 3702 10 1729 2194 6
2602 2017 3 1905 4302 7 2535 2867 9 1360 2060 3 2120 2950 6
2509 3226 8 1514 2232 3 1565 2449 4 870 2043 3 1788 2709 8
2690 2681 3 1549 1647 3 1911 3140 6 2110 2688 5 2156 3503 8
1847 2593 3 2203 2173 4 729 2714 8 1622 2561 6 2204 2774 6
951 1438 3 1301 3055 7 734 2025 5 2141 1696 5 1576 2800 7
3023 2944 7 1638 2883 7 2459 2965 4 1352 3030 5 1549 2788 6
2260 2989 3 1834 2105 5 2389 2792 6 1758 2172 3 1970 2946 9
1998 2678 3 1506 2512 3 3080 3253 7 1923 2012 7 2620 3461 6
2689 3877 9 2368 2797 5 1936 3242 3 3636 4051 5 2038 2424 6
2436 3497 3 1771 3265 10 2973 2974 7 1969 2078 6 2054 3095 4
1944 2318 4 1695 2107 4 1786 2119 3 2004 3556 9 1183 2521 6
2351 1597 5 1252 1714 6 1070 1791 3 1760 2606 5 1864 3752 10
1579 2089 3 2325 2929 3 1834 2741 9 1362 2110 5 1872 2490 10
2538 2965 3 1225 2394 4 2104 3512 6 2578 2935 6 1247 2273 6
1182 2401 3 2215 3546 6 1750 2206 3 2677 2714 8 2116 2491 7
2207 1793 5 2333 2710 6 1288 2963 6 3209 3731 5 1805 2293 6
2006 3383 10 1189 1342 3 2087 2496 5 2670 3228 5 2087 3038 6
3204 3718 5 2217 2421 5 1516 3326 6 2065 2369 3 2135 3841 6
1814 3225 9 2054 2279 3 2024 2968 8 2508 2986 3 1946 2478 6
2131 1347 3 1121 2182 6 1379 3118 9 1860 2932 3 1389 2279 4
2024 2210 4 2033 2419 6 2248 3161 4 2624 3741 6 1404 2426 8
1815 2194 5 2372 2005 3 2405 1727 3 2034 4062 6 1347 3449 7
2551 2968 4 2069 3367 8 2397 2745 3 2052 2278 5 1379 3332 8
2781 3575 8 2118 2649 3 2732 2174 4 2457 3391 7 1880 2718 6
3366 4596 9 2373 3505 3 2426 3048 6 1144 2669 3 2922 3600 5
3330 3284 3 2303 2719 7 2292 3065 4 1422 2390 5 1808 2962 8
2402 2843 6 1004 1490 5 1780 2432 3 2874 3620 9 1167 2813 5
2857 2877 3 1542 2570 6 1914 3578 7 2387 2954 3 2246 2120 5
2542 3483 7 1663 2312 3 2164 2928 4 2491 1974 5 2286 3885 8
988 1742 8 1352 3006 4 1737 1884 6 1601 2497 6 1700 2242 4
2444 2578 6 1814 1894 3 1656 2332 8 1633 3369 5 2916 3131 7
1603 2896 4 1599 1854 6 1060 2218 7 1128 1567 3 1421 2233 4
1540 2521 9 1149 2670 3 2351 1908 7 1310 2966 6 1345 1133 6
1442 1980 3 1603 2291 3 1551 1753 7 1685 3998 7 1811 1829 6
2268 3795 5 1890 2656 6 2823 2588 4 2103 2137 3 1920 3188 9
2109 2768 5 2502 2918 3 3177 3620 7 1899 3318 7 3208 3759 6
2581 2321 5 1824 2765 5 1366 2427 8 1359 3040 5 1774 2126 5
1864 1769 3 1079 2026 6 1617 2254 4 1646 3032 8 2101 2781 7
1651 2035 5 1236 2067 6 1449 2555 7 1500 1903 4 965 1917 5
1952 3099 3 1627 1942 3 3404 3637 7 1681 2956 6 2362 3132 8
1734 2206 6 1695 2409 5 1907 2839 5 1445 1274 5 2016 1730 6
1822 2446 3 1672 1566 5 1384 1784 3 1279 3928 10 2004 2076 7
1530 1436 6 2517 4349 8 2070 2384 3 1739 3122 8 1988 1894 6
2174 2757 10 1361 1446 3 1843 2710 5 1534 3104 8 1810 2043 4
2245 2240 3 1407 2232 7 1894 2538 6 2794 2710 6 1928 3181 5
491 1699 10 993 2135 6 1597 1683 6 2194 1674 3 1171 1947 7
1787 3007 8 1466 1910 3 2510 2123 7 1992 1831 3 1591 2997 8
1973 3342 4 1793 1986 5 2258 3059 10 2005 3312 4 2382 2725 4
1907 2851 11 2544 3510 6 1511 2348 6 2655 3694 5 1804 2281 4
1634 2776 7 1694 2634 8 1170 1879 3 1759 2342 5 2304 1802 6
953 1948 7 1806 1681 7 1318 1846 3 763 1697 4 1438 2217 7
1261 2805 8 1557 2712 6 1115 2194 3 2949 2739 8 1357 1671 4
1312 2631 6 939 2039 10 1660 2377 5 2094 2780 3 901 1551 4
1439 1280 3 2210 3389 6 1881 2559 8 1471 3002 4 1572 2763 5
1521 1630 6 1474 2976 10 1474 2336 3 2169 2591 7 1011 2612 8
1961 3037 6 2341 3166 6 2565 2523 9 2326 2343 3 1631 2538 4
1943 2402 5 1892 2266 4 2890 2782 3 1973 3035 8 1370 2865 8
2270 1582 7 1314 2529 7 1398 1673 8 1412 2999 3 1060 2799 6
1274 3280 6 2930 3155 7 941 1829 4 1753 2639 9 1982 1807 4
1843 1509 6 2078 2909 3 1376 2235 4 2601 2847 3 2293 4089 13
2215 3044 3 2230 2816 4 1963 3656 7 1159 1672 7 2553 3011 8
1623 2346 5 2623 2574 6 2648 4378 3 2316 3312 5 3861 3627 8
2007 2498 12 1519 2120 5 1229 2203 3 1732 2201 5 790 1873 6
1329 2314 8 1278 1767 4 2037 1913 3 1485 3341 6 1632 2591 5
2943 3041 5 2956 4575 4 1427 2884 4 2184 3072 8 2064 1410 4
1688 3239 11 1601 2982 12 1168 2526 3 2342 2204 3 1962 1723 4
1749 2489 3 2816 1933 4 1626 1756 3 1872 3707 11 2189 2542 8
1481 2853 3 1448 1583 5 1049 3041 5 2307 2465 8 2500 2640 8
1352 2869 9 2117 2433 5 2489 2727 4 2111 2898 4 1874 2393 6
2269 2842 3 3157 3603 5 2180 2855 8 1558 2834 5 1636 2117 6
968 1233 3 2607 3398 10 3343 4128 5 1846 1477 3 1333 3012 8
1309 1382 3 1371 2016 4 1378 1900 3 1661 2435 9 1728 2880 12
1737 3200 3 2284 2176 3 1906 2262 7 2703 2924 3 1973 3456 9
1868 2779 8 2081 1728 6 1095 1349 4 1779 2814 5 1480 2637 6
1306 2009 3 1452 3197 10 1483 2474 6 2082 2263 4 1477 2276 5
2344 2713 4 1222 1759 6 2032 2692 4 992 2461 6 1671 2117 7
2691 4235 14 2385 2973 3 2676 2713 3 1397 2747 3 2066 1904 6
2182 1483 4 1027 2935 6 2640 3662 4 2541 1992 5 2635 3493 8
1280 3759 7 3837 4106 7 3353 3649 3 1249 2428 9 1968 2515 6
2612 4264 5 872 1539 3 1683 2161 6 2766 2879 4 1744 2483 8
1373 2083 7 1525 2951 6 2199 2929 7 2285 2758 7 1663 2257 4
1808 3274 4 1562 2082 5 2214 2044 3 1081 1629 5 2717 3142 9
1199 1832 5 1961 2399 4 1872 1874 5 1427 2834 7 1050 2445 6
1503 2807 8 1435 1682 5 1249 1710 5 862 1550 3 2103 2904 10
1240 1813 7 1808 3016 5 1923 3049 6 2044 2481 5 2798 2901 6
2323 2329 4 2826 3019 4 1586 3608 9 1968 2582 3 1728 2412 4
2685 3355 6 2288 2673 3 2270 4048 6 2266 3586 4 3281 3224 6
1171 2068 3 2650 2663 6 1733 2704 5 2278 3059 5 2067 3151 11
1614 1784 7 1726 2481 5 1020 2490 3 1801 2487 7 1204 1874 7
1908 2742 4 2266 3023 6 1602 2324 4 2435 2843 8 1179 2553 6
1752 3084 4 2504 1952 6 1957 2020 3 1167 3661 9 2303 2699 7
2608 2965 8 2747 3751 7 2176 3797 5 1670 1898 7 1552 2399 4
382 1285 5 1480 1512 6 494 1860 7 878 2167 3 1404 1597 8
1445 2011 3 1902 2288 5 2182 2699 5 1222 2908 7 1244 2373 10
1537 3092 6 1936 2270 7 1105 2796 3 1516 2058 3 2719 1973 12
2062 3006 10 2477 1865 4 942 1881 3 744 2446 9 1778 2044 6
1797 2568 4 2706 3011 4 1677 2773 5 2756 2962 6 1756 2668 5
1506 2790 8 2935 3281 4 3199 2674 4 1172 3260 5 1541 1952 7
2393 2681 8 1718 1691 6 560 2386 5 2335 3314 5 633 1458 6
1244 2823 9 1362 2622 5 3293 3096 3 2869 2536 3 1363 2139 6
1536 1990 4 1892 2150 4 1630 2602 8 1994 2542 7 497 2422 6
2679 2173 3 1808 2999 8 1504 2882 6 2444 2373 3 1594 3152 8
1663 1848 3 1567 3147 5 1023 2352 6 2459 3732 8 1578 2214 6
1004 1400 3 2603 2971 8 1731 1847 7 1420 2964 5 2348 3136 6
2158 2284 3 2073 2553 3 2142 3664 6 1926 3515 8 2017 2435 6
1330 1718 5 2224 3451 8 528 906 4 1981 1953 5 1837 3027 8
1927 2805 10 1544 1984 7 1088 3323 4 1676 2663 5 1644 2099 6
1631 2098 5 2246 1939 5 1275 2932 7 2378 3035 5 1381 2302 6
2244 2410 5 2404 3287 3 3034 3887 9 2087 4200 6 2863 2956 6
2107 3622 3 2735 2168 4 2711 2300 3 1665 2986 8 1887 2952 8
2112 2112 7 1444 2876 7 1233 2153 3 1302 2217 7 2370 2621 5
1294 1675 6 2101 2713 7 1344 2783 7 2066 3117 7 2468 1992 4
1558 1825 5 933 2704 10 1003 1971 4 1193 2041 5 1466 1659 4
1929 2408 5 2334 2644 3 3156 3430 7 2249 1782 5 2482 3978 8
1884 2051 6 1038 1567 3 1264 2439 5 1983 2864 8 1496 2432 6
2333 2588 5 2129 3150 8 1237 2549 6 2558 2667 3 1478 2163 4
2136 3347 9 2221 2713 6 1613 2408 7 928 1578 3 1712 2217 5
2691 4270 10 2839 2410 3 2143 3150 3 2583 3017 6 2251 3384 7
2144 1816 5 2597 3681 3 2143 2529 8 3091 3769 5 1736 3182 6
1326 1872 6 2389 2364 6 1549 2377 4 749 2685 9 1644 1678 6
2494 2890 3 2535 2862 5 2257 3491 5 3195 2595 9 2234 3337 6
2663 3307 7 2377 3550 5 677 1191 3 1936 3020 6 2369 2768 7
1891 3255 3 2121 2908 6 2210 2705 6 2747 3329 5 1526 2550 7
1265 2030 3 2151 1982 5 1951 3386 9 2329 3455 5 1656 2455 5
1061 2394 8 941 1313 4 1319 1303 6 1576 1460 5 765 2081 7
2816 2933 3 1658 2144 3 2121 3386 8 2167 3510 8 1781 2117 6
3061 3058 7 1564 2993 6 1606 1450 3 2289 2819 6 2476 2883 6
1058 2024 3 1913 2039 4 1114 2188 5 1537 2659 7 1645 1646 8
1755 1098 3 1326 3300 10 2668 3239 5 1591 1607 5 2522 3666 7
1988 3593 5 1980 2729 6 2037 2364 3 2290 3186 7 1785 2846 9
2214 3729 7 1523 2113 3 1903 2585 5 1672 2742 5 2511 2601 10
1043 1242 4 2314 2650 3 968 2307 5 2018 2186 9 1541 2855 7
2803 3267 5 1905 2347 3 948 3521 5 2204 2607 6 2838 2859 7
1586 2842 3 2067 2391 5 2562 2277 7 1204 2122 5 2906 3761 10
1495 2575 8 1537 1988 3 1956 2693 6 1869 2498 5 2412 2836 8
2542 2712 3 2619 3097 7 1651 3257 9 1966 2419 3 1619 3033 4
1501 2992 6 1925 2856 3 1811 1909 4 2102 3009 8 2087 2412 7
2138 3027 4 1958 2067 4 1848 3253 4 1530 2896 11 2024 1564 4
1032 2439 3 1193 2432 7 1671 2627 3 2116 2551 9 2387 2647 6
989 1019 3 2086 2861 5 1429 3085 8 1595 1953 3 2012 3314 10
1073 2811 7 2415 2930 6 2676 2544 4 2279 3498 5 1512 1913 6
1452 2696 10 2005 2403 6 1536 1481 3 1274 2879 8 1067 1257 6
1979 2658 3 1982 2331 5 1297 1832 3 2931 3574 8 1062 2931 9
1984 2983 5 2020 2506 5 2113 2689 8 1771 2587 6 2039 2241 4
855 2424 4 1026 2062 3 3876 3750 11 2336 3190 4 1272 1888 5
1016 1697 3 2670 3762 7 3436 4139 8 1996 2550 3 2013 2641 6
1548 2590 3 1393 3369 6 1258 2081 8 2009 1770 3 2339 3251 8
1769 3192 5 1686 1864 4 1555 2578 9 1560 2019 4 1393 2436 7
911 2073 5 1441 3382 7 1158 2115 3 1788 3036 7 2054 2031 7
2140 2198 3 2812 3473 3 2363 4124 5 3551 3417 7 1132 2834 7
2451 3101 7 1581 2064 5 1268 2448 7 1548 2178 4 1574 1618 4
2124 1893 3 972 2366 10 1414 2875 6 1626 2490 3 1536 1870 6
1310 2388 5 1787 4199 7 1718 1805 8 1935 2110 3 919 2358 6
1816 3379 3 2710 3058 3 2372 2380 5 3110 4061 8 2199 2243 8
1640 1668 5 2361 1889 3 1022 1858 7 1284 2516 3 2318 3529 9
1488 1903 8 2409 2861 4 1743 3255 5 1742 2211 4 1907 2587 8
2634 4254 4 1766 2622 5 1584 2054 3 1708 2746 5 2880 2991 10
2510 2510 5 2086 2344 5 2438 3814 5 1569 2723 3 2222 2817 8
508 1778 6 1789 2982 5 2861 2688 5 1532 2669 7 2206 2375 6
2244 2830 3 2176 2651 5 1789 2234 5 1293 2648 9 2384 2955 6
2274 3804 7 1689 2380 5 2265 3182 5 2408 3201 3 2569 2329 8
1604 2677 12 1601 2515 3 1293 2306 7 1371 1630 3 1551 1828 4
901 2475 5 1770 2628 5 2107 2787 7 2111 1774 3 2470 2620 8
1543 3050 7 2944 2970 3 2309 3612 7 1329 1497 3 2704 3022 8
1611 3504 3 1990 3490 8 2224 1860 5 1674 1856 3 2111 2488 9
2209 2021 6 1566 2385 6 1889 1987 6 2230 3192 3 1630 3449 7
2369 3489 7 1285 2133 5 3139 3145 4 2066 2763 5 2200 3002 6
1920 2187 8 1016 1074 3 1001 2324 9 1492 2405 4 668 1857 4
2225 2348 3 2102 3537 5 2640 2913 3 1746 2893 3 2699 3245 12
1875 1726 7 1971 2497 6 2204 2460 3 1281 2411 5 1628 2772 8
2549 3589 3 2152 3638 8 2539 2943 5 2486 2077 5 1371 2711 6
1882 2119 8 1468 2169 6 1397 3086 8 1855 3217 5 1381 1961 4
2077 2425 3 2199 2973 3 1707 3234 5 2481 2659 10 2554 3397 6
1719 2304 3 1413 1942 5 2305 2994 11 1497 2605 3 1763 2530 8
1324 2823 7 1806 1646 4 2500 3554 6 1950 2283 6 840 1446 4
2624 3708 7 1803 2079 5 3222 3771 3 3369 3494 7 1698 2833 4
1229 2501 11 1588 2452 4 1309 1631 3 943 1221 6 710 1700 6
1476 3243 10 2667 2845 5 1439 2496 4 1799 1955 3 2139 2613 8
2324 2050 3 1821 2453 3 1552 3047 6 1725 2470 3 2583 3444 9
2295 4072 3 2374 2944 5 1790 2900 7 2638 3069 5 3073 2555 6
1301 1608 6 2054 2307 4 1495 3802 7 2354 2896 3 1689 2267 7
1388 2911 6 1974 2009 8 2945 3441 3 3245 4050 5 2967 4135 6
2514 2311 6 1081 2640 8 1273 1743 3 3114 3582 3 1434 2864 8
1706 2366 4 1877 3280 6 2254 2176 3 2090 2573 7 2536 3562 7
2915 3149 3 2237 2991 6 1375 2364 3 1916 3198 7 2518 2769 9
2197 2383 5 856 1597 3 1776 2558 6 2109 3459 8 1943 2808 5
1628 2823 4 2484 2768 5 1271 2537 5 1775 2581 7 2438 2812 6
3319 3648 7 2577 4248 4 1436 1466 5 1977 3309 5 1718 2535 8
1583 1941 5 1524 2418 5 1950 3569 9 1388 2302 3 1139 2412 10
2755 3775 8 2095 2182 4 2104 2591 3 1814 2819 5 1552 1888 8
2045 2435 6 1539 2571 5 1474 2249 3 2170 3353 8 1819 2020 6
2425 2756 5 1695 2231 3 2027 2727 4 1980 3031 7 2954 3372 10
2268 1896 6 2042 3091 8 1229 2171 3 2409 2156 5 1858 3443 8
2383 3914 5 1773 2241 3 2484 2883 7 1510 2863 9 2044 2611 6
2017 1280 3 1150 2517 5 2084 1875 7 1281 3305 8 1156 1822 6
2109 2775 8 2162 1934 3 2428 2907 5 1981 2808 9 1478 1663 4
1452 2307 3 1651 3360 12 1667 1455 5 1317 1525 3 1200 1998 6
1715 2916 7 1809 2023 3 2558 2073 5 2147 3173 7 2271 2875 8
1241 1882 6 1392 1948 3 1684 2744 4 3077 2898 5 1349 2350 9
1615 1884 3 1983 2149 6 2088 2909 4 1329 2919 9 1535 2308 6
2083 2641 5 1829 2275 8 1723 3480 6 2757 2431 5 1978 2336 4
2339 1989 6 1321 2116 3 2193 2071 4 816 2598 9 1811 2912 8
1684 2752 3 3243 4187 6 2946 3072 5 1801 2496 5 2796 3812 8
1526 2090 3 1311 2212 4 1307 1920 4 1957 2537 7 2018 2660 8
2591 3196 8 1364 2304 8 946 2439 4 2149 1598 3 1383 2347 9
1773 2103 3 2931 3643 7 1190 1490 3 2212 2750 5 2205 3861 9
2142 2723 5 1454 3156 10 3166 2434 5 1641 3778 9 2014 2022 4
1424 2709 5 1614 1986 7 1828 2149 5 1937 2478 6 1400 2037 5
1914 3528 6 2192 2438 8 2010 2908 6 1695 2171 3 1660 1961 8
1912 2657 6 2200 3108 4 1140 2285 4 1499 2464 11 1771 1781 6
3558 3179 5 2214 3397 5 1828 2851 10 750 1742 3 2872 3565 6
2538 3419 5 1329 935 3 1564 1983 5 1300 2591 9 1583 2516 8
890 1806 3 2481 4522 8 2384 2521 7 2808 3045 5 2803 3409 6
2295 3132 9 1563 2387 3 679 2366 4 2040 2317 6 1560 2255 6
2326 2337 6 2131 3243 5 2326 3371 7 2568 3470 6 2828 1962 5
1707 2606 3 1671 2296 5 1973 3177 13 2225 2118 3 1735 2752 6
1779 3514 9 2101 1320 3 1277 2299 4 1688 2718 4 2056 2293 8
1791 3345 5 2346 3151 7 1700 1925 3 2384 3707 5 1453 2503 12
920 993 3 1392 2378 6 898 2561 7 1008 1755 5 1621 1960 6
1754 3196 7 1928 2143 3 1947 3549 7 1924 2367 3 1767 2164 8
1287 2728 3 1708 726 5 1065 2764 6 1961 2912 7 1577 2327 5
2117 1959 3 1091 2423 4 621 2166 5 2714 2801 5 2663 3801 9
1083 1997 4 947 1623 5 1470 3075 9 1566 1654 4 1606 1828 6
830 2314 5 1530 2209 5 2379 2275 3 1678 2543 9 846 2487 7
1300 2746 8 1631 2582 8 1391 2302 5 2943 2651 6 1420 1808 6
1311 1290 3 1301 2617 9 2395 3068 8 1528 1848 4 1366 1876 6
2881 3037 5 2305 2963 8 2007 2494 5 1415 2783 9 977 1579 4
1861 2255 5 1769 3065 3 1294 2678 4 2108 2267 11 1956 2649 4
1590 2388 8 2315 3712 8 1258 2409 7 2266 2552 3 1880 1824 4
2074 3548 12 2712 2628 3 2193 2721 3 2724 2785 6 1714 3270 4
1791 2001 3 2586 3174 8 1854 3738 6 1775 2460 5 1970 2368 6
2210 2773 6 1572 1534 6 3043 4124 4 2148 2266 5 2248 3031 8
2913 2317 4 1250 3465 8 1729 2902 9 1458 3053 4 1872 2718 4
2622 2323 6 1484 2387 6 1528 2477 6 1821 2519 5 1563 2586 6
1436 1968 3 538 1063 6 531 1288 4 1693 2346 7 1805 3382 10
2205 2127 3 2343 2368 3 1783 2085 5 638 2505 5 1679 3192 12
2367 2940 3 2230 2339 3 1460 2569 6 1177 1293 8 1845 2738 6
1624 2880 9 607 1979 4 762 2214 6 2429 1963 3 1634 1652 6
1407 2732 7 1831 3224 3 3032 3235 4 2452 3399 5 1561 1848 10
1949 1914 3 1692 2447 3 1703 3783 4 2683 3097 7 1791 2997 8
2697 2886 7 2524 2761 3 3456 3573 7 1403 2485 7 2006 3877 5
1973 2905 3 2594 2450 3 2544 3175 7 2804 3517 9 1293 2850 4
2170 2878 3 2396 1760 4 1502 1699 6 2340 3840 7 2605 3330 7
1398 2474 7 1170 1140 3 1564 2502 6 1834 3002 9 1173 1148 5
1560 4396 7 2336 2174 4 1731 1956 3 2105 1642 4 1920 2145 9
1094 2396 7 1016 1770 5 1524 1684 4 1711 2650 7 2113 2465 8
1234 2094 7 2169 2843 7 1800 2507 4 1433 2097 4 2929 3737 9
1703 2740 7 1606 3247 10 733 656 3 1213 1476 5 1179 2033 5
1227 2841 4 1935 2980 7 1635 1925 5 2199 2504 3 2763 3494 9
1576 3132 6 880 2038 7 1508 1397 4 1510 1510 3 966 2357 10
2091 2170 8 1105 2247 4 330 2072 4 1434 2357 3 1782 2079 9
1955 3042 4 1359 1917 7 1951 3460 6 2116 2356 3 2204 3390 9
2047 2175 3 1567 2090 7 1098 1901 5 2452 3593 10 1942 2099 5
2622 2207 7 2038 2707 5 3146 4448 3 1581 2059 4 2296 3625 8
1841 2927 3 1779 1852 3 2436 2448 3 2291 3121 9 3105 4650 9
2219 2388 6 1222 2087 6 2233 2828 4 2624 3167 5 1262 2332 7
1374 2520 10 1976 2598 7 1463 3052 5 774 1512 5 1812 1976 6
3908 3546 3 3612 5254 6 3342 3534 5 2564 4329 5 3177 3184 5
2142 3245 5 2322 3537 4 2260 2448 3 2079 2460 3 1873 2649 8
1203 3344 8 2837 3344 6 988 1719 3 2597 2751 7 1790 1994 6
2281 3002 3 1565 2826 4 2372 3659 12 1852 2089 5 2604 3001 4
1894 2998 4 2406 3029 3 2068 2465 4 1880 3056 11 2310 2603 5
1973 3434 7 2488 1934 3 2796 4044 10 1693 2425 6 1374 1365 4
2133 2896 7 698 1924 5 1983 2000 3 2231 2203 9 1752 2822 6
3055 3457 5 1991 3153 4 1726 1904 3 2348 2475 7 1858 3256 8
1895 2727 8 1250 2356 3 1746 2322 6 1132 1702 7 2722 2803 5
2149 3199 6 2949 1929 3 1165 1941 4 1262 2576 9 1498 2326 8
1076 2046 3 2113 3058 5 1469 3151 9 1887 2144 4 1988 2450 6
1251 1883 3 1401 2034 5 1757 2395 6 2161 2746 6 1729 2281 8
3070 3201 5 2383 2533 6 1060 2847 4 1855 2005 3 2116 4159 9
1528 3181 8 1899 1697 3 1757 1687 4 1680 2571 3 2700 3999 11
2046 2581 5 2366 2848 5 1440 2325 3 2260 3078 8 1437 2908 6
1705 3897 10 1290 2007 7 1222 1955 3 3358 2707 4 2028 2593 4
1969 2782 8 1736 1707 6 1514 2558 7 1738 3441 6 2175 1828 4
1953 3078 4 1815 1724 3 2225 3194 5 2859 3966 7 1963 2573 8
1962 2723 6 1358 2523 9 2075 3351 6 2059 2762 5 1538 3041 6
2295 2651 5 1342 2929 7 1960 3202 7 1566 1889 6 1564 2122 6
1295 2317 7 1213 2090 6 1847 2724 4 2138 2986 5 2287 3817 9
1190 2078 8 1277 1078 4 1223 1725 4 1933 2143 5 1221 2697 10
1972 3058 5 1379 2117 10 1179 2565 6 804 2031 3 2175 1539 5
1107 1687 3 1970 2618 8 1943 2869 6 1451 2917 5 1528 2119 6
2030 3599 3 1499 2101 3 1823 2572 7 1561 1906 7 2983 3069 6
2324 2574 3 1647 2627 3 1964 1588 3 2437 3025 4 1966 4214 13
1208 2881 7 2359 2764 4 2316 3216 3 1636 3324 8 2434 2306 5
1146 1854 3 2433 3561 7 2937 3101 7 2389 2792 7 1663 2147 4
1732 2358 8 1937 3495 12 1977 2574 3 1397 3232 5 3029 2358 4
1896 4048 4 946 1836 8 1190 2093 7 1527 1786 3 2290 2358 9
1836 3213 6 2171 3143 8 2352 3010 7 1965 2246 3 1663 1886 6
1583 2682 6 1155 1990 3 2324 3067 7 1183 2398 5 3018 3180 8
1296 3238 6 2038 1877 3 1404 2153 3 1301 2553 7 2697 3521 12
1603 2593 3 2363 2687 3 2289 3170 6 2182 4089 7 1986 2521 9
1333 1682 5 1000 2273 8 1287 2425 5 1553 1626 5 1136 2894 8
2015 3622 8 2786 3308 3 1217 2275 5 1721 2201 8 1511 1588 6
2098 3579 6 2579 3386 5 1857 3799 7 1799 2785 4 1926 1600 4
1408 1447 3 1618 2460 9 1234 2886 3 1264 1737 4 2016 2061 10
1540 1891 7 1496 3040 9 1895 1533 3 1364 2970 5 1185 1257 6
2294 3230 8 1639 2254 6 1797 2070 3 2319 2289 7 1986 3506 5
2446 2829 6 1883 2741 5 1537 2532 4 944 1776 7 2095 2458 6
2182 2379 7 2319 3819 8 2288 2018 3 971 2369 7 2260 3176 7
1786 2583 5 2453 3167 7 1658 2579 4 1787 2444 7 2615 2815 6
2680 2217 3 1106 1477 3 1667 3066 3 3289 4384 9 3605 3431 8
2246 2765 3 2050 2547 5 1600 2837 6 2069 2866 3 1877 3045 12
2232 2567 6 2218 2360 4 2145 2633 6 2114 3044 5 1915 2615 6
1034 2161 6 1353 1840 5 841 1438 3 1505 2736 9 1044 1656 9
1419 2011 4 2431 2807 4 1959 2678 3 1429 2356 5 1539 3066 13
1551 2450 6 1854 2937 9 1582 3164 5 1039 1161 3 1555 1548 8
2192 2322 4 1789 2453 5 1450 2249 5 1908 2915 6 2433 2322 6
898 2320 3 1357 1707 4 1871 2817 9 1720 2089 8 1451 1847 5
2138 2434 6 1888 2910 3 1845 2716 6 1761 2035 3 1862 3136 11
1743 2842 5 1884 1652 3 1166 1650 5 1982 4007 15 1265 1877 5
2442 3043 5 2289 2477 3 1754 2609 6 1659 3047 5 2354 2794 8
1749 2452 6 2810 3139 7 1706 2784 3 1779 2337 4 2212 2963 6
1996 2148 11 1466 2509 3 1318 1280 3 1202 2475 5 1254 2277 8
1745 2399 4 1708 3254 4 1241 2238 5 2403 2912 8 1350 2201 6
1346 2862 4 1521 1910 6 2045 2594 8 988 2516 7 1414 1668 4
2055 2975 13 962 1946 6 799 2084 3 1726 2393 3 1464 1576 6
1496 3193 10 2326 3453 3 2919 3345 6 2436 3177 5 2424 2742 6
1890 3189 6 2828 3989 4 1845 2193 3 3420 3581 7 1839 2403 5
2061 2422 5 1934 2960 3 2020 3088 5 2215 2195 6 2514 2768 4
1459 3717 6 2524 2444 6 2526 2098 3 1712 1698 3 1724 2887 8
2196 1913 6 1745 2340 4 2013 3898 7 2258 2448 5 1939 2285 6
1809 2656 3 1683 3734 7 2019 2704 6 1335 2035 5 1458 1537 4
1864 2103 6 2018 2212 3 1642 2242 3 1449 1917 7 1128 3149 12
2804 2851 3 2319 2966 5 1463 3044 3 2374 3536 9 2522 2619 7
2574 2456 5 1307 1750 3 1809 3225 9 1520 2379 3 1796 2413 8
1968 3189 5 2142 3493 5 1798 2482 10 2221 2934 5 2279 2062 6
2015 1674 3 2443 3504 3 2483 3330 7 2396 3103 7 1923 2525 5
1506 1825 5 1643 1876 7 1204 1993 4 2028 3088 6 2300 3905 6
2323 2754 3 2114 2493 3 1241 2925 11 1148 1639 3 1044 2199 9
1212 1512 3 1441 1844 4 1062 2112 7 1598 3332 9 1764 2358 6
1803 1925 3 1564 2723 5 1818 2406 7 2668 2360 9 1543 3043 5
3049 3885 6 1619 2904 4 2647 2478 4 1835 2509 8 2189 2936 6
2836 3559 3 2078 3421 3 2136 2341 4 3504 3857 9 1948 2704 7
2061 2190 5 1339 3525 6 1703 1928 6 1577 2060 6 2301 2269 4
980 1456 3 1703 2963 11 2122 2190 5 2433 3163 3 2293 2930 7
2661 2800 7 2682 3941 7 2354 3739 4 2457 2001 3 2058 3438 7
1254 2073 3 2942 3300 6 1629 1731 3 1695 2783 7 2127 2693 8
1647 2658 4 1611 1875 4 1518 1399 3 2148 3016 9 1482 2255 7
2227 2899 5 2078 2215 6 1239 1739 3 2642 2771 7 1181 2593 6
1432 1738 3 2124 1408 3 1705 3040 10 1163 1939 3 1812 3898 10
1526 4014 10 1802 2376 4 1875 2842 3 1961 3505 5 2632 2437 9
2384 3505 7 1979 2242 6 2967 3395 3 1525 2143 3 2594 3540 7
1431 2156 7 1309 1343 6 1689 1978 5 2450 3385 7 941 2850 7
2219 2673 5 1095 2002 5 1486 2383 7 1560 2718 4 1348 2443 8
1446 2267 6 2122 2897 3 3701 3763 10 1882 3034 4 1727 2125 4
2639 3421 6 927 2115 12 1610 2115 3 2391 3035 3 1466 3279 8
1129 3046 4 2659 2693 3 2404 2065 4 3192 3842 7 2073 3812 11
1521 1914 6 1925 2698 3 1886 3291 6 1416 1432 5 2842 3164 7
1238 2167 8 2064 1458 7 2650 3443 6 2252 2494 3 1557 3140 7
1757 3046 7 1427 2158 6 1364 2163 4 2015 2372 5 896 1830 6
1356 2666 3 1582 1864 6 1016 2828 6 1976 1502 5 1535 2489 8
1453 1504 3 1828 2100 5 1239 2840 8 1062 1556 3 1989 2670 7
2535 2082 5 1782 2711 4 1907 2257 5 1374 3616 8 1351 1665 5
1859 2022 5 2592 2670 6 1885 4101 9 3273 3266 5 1190 2979 5
2597 2896 11 1901 3069 5 2745 2321 3 691 2278 3 2705 3442 8
2285 3373 8 2110 3216 3 3036 3567 5 2323 3338 6 2573 3099 5
2230 2782 5 2086 3612 7 2282 2685 5 1670 2071 7 1232 1788 6
1753 1850 5 1652 2990 3 2700 3025 12 761 1482 4 1669 2748 6
1881 2385 4 2272 3824 5 1923 2722 5 924 1663 8 1921 2968 7
1857 2157 8 2049 2971 6 1870 2664 5 2360 2932 5 1244 2199 6
2387 3362 3 2177 3140 4 3109 3209 5 2658 3824 9 1291 1792 4
2598 2335 3 2748 2107 3 1374 2197 3 2031 3673 7 1642 3185 11
1756 2441 6 1122 1758 3 1188 2458 9 981 2474 7 2003 2322 8
1765 1923 3 2207 3583 10 919 2918 9 1572 2040 3 1643 2303 8
1456 3354 5 2502 2390 7 1447 1683 4 1063 2093 5 2617 3006 5
1400 1226 7 2075 2248 3 1300 2335 6 1439 2307 4 2074 3739 8
1999 2530 8 1677 1537 3 2360 3472 9 1084 2711 5 1974 2532 4
3179 4126 3 1929 3599 6 2355 3181 7 1887 2013 3 3307 3465 8
2031 3717 6 2969 3441 6 2135 3269 8 2645 2856 5 1444 1739 4
2166 2237 6 1865 2550 5 2022 3283 9 1129 1582 3 2664 3185 4
2359 1968 3 517 2393 8 1133 1229 5 1662 2834 10 1189 2401 5
1456 2838 5 2459 2387 5 1529 2359 4 1222 2127 6 909 2685 10
2266 3613 9 2875 3389 5 1198 1211 4 3100 4234 9 1600 2612 4
2138 2821 5 1720 1774 5 1007 1464 3 1483 2404 7 1646 3020 9
1157 2002 3 2497 3673 12 1889 3292 5 2157 1744 3 2399 3064 4
491 1271 3 844 751 3 1690 3453 9 1997 2059 3 1186 2088 12
1121 1700 5 1993 1987 4 1470 2906 5 1963 2328 6 1298 1971 7
1838 2111 5 2385 3326 4 1967 3111 5 1601 2440 5 1949 3147 8
1663 3184 6 1452 2899 10 1808 1368 3 2401 2859 4 1633 2234 9
2090 2780 6 1810 2009 7 1679 2969 5 2292 3264 6 952 1701 6
2124 1922 7 1374 2434 8 2026 2751 5 1384 2048 4 1054 2289 5
1402 2411 3 2048 2105 6 1757 1930 4 2259 2122 5 1817 3746 11
2130 2460 3 1133 2518 8 1782 2490 5 2118 2760 6 1529 2819 8
1601 2786 7 1637 1458 5 2889 3247 5 1942 3525 6 1773 2621 6
2446 3010 5 944 1718 3 2034 2516 5 2254 3165 10 1712 2310 8
1448 1567 6 1526 2284 3 1188 1868 9 1014 2133 6 1644 2611 8
1575 2738 6 1119 2039 6 1199 2277 9 1384 2356 7 1051 1156 4
905 1716 3 2662 2664 10 1668 2560 5 2069 3788 7 1553 2456 6
1959 2706 5 1703 2564 8 2180 2177 3 1191 1980 7 962 2406 6
2380 2937 5 2656 3235 8 3135 3168 3 2052 3063 8 824 2761 8
1410 1801 3 1508 2323 3 1238 2756 9 2069 2615 6 1878 2871 8
2054 2725 3 1360 2840 4 2076 2461 4 1520 1965 7 1226 2075 10
2083 2835 3 1399 2672 3 2727 3479 5 3153 2615 7 1881 3999 9
1605 2388 3 1433 2943 9 3430 2990 7 1640 2142 5 1728 2728 5
1374 2594 8 2532 2983 6 1959 3199 6 2032 1594 3 2559 2693 8
1765 2631 3 2027 3634 5 1527 2734 5 2359 1830 7 2336 3199 9
1102 3868 10 1691 2065 8 1162 1633 6 1889 1748 3 939 1563 4
2417 2380 3 2006 3774 8 2023 2454 5 1211 2580 5 1956 1848 6
1760 3301 9 1488 1672 3 1151 2696 6 2321 2068 7 1131 1840 4
2390 2887 3 2218 2779 6 2136 2482 5 3219 2642 6 1901 3373 7
1977 3545 7 2294 2345 7 1808 2074 4 1585 2430 5 1474 2629 6
2562 3239 7 2965 3362 6 2297 3121 3 3343 3840 3 2605 3590 8
1993 2191 3 1894 2679 6 1106 1614 5 1915 3008 6 2715 2902 8
1997 2614 3 2130 2711 9 1849 2752 8 2371 2730 3 857 2019 6
1312 2577 3 1931 1881 3 3015 3478 6 2014 2178 5 1311 3066 10
2920 2729 4 2262 3047 3 1727 2729 5 1426 2466 5 1200 2894 13
1419 2304 9 2203 3466 6 805 1423 4 2057 1970 3 1355 2490 7
829 1566 3 1252 3126 8 1480 2402 7 2554 2804 5 2141 3480 7
2776 3934 10 2362 2388 6 1917 2082 3 1769 3048 6 2295 3221 4
1652 2384 5 1682 1904 3 1692 2207 3 2245 2346 6 2657 4705 9
1797 2062 9 2205 3546 7 2171 1937 5 2060 2404 3 1695 3496 8
1571 2451 6 2367 2961 3 1752 2032 3 1984 3565 7 2060 1966 10
1147 1569 7 1947 3827 11 2424 2349 3 1822 2823 3 1738 2350 4
2213 2375 5 1784 3332 11 2617 3175 3 1001 2267 5 1243 2688 5
1488 2914 5 2603 2149 5 2387 3101 7 2040 2813 5 1807 3604 7
819 1582 4 2192 2418 4 2589 3639 7 1731 1771 5 2320 3210 6
1805 2315 5 1750 2558 6 1834 2226 4 2186 2885 5 1727 3581 8
1822 1991 5 492 1031 3 1276 1035 5 1344 3923 11 1297 1634 8
1837 3364 8 2846 3821 5 1788 1985 3 1403 2001 9 1352 2606 6
2059 1967 3 1456 1682 6 808 2357 6 1132 1926 3 1833 3022 10
1846 1965 3 1999 2683 10 1986 2857 9 1806 2608 3 1139 1725 6
2014 2327 3 1071 1898 8 2670 2677 6 1570 2126 7 2202 3219 6
2249 2103 4 2137 3712 10 883 1133 3 1554 2088 5 2383 3639 6
1811 2235 3 1668 2030 6 2154 2817 6 1609 2434 7 1234 2949 8
995 1278 5 1596 1350 4 1502 3257 5 1226 2319 7 2253 2821 6
1913 2988 6 1795 2998 7 1117 1865 5 1661 2366 5 934 1742 8
2109 1886 5 2100 3003 3 1893 3437 7 1677 1860 9 997 1762 6
1006 1388 6 1111 1823 3 1002 1836 7 1546 1743 6 800 1386 8
1761 2381 4 3506 4423 7 2659 3017 5 2895 2868 3 1619 2490 6
1391 2683 5 1330 2183 5 1805 1652 3 1591 1246 8 771 2504 8
928 2701 5 2233 3233 10 1473 1934 3 2399 2823 3 1544 2607 5
1765 3754 7 2338 2633 10 1946 2469 3 2240 2081 5 1830 2357 5
1761 3185 4 2536 2254 3 1932 2852 6 1829 2308 4 1960 2697 10
1724 3456 8 1118 2394 4 2695 2394 3 1537 2404 7 2185 2227 5
2083 2194 6 1546 1961 3 2338 2038 5 1454 3045 7 1919 3274 8
2551 3306 5 2553 3377 8 2227 2909 5 1436 2978 5 2090 2067 5
1878 3133 5 1912 2845 5 2540 3015 6 2294 3118 4 2059 2942 8
1772 2543 5 2286 3417 8 2639 3076 7 2377 2853 7 2697 3660 6
1874 3046 4 1416 2776 4 1456 2555 11 2449 1797 3 1805 1998 6
1618 2036 8 1141 1525 5 1790 3265 7 1972 2748 7 783 1364 6
1792 2911 3 2046 2504 8 1535 2028 7 1750 2442 3 2237 2898 8
2449 3199 7 1383 2394 3 2186 2667 7 1602 1790 3 2141 2622 10
1910 2274 9 1983 3387 7 1726 2536 3 1735 2209 3 2040 2403 6
1141 2372 8 1498 2052 7 1325 1764 9 1056 1591 3 643 1982 6
1915 2349 6 2125 1989 3 1824 2575 7 1273 2250 4 1769 2816 10
1906 2707 5 1520 2214 5 2736 3936 8 1139 1442 3 2190 2466 5
3027 3277 7 2269 2641 6 2297 2833 5 1498 2927 6 2278 3180 5
1960 2200 5 1064 1720 3 1826 3049 4 1517 2995 10 2533 2876 6
1907 1622 3 2508 2925 3 2115 3582 9 1498 3187 5 1894 2288 4
3020 2928 3 1783 2782 6 2963 3374 3 1014 2580 8 1593 2351 6
1838 3094 7 2534 2013 6 1105 3184 7 1314 1724 5 2082 2326 5
1686 2934 6 1996 2998 3 3595 2908 7 2446 3123 4 2376 2666 8
2164 2932 8 914 2329 6 2377 2863 5 3106 3851 5 1497 1865 5
806 1429 3 1113 1818 4 1257 1378 3 1600 2894 11 1804 3045 8
2417 3415 10 2843 2185 3 2044 2119 7 2348 3092 3 1866 3679 7
1229 2302 7 1194 2284 3 2143 2945 5 2069 2877 8 1471 1940 8
2688 3170 3 2563 2812 6 2126 2849 3 2457 3321 7 3185 3971 9
1522 2811 8 2661 3364 5 2150 2099 3 3033 4162 7 2133 2236 4
1444 3020 8 2431 3565 4 2717 2030 3 2660 2696 6 3604 5355 6
2046 3735 4 1600 1381 3 1951 3527 9 1963 2345 5 2216 2214 8
1397 1795 7 1547 2999 8 1111 1824 5 1032 2025 7 1319 1825 6
2380 2636 8 2215 2435 3 2550 4235 4 1402 2875 5 2376 2949 8
2171 2642 7 2821 2451 3 1048 2160 3 3620 4794 7 2079 2482 6
2189 2367 7 2396 2602 3 1673 2924 5 3251 4243 7 1951 2461 4
1987 2916 3 2095 3773 7 1927 2359 3 1434 2011 6 1998 2728 8
2666 4491 10 2095 2334 6 1706 2850 3 2803 3946 5 2036 1862 4
1325 2226 5 1631 3035 10 2630 2416 8 1886 3104 3 986 1026 4
1261 1864 6 1973 2663 9 1541 1457 3 1129 3030 3 1865 2919 8
1812 2386 5 1622 2771 9 1224 1689 4 1563 1906 3 588 2337 9
2877 3091 4 2146 2199 3 2368 3104 6 2841 3446 5 1663 2331 8
2250 3861 7 2198 1434 3 1304 2995 5 1867 1930 5 2498 3850 10
1375 2610 5 3033 4653 7 2051 4068 8 1514 2149 3 2915 2671 6
1953 2714 6 1962 3017 8 1940 2965 5 1812 2165 5 2307 1932 4
2318 2959 4 2575 3160 5 1878 2955 6 1752 2418 5 1463 2647 7
2062 2588 6 2164 3720 4 1860 2433 3 2173 2519 3 1866 2943 10
1219 2669 5 1282 2568 4 2086 3092 5 2440 2802 7 1481 1595 7
1842 3000 7 2010 3038 9 1569 2236 7 2386 1871 3 2412 3060 5
1606 2189 6 1539 1899 7 1256 2344 5 1000 1365 5 1027 2149 9
722 1507 3 2721 1931 5 1964 3462 7 2602 2371 4 1121 4029 11
2611 3325 8 1391 2112 6 3280 4431 3 3249 3480 3 2920 3588 7
2258 3633 8 1927 2949 5 440 907 3 2180 2192 7 1254 2011 10
2203 2710 3 1245 1999 3 3251 2818 6 1498 3488 9 2812 3654 7
1804 1467 9 1535 2246 3 1412 1978 5 2233 3080 7 2113 2803 8
1735 1423 3 1197 1432 6 2019 3624 4 2749 2463 5 1772 3649 8
2796 4851 14 2971 2112 3 1861 3515 4 3108 3184 3 2171 2943 6
1937 2748 5 1223 1772 3 2258 2905 5 2272 2922 8 2167 3346 8
2727 3636 9 1848 2646 3 2315 2695 4 1391 2679 6 2038 2377 4
2780 2646 3 1712 2092 4 1360 2634 7 1178 2257 5 2159 2172 8
2591 3841 6 2817 3774 7 2675 2822 6 1381 2011 3 2138 2466 4
920 2317 5 829 1694 5 1618 2710 3 2246 2926 8 2092 1947 9
2892 3180 6 1398 2669 3 2285 3448 6 1138 1290 3 2655 3370 10
1957 2308 3 1888 2412 7 1371 3678 9 2688 2499 6 1528 2418 6
2756 3344 6 1723 2850 8 1744 2684 3 1723 3723 7 2400 1989 5
1185 2721 7 2051 2653 6 1809 3047 9 2477 2127 5 1728 2647 6
2243 3046 5 1435 1672 3 2739 3488 3 1707 2526 6 2188 3413 12
1761 1667 3 2744 3486 5 2354 3436 5 2267 1972 4 1953 3168 10
1997 2119 3 1345 2713 6 2041 2522 6 2893 3366 4 2416 3750 8
862 2879 9 1714 2849 10 1955 1876 3 1521 1763 3 1241 2309 8
2354 3358 7 962 3160 8 2664 2836 8 1743 2310 5 2439 2604 6
1104 1651 6 1639 2925 9 1746 1959 4 1875 2464 5 2346 2418 4
1896 2873 8 2149 1849 6 2597 3039 4 1939 2208 3 2064 2364 6
1372 2489 5 1311 2363 6 1855 2042 4 3664 2900 3 2805 4971 11
2330 1830 3 1958 3034 4 1833 2804 6 2093 2853 6 1964 3040 7
2665 1940 4 1706 3176 5 2900 2942 3 1870 2426 5 1699 3871 14
2234 2589 4 2173 2535 4 1134 1468 3 2204 3757 9 2184 2924 7
2104 2077 5 3149 4745 5 1879 2360 3 2037 2565 4 1687 2530 10
1954 2833 6 1866 2047 5 1373 2262 6 2581 2954 5 1859 2962 6
2668 2830 6 1239 2393 5 2158 2581 4 2801 3330 6 2037 2741 4
2893 3164 5 1616 2784 4 2326 3022 5 2568 2948 7 1549 2965 7
2204 2632 6 2337 3117 6 2110 2715 7 1842 2958 8 1409 2392 4
944 1718 3 1527 1098 5 1356 2963 5 2523 3201 6 1605 2442 12
2170 3398 10 1779 3088 5 1558 1577 3 1754 2673 6 2904 2645 4
2377 2955 3 2120 2926 8 3203 3356 6 1104 1987 5 958 1722 6
1442 2898 3 1940 1569 3 1343 2266 5 1986 2627 7 1964 2723 11
998 1391 8 1292 1524 3 1363 2113 5 1033 2323 8 1110 1513 6
1444 2403 5 1150 2336 5 2049 1959 3 2063 2480 7 1051 2166 10
1853 3310 10 3428 3619 6 1846 3155 6 2035 2575 5 1687 2418 4
1904 3225 6 2222 4086 3 3107 3154 3 2470 2692 12 1232 2386 4
1742 2209 5 1319 2746 6 686 2024 5 1174 2081 13 913 1727 4
2628 2754 4 2373 2686 3 1213 1578 3 2095 4126 11 1794 1971 6
2300 2255 3 1504 2844 5 2054 2108 9 1307 2354 7 1148 1938 8
2018 3397 7 2369 3763 8 1526 2422 4 2459 1925 3 1895 2264 4
1036 2130 3 2719 3207 6 875 2372 5 2156 3290 6 2046 2039 6
2032 2102 3 1038 2725 7 1304 2457 6 3118 2874 4 1887 2812 8
3159 3761 7 1517 2096 3 1723 3240 8 1242 1706 3 1922 2147 8
2183 1235 3 2662 3531 3 2750 3397 5 1646 3294 6 2368 3691 11
2364 2701 3 1470 4100 9 1786 2265 5 2329 2858 8 2250 2493 4
941 2382 8 1580 2510 3 2350 3121 10 1794 1981 3 3408 2433 4
1866 2599 8 1321 1655 3 1472 1838 4 1562 2744 7 1039 2281 8
1736 2679 6 1713 2275 3 2105 3383 7 2459 2212 6 1467 3059 6
2863 2932 11 2428 2392 3 1236 3409 6 2601 3036 5 849 2225 6
2424 5244 12 2479 1945 4 2259 1789 3 1932 2244 3 1051 2824 7
2984 3705 4 2531 3456 5 1643 2657 6 2131 2467 9 1543 2260 5
1488 1046 3 1037 1406 4 1010 2051 8 1228 2213 5 1542 2435 8
261 1148 5 2354 3190 6 2268 3074 10 1056 2265 3 1234 1514 5
1442 2117 4 1780 2774 7 1507 1802 3 1320 2383 7 1458 2155 8
1412 2520 8 2014 1917 7 1203 1889 4 1320 2318 4 1540 1635 4
1876 2304 3 1083 3061 8 1628 1397 5 1788 2795 8 1422 1952 5
2004 2113 3 1388 3259 9 1946 2966 3 1746 1958 4 2504 2637 8
2056 2668 4 2138 2252 5 2710 2162 3 1514 3498 6 2032 3761 10
1766 3104 6 2665 3496 9 1590 1666 3 1603 2453 3 2588 3021 8
1993 1393 5 1749 3678 8 1867 2597 5 1747 1980 3 2067 3798 6
1848 2181 4 1491 1732 8 2152 2363 4 1236 2245 6 1993 2446 6
1963 2660 8 1789 3260 8 1863 1901 5 1273 1971 5 1526 1759 6
2170 3979 6 1735 2363 6 1707 2359 6 1143 1648 3 2419 2079 4
2070 2961 7 1417 2397 9 1796 2067 5 1123 1607 3 1261 2386 6
1998 2491 3 1966 2644 9 2828 3207 5 1640 2070 5 1715 3363 5
2551 2884 4 2825 4057 5 1370 2488 6 2669 2825 6 2942 4425 6
825 2217 6 2375 2324 5 1584 3217 7 1263 2313 3 2233 1638 8
1406 2006 5 926 2488 5 1218 1665 11 798 1500 3 1782 2387 5
3725 3957 8 2441 2762 5 1786 2716 4 946 2996 6 1804 2885 6
1595 2981 9 3419 3252 3 2436 3087 5 2337 2956 3 1249 1637 5
2565 2380 3 2076 2745 5 1912 2707 3 1292 2679 8 1517 2639 12
1785 1739 5 1284 2868 6 1452 2810 8 1293 2101 7 2380 2029 4
1698 2025 5 2462 2700 7 1485 2523 5 1940 2325 4 1035 2182 8
1189 2235 5 3184 3498 5 925 1682 3 3264 3587 11 1635 2371 6
1308 2083 6 2641 1801 3 1804 3732 6 1873 2965 7 1545 2810 6
2579 3552 8 882 1381 8 2333 2842 3 1641 1847 3 2203 2610 7
2058 2199 7 1015 1030 3 2242 2911 5 2007 4001 9 2337 3293 4
2195 2346 8 1808 3785 6 2861 2646 3 2158 2937 6 1951 3008 5
1802 3407 9 2115 2873 5 2937 3837 8 1823 2110 5 1543 2625 4
2881 3256 7 2046 2722 3 2453 3433 14 1051 2256 3 767 813 4
2301 2405 3 2238 3095 9 1373 2604 6 1383 2995 3 1172 1289 6
1616 2402 3 2040 2662 5 2375 2777 7 2654 4027 7 1525 2129 6
2103 1922 3 926 1093 3 1908 3341 5 1992 2214 10 1644 2980 8
2213 2584 3 1351 2255 8 1045 2455 9 1208 1785 6 1045 1320 4
2552 2950 3 1410 1662 7 1541 2219 8 2076 3063 3 1945 2667 9
1680 1816 3 1898 2680 4 1638 2322 5 1226 2457 7 1242 2740 10
1706 2700 9 1931 1753 3 1192 2576 7 2699 3783 4 2193 2344 6
907 3071 6 1415 1753 3 1309 2706 8 2528 2653 5 2372 1540 4
1593 1883 6 2600 2249 5 1131 2762 7 1884 2622 3 2536 2720 7
1627 2260 5 2374 3021 3 2787 3801 7 1595 2836 3 2220 2631 9
2853 3098 3 2933 3996 11 1243 1399 4 1292 2189 3 2477 4253 10
2022 2380 6 2035 2682 7 1843 2218 5 1538 2465 7 1522 2732 4
2230 2910 5 2002 2563 7 1614 1847 4 2265 3307 9 1091 2330 4
1619 2037 4 1826 3047 4 1452 2224 7 2059 1925 3 1912 3361 8
2125 2101 5 1814 3522 6 3018 3415 4 2472 3780 3 2249 3332 9
2428 2858 3 2009 3748 10 1261 1405 3 2278 3213 5 2413 2618 7
452 1643 5 1310 2590 6 1942 1490 3 1705 1590 6 904 2452 11
1936 2592 6 2141 2192 4 1125 1750 5 1412 2460 6 1676 2816 6
2961 3622 11 2305 2958 7 1053 2623 4 1922 2860 5 2450 2503 4
1963 1969 3 1778 2419 4 971 1678 4 2668 3986 7 2629 3114 9
1645 2941 9 1414 1668 4 1703 2648 6 2259 2481 3 1861 2020 6
1864 2631 7 1979 2750 5 1901 2211 3 2137 2654 7 1103 2094 8
2064 2748 3 1931 2162 4 1923 2281 6 1801 2017 3 1293 3266 11
1238 2503 4 2328 1525 3 2325 3305 7 1963 2002 5 1733 3824 10
2564 2911 7 2004 3178 4 1452 3439 8 1786 2389 3 1954 2372 5
2932 3508 6 1758 3042 6 2179 2156 3 2540 2526 3 2317 3127 11
1307 2017 3 1054 2056 6 1876 2415 9 690 1254 3 1046 2524 10
1281 2060 5 4000 3903 6 1293 2944 4 1893 2819 3 2463 2377 8
2091 2524 6 2550 1893 4 1653 3478 11 2179 2520 4 1234 1481 4
1526 2208 3 1151 2304 7 2171 2265 4 1187 3037 10 1021 1866 7
2306 2817 6 2008 2363 7 1398 2944 7 2171 2510 3 1011 1525 4
2114 2459 4 1964 3403 5 2403 3473 7 1556 2126 5 2026 1858 8
1490 913 3 2145 3390 7 2607 4070 9 1562 2602 5 2097 2949 7
1852 3268 8 1968 3473 10 1647 1683 5 1972 2859 6 1213 2109 4
2129 1476 5 2183 3173 6 910 1832 5 1515 2347 6 976 2724 7
1464 2633 6 2367 2448 3 1253 2829 5 2053 2191 5 1599 3051 10
1651 2154 5 1823 2796 7 2626 3379 3 2233 3125 7 2170 3490 8
1400 1731 3 1476 2296 6 4454 4841 8 2571 3340 5 2250 2872 5
2165 2126 5 839 981 6 1366 3264 8 1386 2199 6 1565 2455 4
1998 2473 4 2377 4349 11 2069 2117 3 2000 2418 5 2395 3896 7
2333 2451 8 1703 2981 4 1599 2962 5 2047 2080 5 2282 3189 9
2572 2861 3 1498 2978 7 2767 3515 6 2413 2758 3 1965 3117 8
1609 1903 3 2067 3693 6 2372 2095 5 1548 3217 9 2071 2429 7
2220 2601 5 2594 3020 5 2931 3089 4 1899 3126 5 2303 3055 8
2486 2422 3 1640 3661 8 1775 3393 7 2022 1850 3 2665 3025 7
2091 2093 3 1385 2437 5 2304 2694 4 2231 3481 9 2386 2826 7
826 1525 3 2436 2936 12 1286 1772 3 1190 1851 6 1898 3229 7
1707 3440 8 1713 1557 3 2740 3523 6 1389 2405 7 1853 2605 6
2166 3232 4 2040 3663 7 1495 2049 9 1758 2154 3 1247 2076 4
2222 2445 7 2519 3589 6 2709 3087 3 1293 3204 7 2057 2545 8
1728 2292 3 2009 3637 8 1721 2060 3 1633 2241 8 2556 3144 9
1601 2097 4 2517 2981 5 2175 3086 5 2288 2591 6 1414 2026 6
1548 2695 4 2086 2289 4 1809 2530 5 2326 2629 7 1583 3092 4
2065 2742 5 2705 2665 5 2141 4578 11 2530 3726 5 942 1094 4
2447 3086 5 982 2424 5 1004 1716 3 2563 3371 4 2160 1837 12
2835 2232 8 879 1696 6 838 2795 6 1205 2705 3 1382 1815 8
1831 2962 10 901 1904 6 1975 2397 6 781 2453 3 2486 1987 4
1409 2197 6 394 868 3 1262 3031 9 1721 2239 7 1196 1596 8
1446 3828 8 1536 2351 7 1426 1841 3 1052 1737 3 1978 1821 10
1842 2101 3 859 1310 6 1340 2201 10 1445 2572 7 1403 2660 4
1678 2985 9 1819 2944 3 1316 2108 5 1983 2478 3 2070 2001 12
2205 2356 5 2229 4296 14 2335 2183 3 1992 2932 5 1242 1477 4
3257 3172 6 1961 3685 6 846 1798 3 2396 3287 7 2337 2972 6
2037 2179 3 1589 2577 4 1899 2146 3 2576 3636 11 2194 3080 8
2894 2169 4 1210 2810 6 1564 3147 8 1900 3244 5 1070 1554 7
1963 2543 6 1202 1665 3 2304 1948 8 1818 2788 3 2249 3831 10
1844 2789 4 1764 2282 5 2732 3931 5 2318 3679 5 2133 2772 8
2258 1903 3 1304 1568 6 1529 2992 6 1437 2557 6 2068 2737 6
1589 2660 5 2040 2857 5 1592 2366 5 930 2216 8 2453 2517 4
1256 2426 3 3124 2759 7 1779 2834 5 2182 3060 7 1898 3091 6
1602 2977 6 1632 2129 3 1991 1774 6 1825 3321 9 1327 1387 6
1850 1862 8 896 2412 11 1432 1653 3 967 2371 3 1160 2037 8
2657 3107 6 2417 2305 3 2753 3966 6 1675 4012 9 1612 1504 4
1309 1812 6 1597 2513 9 1934 2550 4 1709 2902 5 1931 2138 6
1842 3289 5 2456 4587 12 1280 1775 3 2441 2929 4 3183 3439 4
1898 1822 3 1532 3310 10 1464 1856 9 1206 1362 3 1019 2545 6
1045 1868 3 1428 1324 5 1013 2359 10 1649 2207 5 1454 2017 8
1412 2112 4 2254 2518 5 2281 3742 6 3421 3909 3 1379 2075 7
2340 3077 5 1899 2529 5 1442 2722 9 899 1770 3 2383 3875 6
1466 2195 5 2529 2741 7 1067 1942 4 1734 2354 7 1146 2128 8
1398 2621 5 2148 2800 5 1882 3330 7 1264 2000 3 2154 2576 9
2647 3279 5 1409 3134 5 2834 4225 6 1605 1919 7 1836 2353 7
2075 3142 9 2407 2060 3 1991 3226 7 2320 2338 3 1629 2149 4
1410 2310 6 1719 2725 7 1153 1935 7 1753 2214 5 1713 2194 4
1304 2491 10 1173 1122 3 2096 1704 3 2332 3461 6 1970 4057 7
4202 4204 6 2686 3214 8 1793 2471 4 1808 2722 8 1184 2645 4
2226 3171 7 1479 2593 5 2309 3068 5 2261 2510 3 1925 2226 8
2029 2702 3 2229 2738 5 1683 3564 10 1985 2303 4 2150 2391 4
3370 3027 6 2265 2972 5 1208 2711 4 2072 3320 8 1918 2394 4
1811 3855 11 2124 2570 3 1847 1972 3 2231 3327 3 1505 2359 10
1372 3128 8 2169 3438 13 1367 966 3 2080 1814 5 424 1445 4
1707 2322 5 426 1591 3 2355 1857 6 1177 3300 9 1394 2605 8
1954 2420 8 1795 2717 6 1305 2017 5 1003 2861 3 2610 2432 8
2131 1804 3 2902 3631 11 1735 2909 5 1272 1721 3 1434 3304 8
1953 2376 5 2136 2497 8 1752 3155 7 1439 1914 3 2401 3761 7
1605 2225 4 1693 2309 5 2814 3198 4 1627 3266 8 1737 2698 7
2155 2783 3 1028 2191 8 1880 1687 4 1172 2794 10 1587 2295 6
1660 2778 6 2170 2933 5 2899 2814 9 1181 2164 3 1666 2769 6
1624 2354 7 2208 2508 5 805 1298 3 1855 2444 10 1480 3309 6
1659 2518 4 3280 3163 3 1668 2688 4 2407 2912 5 3161 3780 10
2199 3296 9 2125 2563 5 1722 2913 3 1995 1968 5 1884 2667 6
1155 2901 7 1927 2416 3 2620 2879 6 2097 3377 10 2042 2215 4
3349 2089 7 1450 3551 5 1799 2969 7 2591 2795 3 2449 2653 8
962 3327 10 1574 1251 3 1582 1368 3 1256 2169 5 2069 2753 10
1125 2930 13 1854 3099 6 1483 1483 4 1825 2178 3 1156 1247 4
1371 1450 5 1781 1919 8 1663 3180 6 1765 2843 7 1937 2489 4
1254 2160 8 2080 2003 3 1269 2009 3 1737 3580 12 1927 2586 6
1472 2283 3 1844 2631 3 2652 2458 6 3090 2664 4 1518 2790 10
1597 2682 5 1380 523 5 1710 3194 8 1842 2000 4 1488 2670 6
644 2060 6 1169 2321 4 1256 1970 3 1652 1826 6 1671 2771 9
923 747 5 2729 3075 6 1915 3659 4 2216 2802 8 1702 2102 4
2073 2404 10 1133 2192 6 587 1699 4 1056 1796 4 1574 2060 8
1145 2783 5 1547 2690 7 1935 2342 4 2025 1698 7 2020 2570 6
1294 2901 12 2047 2632 12 546 1862 3 2660 2209 3 406 1132 4
1064 1558 5 1545 2723 8 2449 2390 7 1280 3444 6 2170 2317 4
1400 2026 3 1652 2500 3 2062 3441 6 1533 2491 5 1785 2677 8
1404 1700 6 1169 2440 6 1786 3974 6 1562 2573 6 1286 1251 4
1810 2890 6 1486 3022 6 1504 2970 4 1449 1206 3 2146 2274 7
2243 2957 8 1543 3100 8 1071 2380 5 1535 2024 3 2376 2551 5
1896 2839 6 1819 3175 3 1554 2888 4 2555 3722 7 3508 3328 8
2165 4117 4 2919 3039 4 2120 3199 3 2414 2563 5 2504 4199 8
1727 2711 3 1670 2110 7 1242 2688 5 1549 1696 4 1395 2401 10
2520 3114 7 1063 1443 3 1748 1944 4 1203 2317 3 1177 2477 9
2723 2910 5 903 1552 3 2330 2183 4 1267 2414 4 2899 3942 10
2138 4101 5 3146 4095 5 1577 2636 7 3531 4039 7 2980 2147 4
1157 2033 5 2804 2686 7 1098 2414 7 1281 1831 4 1533 2841 6
1886 1961 4 884 2781 4 1469 2062 3 2107 2911 7 2094 2681 9
1708 2473 6 1291 2084 7 1698 3537 4 1871 1894 6 1683 2688 7
2320 2552 5 1554 2823 3 2546 2867 4 1895 2920 6 1445 2362 10
2359 3494 5 2582 2555 7 3802 4399 5 3437 4064 7 858 1561 4
827 1346 6 1341 3309 9 1091 1702 5 1486 2104 5 879 2370 8
2070 3738 7 1339 2083 3 1303 1629 4 1326 2636 10 1862 1449 5
3020 2502 9 609 2307 6 2328 3213 5 1362 2153 3 2386 2564 6
2242 3416 6 1950 2239 4 1244 3139 6 880 1054 4 1819 2985 7
1604 2840 6 2548 2521 5 1241 2016 5 3044 2644 5 2091 3121 8
2095 3442 7 2121 3057 5 2170 2555 6 2204 2984 7 1583 2053 6
2981 2631 3 1981 2629 7 2311 4084 3 2206 2138 7 1508 3205 9
1800 1807 5 2155 3648 7 3487 3024 5 2948 2415 3 1688 3729 6
2147 3364 8 2198 2145 3 1675 2123 5 1013 2198 7 1849 2783 7
1531 2280 4 2368 2264 8 1032 2353 5 1268 2390 7 1081 1207 4
1339 2145 5 2278 2292 3 1089 2799 11 1001 1568 3 1539 1927 6
2660 4324 4 1839 1601 4 1983 2380 6 1683 2196 5 2519 3656 6
1702 2524 5 1474 2133 5 1783 2617 6 2636 2867 5 2008 3242 7
2366 2963 7 2197 2881 7 1510 2536 4 1211 1199 3 1917 2429 8
1962 2177 5 1522 1629 3 1426 2235 4 1632 1988 7 1385 3378 10
2138 2798 7 2677 3110 8 1637 2245 3 1588 3069 5 2542 3932 8
2422 3754 8 1807 2390 6 1290 2423 6 3142 2625 3 1024 2372 6
2611 2628 3 2102 1720 3 1502 3142 8 645 1786 3 1238 2983 11
2339 2303 3 3451 3349 3 2002 2717 8 1531 2660 9 1422 2739 5
2170 2891 5 2115 3194 8 1650 2699 6 1875 3024 5 1730 2413 6
1207 1742 6 1911 1634 8 655 1856 7 490 1505 3 670 2375 10
2066 1703 5 1391 1581 5 3049 3650 8 1077 3080 7 1554 1756 6
1829 2211 5 1545 2007 3 2049 3119 7 1058 2641 9 1166 2818 5
2083 3182 10 3141 3327 3 2325 3397 3 1700 2991 5 2389 3196 7
1818 2666 5 1336 2727 5 2324 3080 8 1832 2299 5 2472 2597 5
1876 2830 4 1615 2209 4 1008 2000 3 2535 2718 8 1514 2568 6
1249 2075 3 1784 2111 7 1979 2736 9 1862 3183 7 1684 2967 5
2764 2086 3 2005 2487 6 2404 2582 5 2228 2789 8 1070 2356 4
1621 2247 3 2368 2985 4 1675 2425 6 2611 3571 9 1593 1859 6
2246 2729 10 2826 2562 3 1179 2583 5 982 2052 3 2269 2909 7
861 2199 6 2772 3465 10 1897 2660 3 1244 1373 3 2452 3758 7
3019 2761 3 2338 2672 6 381 922 3 1833 2439 7 1750 3270 10
1427 1584 3 1449 3403 7 1113 1632 5 1802 2520 5 2369 3473 8
1635 1677 4 1431 2278 6 1191 2597 9 1676 1662 3 912 1633 6
3186 3166 10 1807 2535 3 2210 2918 5 896 1713 6 1763 2720 6
1860 2195 3 2060 2901 9 1464 3652 4 1814 2125 3 2054 2844 10
1356 2456 4 3195 3150 6 1208 2011 6 1820 3077 8 2878 3333 6
1005 1819 5 1115 2888 5 2672 2719 7 2917 3021 5 1144 2226 7
2686 2839 6 1447 2174 6 1144 2298 3 1184 2997 8 1663 2237 7
2840 2956 5 1006 2445 6 1343 2685 5 1953 2569 8 2559 2622 4
1684 2876 3 2283 3347 3 2012 2670 4 3411 3410 6 2625 3852 9
2061 1908 8 1263 2237 4 3178 3356 3 2271 2947 5 1666 3588 10
1622 2272 3 2656 3012 5 2451 3046 3 1802 2646 7 2400 3191 6
1564 3051 12 1449 3111 5 2370 1791 5 2282 1712 3 1210 2703 6
1566 2050 3 1474 1982 8 873 2243 8 1530 2128 3 1425 2336 5
2051 2080 7 1668 2602 6 1563 2967 5 1405 2547 8 1488 2191 5
1809 3043 4 2908 3184 5 2670 2356 6 1336 2883 5 2086 3341 7
1733 2567 5 2085 2474 9 1068 2135 6 1795 2960 9 1204 1757 4
2686 3841 3 3418 3808 6 1263 2605 6 2646 3221 7 3332 3606 6
2844 3660 6 2831 2585 3 2034 3065 7 3733 4762 5 2500 3259 4
2161 1633 6 3067 4185 3 2514 3316 6 2377 3067 9 1922 2599 4
1926 3371 5 1714 2490 7 2537 1872 4 2375 2601 4 2238 3497 8
1963 2099 6 1692 2637 3 1694 2973 7 1940 2626 5 2352 3351 8
1036 1708 4 1760 1522 4 1875 3491 4 2183 2005 3 1629 2596 10
2042 3740 10 2279 1914 6 1951 2815 3 2051 3612 6 2115 2236 4
2036 3593 3 1465 1947 3 2252 2944 9 2821 3401 7 2604 2948 6
1097 1418 6 1229 1871 6 1725 2699 8 1617 1702 3 1359 2260 8
1743 1772 6 2041 2997 4 1387 2510 7 1760 3110 9 1713 2260 4
1756 3584 6 1635 2020 5 2038 1957 3 2894 4101 10 1338 2433 4
2079 1923 5 2184 3416 10 1624 2683 3 1967 2441 4 1094 2238 6
3335 3789 8 1584 2671 3 2205 2235 3 2897 3785 7 2825 4155 10
2791 3178 5 2049 1548 5 2934 4094 4 2589 3272 4 2509 3563 8
1484 1817 3 2806 3055 6 2034 3944 6 1871 2205 4 1592 2968 6
2248 3197 7 1861 2226 8 1386 2721 7 2208 3088 3 1973 2093 4
2736 2752 3 1773 3159 10 1249 1773 3 1575 2628 8 1442 1827 6
1323 1901 5 2359 2885 3 2514 4012 9 2202 3042 7 1858 2155 4
2824 2489 9 2061 3705 4 2504 2474 3 2463 3091 3 2463 3622 7
1622 2489 5 2025 2573 3 2224 2115 3 2185 2964 11 950 2096 6
2111 3046 5 1623 1894 3 1152 2413 6 2546 3389 7 2129 2808 6
1949 3612 5 1907 2837 6 2393 3004 6 652 1441 4 2180 2382 7
2277 3996 4 1549 2582 11 2212 2445 3 2003 2420 6 1552 1537 4
2162 3742 10 2108 3185 7 2073 2190 5 1216 1721 3 2064 2615 5
1781 2038 3 1901 3097 5 1954 2519 4 2669 2268 5 2335 3391 8
1598 2159 6 1212 2687 6 1408 1593 3 2099 2778 9 1194 1917 7
2412 2375 3 2581 3842 6 1455 2699 3 1847 4189 13 2625 1798 4
1088 2737 14 2232 2607 5 1939 2212 3 2017 3389 3 1985 2147 4
1557 1898 5 2703 3651 5 2123 3124 10 2325 2562 3 1796 2629 8
2141 3201 8 2257 3011 5 1980 3458 5 1993 1775 4 2370 3043 6
1950 3336 6 1991 2247 5 2465 2674 6 2080 2956 7 1131 1879 6
1676 2096 5 1829 2280 10 1123 2349 6 857 1831 3 1575 1899 4
1516 2436 6 1694 3233 7 2572 3191 3 1727 2033 5 1422 1647 7
1913 1987 3 1054 2080 3 2604 4197 5 1913 3186 9 2166 2577 9
1247 2369 3 1101 1580 5 1925 3837 8 2296 2489 6 1755 1718 7
1398 2975 8 2133 2906 5 1083 1423 3 2228 2878 7 2198 2320 6
2346 2746 6 2505 2401 5 2755 4244 7 2901 3409 6 1417 2076 6
2518 3006 3 2192 3409 10 2114 2704 4 1550 2346 7 2277 2102 5
1256 1934 3 2163 3300 13 2362 4001 3 1337 2448 6 2193 1748 4
1241 2125 3 2255 3419 7 1578 2005 7 1955 2767 5 1663 1853 6
1800 2275 6 962 2674 4 1956 1970 6 1083 2094 3 2358 1958 9
2163 1460 5 1351 2210 3 1516 1563 6 1099 3073 8 1490 2684 6
3145 3636 6 2284 2729 7 1484 2584 9 1983 3295 3 1466 1806 4
1721 1841 6 1614 2464 6 1064 2429 3 3322 4046 9 1598 1352 6
2227 3164 6 825 1033 3 2133 2295 4 1237 2180 7 1657 2653 8
2794 3747 6 1914 3931 8 1598 2118 4 2011 2262 6 1968 2290 6
2478 1856 3 2213 2354 5 1077 2842 5 1583 2819 9 1167 2581 10
1642 2115 8 1602 1668 5 959 2290 4 1560 2957 9 2037 2636 6
1441 2388 6 1308 1930 4 1858 2351 7 1295 2250 3 2150 3247 10
1549 1567 3 1496 2469 7 1637 2480 8 961 1909 3 1069 2327 8
1587 3103 5 2208 2262 5 1265 2054 4 2064 2235 6 1482 3271 10
1410 2883 6 1682 1552 4 2113 2853 7 942 1331 5 1558 2387 8
867 1446 3 1783 3098 4 2001 3005 6 2363 3197 9 2897 2157 5
1723 1093 5 1698 3010 7 2215 2282 5 1232 2329 7 1717 2558 8
1517 3131 9 1540 3392 3 1725 1751 3 2812 1717 5 1131 2380 10
3454 3749 8 1631 2871 3 547 1437 4 2235 3467 9 2414 2734 4
2488 3277 9 1931 1858 5 1182 1944 3 2179 3506 4 2045 2617 4
2613 2388 5 2044 2993 5 1681 2330 4 1702 2631 5 3142 4009 5
2141 3059 5 1556 2402 5 1115 2615 7 1453 1976 3 2319 2375 6
1161 2937 11 1994 2807 7 1674 2742 3 3366 2867 3 1179 1644 6
2394 2748 7 1939 2113 4 2492 4282 6 3102 3208 7 1903 2330 4
2551 2376 3 1076 2465 7 1318 2322 5 1044 2412 6 1471 2064 10
2659 1856 8 1237 2814 5 1163 1928 3 1100 2264 5 1242 2750 13
2405 2346 6 2230 3172 4 2021 1944 3 2040 3027 7 1617 2614 6
1971 1759 9 1860 3385 6 1592 2650 5 982 2669 5 1836 2436 4
1641 2792 6 2179 2489 4 2150 3880 8 1333 2162 9 1659 1584 4
2089 3884 9 2784 1830 6 1577 2830 5 1541 1416 5 2598 3744 6
2171 2214 4 1330 2528 6 1894 2245 3 2116 3772 11 1322 1311 4
1592 1980 3 1324 1693 6 1596 1685 5 806 2622 6 1791 3498 10
1985 2535 8 793 1873 6 1563 2871 4 1843 2586 8 1612 1225 6
2298 2311 3 1781 2827 3 2496 2857 7 1783 3217 7 1562 2530 10
1926 2369 4 2280 3337 8 2290 3769 7 881 1782 6 1880 2702 4
1967 3266 6 3132 3978 7 1402 2448 3 1993 2907 6 1989 2753 7
1665 2232 3 2437 3030 8 2442 4236 9 2090 2183 3 1184 1918 5
1094 2366 5 2084 3105 7 1332 2417 4 2229 2855 7 2857 3190 4
1207 1880 3 2197 3687 6 2088 2308 4 2500 2870 5 3099 3631 8
2249 1791 3 2599 3246 3 2464 5351 12 2373 2968 5 2317 2693 4
718 1166 3 973 1790 3 1641 2013 12 717 2060 3 902 2538 7
1715 2769 10 1272 1998 3 1006 1495 4 1187 1886 7 1261 1964 6
1187 1730 6 1063 1719 3 1413 1148 6 1471 2932 5 1543 2578 10
2246 2055 8 2314 2216 3 1426 2958 8 1986 2726 5 853 1683 5
2054 2777 4 2022 2917 6 1337 2356 4 2352 2602 4 1027 2403 10
2397 2557 3 1630 3377 7 2131 2760 6 2807 3409 5 2793 2911 6
2097 2997 3 2816 1488 3 2840 3912 9 1440 2587 5 2711 3474 7
1665 1607 3 1004 1951 3 1259 2197 7 1390 1679 5 1487 2588 12
2360 3208 6 1956 3176 5 2414 2892 5 2077 2962 5 1553 2064 8
1205 2043 4 1473 2244 7 1116 3492 8 976 2339 5 2575 1108 4
2703 3396 3 1857 2324 6 759 1512 3 2171 2106 8 2764 3380 7
2472 3356 6 2114 2230 5 2219 1733 3 2190 3311 5 1796 3189 8
2073 2552 7 1613 3122 8 1610 2068 4 1134 2539 5 2145 2771 6
3088 4023 5 1971 1905 4 1695 3055 8 2105 3348 7 1111 1395 4
1771 2087 6 1456 1993 6 1124 2722 8 1752 2279 3 1216 2101 6
3501 4180 7 3058 3576 9 2685 3271 5 2093 2762 7 1642 3021 4
1544 2380 3 2192 1950 5 1991 3680 9 2384 3162 7 1684 2080 6
1432 2326 6 1765 2218 8 1234 1410 3 844 1883 6 1868 2714 7
2254 3209 6 1691 2920 7 1475 2157 3 1897 1988 5 1303 2080 7
1508 2039 5 2291 2715 5 2127 2502 5 1186 2901 6 1393 2217 8
1899 1304 3 2066 3975 5 1962 2667 3 1855 2344 5 1935 3231 11
2253 3931 8 2748 3245 8 1567 1723 3 1971 2333 4 2358 2856 5
1173 1298 6 1702 2897 5 1891 2703 6 1800 3458 7 1608 2712 4
1850 2080 3 1429 2095 7 1225 1730 5 1804 2200 7 1540 2366 9
2013 3379 5 2563 3088 5 3237 3308 8 2047 3275 3 2440 3403 8
2693 2796 5 2413 3066 5 1570 2639 3 3134 3033 6 3104 3690 7
1704 2008 6 1761 2187 5 1087 2616 10 1549 1846 3 1629 2152 5
2234 2545 7 1179 2158 8 1220 2230 4 1598 2185 4 1558 2059 7
1899 2069 5 2818 4078 13 1527 1340 3 1262 2087 5 1351 2057 6
1191 2147 5 2765 3922 10 1040 1357 5 2674 2860 5 1478 1935 4
1369 1909 8 1432 2303 3 2338 2065 3 2097 3183 5 2801 3574 10
2264 3017 9 1405 2666 3 1510 1529 3 2291 3063 7 1581 2763 10
1597 2635 4 2009 2566 9 1818 2317 3 2128 3081 5 2013 2087 6
1945 2126 5 2210 3314 5 1937 2690 5 2010 2753 5 2098 3380 7
1857 2531 9 1504 3098 7 1841 1476 3 1663 2033 4 2001 3855 8
1586 2542 8 1914 2724 3 2461 2187 3 1757 3242 8 1905 3607 10
2131 2056 5 2127 2547 6 1900 3249 8 1328 2593 4 1260 1970 5
1496 2498 3 1970 2840 5 2141 2358 8 2781 3039 6 2496 3402 5
1231 1912 6 1634 2209 5 1604 2970 9 1838 2696 4 1901 2422 4
1199 1600 3 2816 3983 12 2703 2772 5 1910 2204 3 1916 2839 5
2781 2301 3 2812 3692 7 1505 3347 6 1620 3336 6 2402 2451 4
2452 2496 4 1511 2062 8 1492 2445 3 2350 3501 6 1824 2728 8
