2034 2589 5 3647 4011 3 1413 2125 4 2676 3346 2 2252 1899 3
3172 2781 4 2382 1789 4 2218 3359 5 2175 2352 3 2300 3144 2
2970 2383 4 2576 2957 3 2345 2128 5 1802 2246 3 2935 3773 2
2378 2237 9 2499 3493 2 2567 2445 1 2758 1665 2 2310 3249 3
3222 3741 1 2895 3262 2 2510 2790 4 2571 2604 2 1961 2371 6
2263 2471 1 1150 730 2 2975 3060 8 3239 2892 2 3133 3606 3
2096 1733 1 3182 2527 4 1965 1474 2 2290 2847 5 2565 3030 5
2227 2792 4 1951 1970 1 2334 2167 4 1646 1486 3 2743 2642 6
2164 2152 4 2524 1465 2 2341 1978 3 2382 2680 4 1144 2005 5
2052 2692 4 3737 3036 2 3141 3826 6 2586 2483 3 2873 3648 3
2404 3117 3 3794 3620 2 2941 2889 1 2446 2261 2 1916 3691 9
1800 2784 3 2000 2856 5 2155 2485 3 1847 1767 1 1637 1442 6
2458 2588 2 3121 3048 3 2303 2788 2 3144 4284 5 2193 2407 6
3729 3346 1 1560 2634 3 1863 2449 2 1946 1320 6 1779 2758 5
1584 1976 4 1802 2690 4 2437 2590 2 2157 1705 4 1430 1024 4
2724 2585 3 2663 3020 2 2210 2750 4 3461 3024 3 2844 2413 4
3424 3585 2 2776 3139 7 2533 2838 3 3293 3159 1 3143 4089 2
1937 2833 3 3174 4303 2 1534 1994 2 2213 1028 2 2465 2661 8
2570 2606 1 3586 3139 5 3070 3595 4 2668 3182 2 1909 2876 5
3064 3712 1 1981 2967 5 2802 2504 3 2872 1879 3 1366 1500 4
1678 1521 4 1139 2217 4 2014 1578 2 1581 2449 4 1304 1898 4
3287 2437 4 2394 2864 2 1885 1990 2 1985 2539 2 3257 3906 7
1248 1471 5 3151 3592 4 2434 2393 1 1408 1723 3 3119 2846 4
2973 3063 1 1878 2166 3 3205 3266 4 2610 2918 4 2857 3496 4
2248 3440 7 1391 1873 1 2742 3360 4 1561 2293 1 2583 1979 4
2129 3217 5 2957 2884 2 2770 2701 2 2999 2465 4 2571 3831 3
3002 1513 3 2461 2711 2 1521 2920 5 1584 1684 2 2699 2707 4
1621 2374 5 3289 2662 3 2130 2410 3 2171 2401 1 2172 2476 5
2127 4255 6 2048 1947 5 1741 2389 3 2420 2163 1 1774 1842 2
1510 2030 1 2900 3148 4 2110 2002 3 2412 2742 5 2519 3056 4
2777 2609 3 2869 3609 4 2949 2788 1 2345 2250 4 1973 3190 5
2634 4291 3 3285 3924 3 3210 2342 1 2721 1983 3 2288 3371 7
2245 2846 4 1986 2721 2 2229 2695 5 3153 3604 4 2908 3340 2
2933 3243 2 2940 2955 2 4324 3877 7 2084 1968 2 2687 3537 4
1833 1823 1 2412 2429 4 3343 3000 5 3074 2663 2 2046 1969 5
2518 2244 2 2453 2646 1 3266 4625 5 1898 2491 5 2766 2734 4
2613 2647 1 2668 2457 4 2438 3307 5 2382 2865 2 2395 2918 2
2231 2633 2 2774 2668 3 4002 3109 6 1954 1510 2 1861 2034 5
2961 3618 5 1554 2801 2 3064 3498 2 3772 3081 3 2646 2206 5
1904 2100 3 1427 1130 2 2008 3352 5 2544 1479 4 2916 2238 4
2675 2595 4 1928 2763 4 2099 2053 3 1649 2080 2 2187 2105 4
2187 2617 5 1366 1693 6 2708 2303 2 2082 3125 2 1205 2188 3
3635 3022 2 2330 2539 2 2392 3359 3 3600 4210 5 2499 2423 3
2813 3232 4 2461 3139 5 1934 2526 2 3176 2484 2 2426 2902 4
1862 2574 4 2611 2132 3 2235 2150 4 2688 2648 2 2174 2728 5
986 2173 3 1083 1223 4 1965 2107 3 1426 2106 3 2240 2629 6
3063 3433 3 2396 3407 5 2590 2587 4 2531 3602 1 1945 3033 3
3419 3982 5 3504 3330 2 3216 2755 2 2906 1627 3 1512 2393 5
1732 2831 2 3335 3072 3 3398 2800 3 2056 2423 3 3794 3542 5
2893 1821 2 2262 2649 5 1659 2466 5 1301 1666 2 1198 1963 5
1088 1287 1 2943 2423 7 2763 2810 3 1579 2001 3 2617 2263 4
2293 2749 2 2437 2576 4 2422 2777 3 2839 3178 3 2072 2517 4
2293 3036 3 2573 3875 4 3643 3052 4 2725 2822 2 1631 2055 4
1438 2610 5 2481 1735 2 2463 2689 4 2741 1618 3 1799 2971 4
1636 2016 7 1591 1476 3 1670 2381 3 1839 1808 2 846 1456 3
1578 2129 3 2083 2341 7 2165 1610 4 1188 1856 3 1796 1340 2
2020 2081 4 2438 2600 4 2302 2802 5 1615 2190 1 2353 1673 3
3727 2046 6 1908 2504 2 2711 3548 3 2415 3408 2 2881 3429 4
1469 2415 4 3029 2687 3 1531 1642 2 2223 2300 5 1254 1794 4
2689 2269 2 2597 1542 1 3332 3147 3 2333 2846 6 1966 3161 4
823 2062 6 1818 1394 1 2871 2997 4 2647 2264 3 1704 2333 4
1887 1131 3 1782 2294 3 2167 2618 3 1348 2384 5 2437 2000 3
1858 2636 5 2409 1606 4 1404 2098 1 1305 1729 1 1757 2076 7
2175 3302 5 1950 1662 1 2807 2044 4 1709 1156 5 1674 2650 3
2252 2387 4 3179 2513 4 2140 1412 2 1417 2309 4 2381 3235 3
2239 1724 2 2018 2066 4 1519 1953 3 1987 2166 4 2010 1888 5
1798 1664 2 2380 2713 7 1736 3237 4 2381 2468 2 1677 1759 3
2457 2026 3 1809 1994 4 1475 1752 5 1739 2302 1 1424 1903 5
2315 1982 4 2054 1577 2 1764 2396 3 2014 2266 5 1920 2357 4
2388 1797 2 1974 3145 4 2303 2824 6 2306 2418 2 1438 2064 2
3259 3229 3 2174 2402 4 2277 2865 3 1981 2942 2 3122 2537 4
1408 2251 4 2354 2619 4 1404 2948 5 2183 2011 1 1911 1416 3
2049 3221 4 3069 2989 2 3447 3218 2 2745 2234 2 2716 3404 5
1928 2235 4 3170 3016 5 1953 3171 3 1865 2205 2 2177 1909 3
999 2537 5 2381 2389 3 1866 2529 2 1956 1466 4 2008 1927 3
2027 3223 4 2095 1464 1 2425 3292 6 1736 1391 4 1655 2695 3
2836 3440 5 2296 2307 4 1771 2408 1 1960 1163 4 2566 2550 4
3226 3174 3 2248 2187 3 1252 1525 2 2191 2681 4 2344 2110 5
1906 2665 4 2199 1849 3 1300 1613 2 2359 2463 1 1454 2587 7
1666 3032 4 1983 2041 3 2714 2852 4 2158 2016 3 1816 2339 3
2313 3024 4 3129 2959 1 3495 3555 3 2877 3400 2 2809 2380 6
1898 1674 2 2270 2704 4 2773 2519 3 2497 3180 4 1848 2320 4
1951 1450 3 2259 2139 5 2044 3273 4 2955 2435 1 1503 1507 4
3094 3286 4 2781 3233 3 2198 3127 2 2167 2089 3 2165 2552 6
2308 2115 1 2665 2338 6 1195 1829 3 2138 2224 1 2738 2132 5
2315 2122 3 1539 1389 4 1635 1890 5 1536 1772 3 1202 2183 4
3945 2804 2 2335 3149 3 3030 3622 4 1897 1799 2 3426 3683 4
2274 1990 3 1427 1448 2 2689 2336 5 2272 2170 4 1911 1733 3
3217 3034 8 833 1438 1 1904 2622 4 2202 1796 1 1298 2907 4
2265 2767 2 1544 1716 5 2154 2542 5 1886 2337 2 3164 3063 4
2292 2914 8 2758 3286 1 1873 1651 1 2403 2604 1 2753 2625 5
1801 2818 5 2062 2266 3 2574 3109 6 1605 962 1 2209 2433 4
1025 1548 3 2378 3103 3 2002 2446 5 3187 2500 4 2306 2022 3
3204 2433 4 2942 3271 4 2632 2573 4 1715 2185 2 2276 3515 3
2398 3012 3 3181 3408 2 2998 3288 1 1877 2403 5 2872 3008 4
1969 2450 7 1775 2067 2 1983 1991 3 1422 974 2 1783 2054 4
2131 2560 4 2944 4105 4 2884 3644 2 2923 2713 2 1407 1237 5
3448 3615 1 1998 2161 5 2132 2694 3 2773 2512 3 3081 2726 4
2756 2576 3 2727 4425 7 2207 1504 1 1847 2125 1 3220 3235 3
1820 2777 4 2373 2202 6 2516 3295 3 2306 1675 2 1887 1986 2
2698 2002 4 2729 2581 2 2229 3289 4 2615 1606 4 2031 3272 4
2031 2192 1 2948 2846 4 2079 2620 5 2693 2029 3 2178 3168 4
1444 1217 3 2148 2626 6 1258 1609 2 1614 2328 4 1897 2039 3
2252 2707 3 2820 2633 3 1844 2147 1 1869 1960 5 3115 4003 5
1647 2138 5 2197 2672 3 1933 1805 1 1915 2554 3 1820 2055 4
2143 2624 2 1975 1632 4 2612 3213 5 2123 2394 3 1749 2039 4
2121 3190 2 1881 2200 8 2346 2148 3 2723 2468 1 1859 2299 4
1858 1827 3 1143 1863 3 2371 1713 1 2214 1356 2 1414 3368 9
2369 2222 1 2160 2600 5 2058 2919 5 2818 2742 1 3248 2768 3
2243 2141 4 1817 2278 4 1879 1776 3 2095 1911 2 1216 2444 5
4526 3113 4 2053 2557 2 2774 2580 5 2492 2553 3 1938 2074 3
2251 2876 2 3867 2918 3 1674 2242 4 4280 4165 4 1959 1512 4
2611 2556 1 2371 2121 3 2514 3190 4 3585 3816 5 2161 2132 2
2870 2714 2 3065 2783 3 2132 3531 4 3827 2543 3 2127 2875 5
2568 2852 5 2550 2387 3 2704 2673 3 1754 1459 1 2459 3101 6
2651 3354 6 2560 1440 2 2424 2855 1 2666 2053 3 2859 3725 5
1741 2676 2 2740 3202 5 3278 2134 2 3148 2688 2 2295 2784 6
3070 3207 4 2358 2744 1 1663 1236 3 2988 3324 3 1786 2998 5
1938 2420 6 2684 2866 2 2534 1829 1 2086 2596 1 2422 2613 7
2029 1617 3 2166 3234 6 1067 2642 4 1580 1566 2 2083 2031 3
1112 2189 4 1434 1233 5 1683 1612 1 1979 2089 1 1411 2000 8
2787 3758 3 2240 1722 2 1918 2906 3 2912 2373 4 1844 3401 4
2098 1827 3 1962 2760 5 2150 1859 4 1689 1381 2 1573 2922 4
2395 3310 4 2101 2078 3 2066 2579 4 2397 2955 2 1112 1633 4
1874 1880 1 1569 2521 1 1820 3106 6 2147 2140 7 2512 1990 2
2759 2555 4 2618 2824 4 1534 2338 2 2900 3450 3 1911 2089 3
2429 2262 5 2285 3116 2 2223 2597 2 2039 2765 4 1863 1480 5
3409 3745 2 2325 2703 5 3894 3132 2 2259 3026 3 2497 3021 4
1981 2294 3 2679 2938 4 3644 3624 4 2383 2453 2 2420 2927 4
3155 3129 7 3121 4202 6 2720 3015 1 1540 1268 1 1322 1816 2
1861 2185 3 2857 2915 3 2223 2288 4 2760 2084 2 2236 3019 5
2374 2684 2 2343 2541 2 2030 2273 2 2968 2300 5 2261 3030 5
3495 2806 6 3505 3885 2 2388 2337 4 2552 2671 1 1780 2365 4
1547 2043 3 2393 2856 5 2332 1675 2 3038 3284 5 3082 2888 3
2259 3326 5 1905 2727 3 2387 2227 4 2379 2729 2 2567 2624 3
2217 2636 5 2196 1509 3 2434 2631 2 3295 2901 4 1878 2408 2
2829 2366 1 2996 3396 6 2693 2890 2 2063 2328 5 2015 2575 3
1142 1227 4 2526 2380 4 1617 2418 3 2106 1946 5 2226 2258 2
1792 2812 2 3118 4455 7 3787 2511 4 2290 2695 2 2473 2960 2
2781 2007 4 890 1205 2 2608 3163 6 714 1477 1 1521 1652 4
1955 3295 2 3801 1716 5 2172 3533 4 2478 2222 1 2389 4550 5
1176 1693 2 2369 1865 3 1668 2462 2 2866 2049 4 2423 3503 5
2686 3591 5 1265 1932 3 2761 2172 3 1628 1826 2 1964 2209 4
2133 2182 2 2525 3233 4 2311 1519 2 2983 3111 4 2463 3165 5
1755 1122 2 2526 2579 7 2055 3118 1 2029 3167 1 1758 1212 7
2512 2591 2 2796 2846 3 2525 2942 5 2434 1924 3 1374 2055 4
2123 1614 1 2461 2678 3 1893 3655 8 1928 2817 3 1883 2145 2
1916 2158 3 2037 2362 2 2482 2260 3 1578 2509 4 2492 2966 5
1584 2362 8 2295 2642 3 2716 2026 2 1401 1739 1 1629 3096 4
1645 2626 3 1727 1442 1 2828 2409 5 2229 2311 3 2253 2826 3
2864 3670 7 1760 3341 3 3126 2847 4 2399 1755 1 2094 2245 3
2340 2211 1 2993 3237 5 3110 2485 3 1744 2252 3 1229 2398 6
3635 2308 1 1454 2841 3 3223 3290 5 2400 3023 3 1961 2003 5
1806 2425 1 1106 1111 5 2229 2825 5 3239 3956 3 1847 1462 3
3108 2006 3 2771 2862 3 2926 3811 3 1790 2015 2 2575 2847 5
2265 4305 5 2441 2897 7 1913 2082 3 2949 2049 1 1598 1788 2
2554 3089 3 2663 3454 4 2084 2217 3 3080 2604 2 2618 2552 4
2609 3338 3 2575 2727 2 3109 3362 3 2488 3464 4 2948 2833 5
2297 2854 5 2925 2594 2 2718 2930 4 2524 2388 2 2802 3795 4
1772 2036 1 3386 2796 2 2202 2966 3 2946 3114 3 1697 3960 8
2177 2235 2 2227 1531 4 2373 3605 5 1616 2203 2 3122 3022 5
1893 2441 4 2762 1853 3 2168 2981 2 2539 1783 2 2119 4262 6
2366 1799 2 2522 3792 3 2758 3040 4 1987 2328 2 2824 3201 6
2090 1361 1 1661 2429 8 2489 2394 1 2104 1487 3 1668 2420 4
2099 2796 3 2293 2210 1 1470 1681 2 2387 2302 4 2659 2248 7
2484 3022 2 2603 2978 3 2403 1944 1 1736 3466 6 3210 3027 5
3599 3503 4 2313 2551 4 1917 4220 4 2770 2535 2 2202 2133 2
1351 1028 2 2659 2481 3 1118 1601 1 3534 3201 6 1532 3228 5
2961 3410 6 2250 2220 3 1638 1980 1 1651 1821 3 1683 2178 5
2558 2158 3 2765 2445 1 2821 3699 6 2915 3801 2 2178 2276 4
1522 2027 3 1368 1952 6 1671 2616 3 2851 2539 2 1470 1419 4
2794 3488 7 3015 2851 4 2597 2983 2 3257 2577 1 1552 1778 3
2406 3271 4 2563 3444 1 2464 2701 4 2607 3269 3 2317 1940 4
1892 2758 5 2838 3153 6 2312 2884 1 1953 2134 1 2204 2240 4
1979 1844 2 2043 1275 3 1668 1950 5 1734 3737 6 2137 1530 2
1507 2082 2 1547 1796 3 2826 3352 5 2851 2270 3 2115 2849 3
1671 2256 2 2687 2237 4 1592 1667 4 2157 2552 3 1408 1567 5
3073 2385 2 2201 2661 2 2728 4171 3 2193 2802 3 2903 3275 6
983 617 3 2838 3548 5 1672 1622 3 1245 1573 2 1780 1986 4
2850 2310 1 2424 2574 2 2841 3400 4 2432 2796 3 2863 2983 5
3376 3659 2 3299 3208 2 2229 1690 4 3189 3266 2 3309 3731 5
3032 2647 5 1212 2593 2 2211 2079 3 2203 2361 3 1723 1824 4
1649 2665 4 2188 2756 2 2682 3041 3 2047 2070 3 1774 1865 4
1325 1644 4 2782 3800 3 2294 1777 3 2626 3333 2 2076 2106 5
2840 2393 3 1964 1227 1 1683 2678 5 1917 1835 5 1252 2082 3
2451 2090 3 1503 2143 8 1806 3007 4 2357 1595 1 826 1705 3
2249 1614 4 2243 2974 1 3717 4843 4 1828 2493 2 2606 2212 5
1289 850 4 2053 2534 2 1196 1579 4 1917 2087 2 1892 2671 5
2290 2741 3 3221 2843 5 1977 1907 3 1223 1214 4 2341 3470 3
3188 3398 2 1908 1534 1 2285 1805 4 3663 3643 3 1261 2479 6
2406 1815 2 2130 2740 6 1370 2831 3 2740 2421 2 1756 1535 4
2522 1874 3 1004 2180 4 2198 2575 4 1534 2070 2 902 1880 5
1804 2623 2 2139 1610 3 2290 2876 2 2538 2409 6 1848 2579 5
2041 2136 2 2208 2113 5 2465 3510 5 3404 3280 2 2656 2122 2
873 2314 4 2008 2308 6 1846 1717 4 2350 2023 1 1856 1974 3
2215 1755 3 2702 2850 8 1417 2655 1 1665 1802 1 2590 2519 3
1422 1264 2 1340 2252 3 3146 2550 4 1635 2109 1 2005 3502 8
2711 2227 3 3409 3127 2 3284 3926 3 1579 2783 3 2568 2908 4
3265 3261 2 2899 2948 4 2246 2890 5 3257 2368 1 2498 3083 5
1269 3019 2 3311 4042 5 2163 2124 3 3874 2993 2 2375 2563 4
3602 2921 3 1318 2292 5 2521 2032 1 1947 2685 3 2205 2403 5
2234 3209 3 3529 3150 3 2557 4038 3 3307 2158 3 2908 3426 4
1710 2010 4 1741 2267 3 2192 1512 2 2152 2193 3 1694 2861 7
1881 3509 5 2040 2390 3 2952 3236 3 2919 1820 2 3341 3041 3
2318 3051 6 2304 2368 1 2594 2126 1 2307 1868 4 2798 4152 4
1935 2906 5 2629 2654 4 3330 2799 1 2129 2770 2 1906 1626 5
2716 2878 4 3100 3188 1 3060 2538 5 2712 3058 3 1927 2085 4
3017 2276 4 3900 3416 3 3921 4964 3 2298 2898 2 2945 2860 3
2416 2572 3 2134 2682 8 2311 2083 2 1988 1288 2 1083 1830 3
1868 3479 4 2974 2244 3 2664 2683 1 3113 2501 5 2204 3300 4
1844 2368 4 2992 3093 3 2240 2337 2 2071 2034 1 2836 3136 7
1683 2314 3 2143 1903 1 1734 1966 5 1234 1237 3 2478 1686 6
2419 1818 3 1926 2091 2 2310 2199 4 2517 2335 3 1499 2788 6
2064 3145 5 2392 2783 5 3108 3747 3 2088 1887 2 2701 1999 3
1815 2530 6 1020 1665 3 3663 3302 1 2070 2645 3 1275 2336 4
1398 2386 4 1089 2411 3 1663 2512 2 2110 1117 3 3065 1946 4
2597 2826 3 2511 2373 3 2884 3687 3 3517 2901 4 1757 2358 4
2184 1451 1 2684 2246 4 1488 1320 2 2646 3834 1 2584 3079 9
1000 2123 3 1802 2129 3 3000 3032 3 2307 1800 2 2480 2944 6
2625 3535 5 2335 2267 1 2174 2826 1 2940 2663 4 2488 2702 5
1913 2592 4 2949 3542 4 2347 3349 3 2674 2104 3 1769 2983 3
3332 3369 2 1847 1384 1 2156 2326 3 3019 3999 7 3029 2409 4
1484 1678 4 2401 2716 5 1458 2046 2 1381 1801 3 2374 2197 4
3183 3084 4 1772 3101 3 1889 1946 3 3064 2513 1 2704 1705 5
2826 3312 1 3352 2951 2 3860 2825 3 2667 4098 6 2601 2439 3
2520 2439 3 3229 2770 1 2463 2962 4 1939 1567 3 1545 1943 6
2826 2876 6 2199 2384 2 1668 2915 2 2909 2251 3 1979 2358 4
2863 3435 3 3030 3595 3 2243 1588 5 2879 3341 3 2492 3002 3
2507 1986 5 1999 3024 4 2368 2315 2 1637 1777 2 1955 2225 4
2574 2506 3 2027 1887 3 2447 2960 6 2054 2913 3 2347 2427 2
2029 1824 2 3201 3809 4 1534 1191 2 3016 2957 2 1086 3119 6
2378 1919 3 4206 3759 4 3558 4695 3 2254 3253 3 2730 3163 4
2972 2812 3 2541 2960 3 2983 3783 4 3422 3285 1 2258 2335 5
2805 3766 6 2523 2616 3 2799 2494 2 2320 2200 4 1027 1563 3
1250 2663 6 2962 2522 3 1147 1674 2 2009 2314 1 1602 2280 6
2545 3048 2 1646 2198 8 3858 4428 3 2072 1919 1 1374 1819 3
1534 2090 4 2041 1564 1 3284 1894 2 1724 1579 4 2293 2909 6
2470 2676 2 1963 3855 5 2966 2300 1 3247 2913 5 2391 2998 3
2556 3162 3 3005 2448 2 2011 3125 7 2958 2786 2 2357 2944 2
2305 2070 2 1498 1572 4 2407 3137 3 2969 3073 4 1273 1953 3
2066 2200 4 1891 2437 5 2491 2889 2 2251 2214 3 2108 2083 3
2220 3058 2 2203 1865 4 1376 1238 2 3492 2342 3 2100 2838 7
1866 1339 2 1835 2548 5 2107 2628 3 2708 2705 2 2716 2726 5
2585 2686 2 2897 3063 7 1732 2405 3 3734 3021 1 2665 2024 2
1477 1699 3 1236 1727 4 2434 1253 2 2982 3027 4 2064 2285 5
2331 2951 4 3387 3137 3 2990 2881 1 2002 1901 4 2734 3454 5
2175 2533 4 2478 3214 3 2973 2692 1 3093 3126 4 1488 3499 5
2972 2559 2 2023 2137 1 1859 2657 5 1810 2913 5 1959 2581 4
1415 2380 2 771 2077 7 1745 2369 2 3075 2607 2 1436 1417 5
2005 2501 4 1840 1926 3 2151 2570 2 2091 1817 4 2550 1869 4
1896 2031 3 1492 1832 2 1996 2284 3 2034 1963 4 1345 2159 6
3239 3026 1 2515 3481 3 2237 2788 3 2652 2637 3 2729 3120 5
1743 1699 2 2886 3137 5 3146 2149 3 2324 2771 3 1772 1519 5
2735 3578 3 1369 1665 2 1942 2500 3 1896 1938 3 2402 3207 6
787 582 2 1834 1574 1 1761 3217 3 2584 1876 4 2084 3128 6
1452 3029 5 2200 1961 3 3232 3928 4 1491 1667 1 1822 3069 6
2057 1078 1 1594 3127 4 1313 2150 8 2272 1487 1 1416 2243 4
1238 2686 3 2765 2097 6 1897 2924 3 1893 2396 3 3402 2734 3
2976 3559 5 2740 2216 1 3880 3540 4 1894 2842 4 2283 2523 3
1599 2311 2 3343 4373 2 2017 1838 3 3064 2176 4 2904 3191 5
1335 2799 6 2468 2597 3 1728 2925 3 3525 2648 1 2821 2040 4
1495 1525 3 1902 2591 6 1701 2273 4 2154 2410 2 2410 2374 2
3564 2421 3 2672 3200 5 2567 2387 1 2536 2814 5 2222 2892 3
2251 1787 2 2003 2178 3 2500 2535 6 2355 3450 4 1315 1313 4
2238 3036 3 3356 3370 6 2314 2825 1 2759 2144 3 2650 2962 3
2072 2162 5 3551 3119 4 3253 3648 3 2804 3289 2 3037 3636 2
2142 2794 4 3063 3237 4 1924 2300 2 3870 2872 3 2199 2049 4
3360 3985 5 2015 1652 3 2926 3102 1 2463 2313 3 2379 3065 5
2586 1869 5 2765 3184 5 2747 3091 2 2643 2643 2 3181 3034 5
3572 2689 6 1156 1921 1 1860 2818 3 1403 1897 3 1594 2362 4
2792 2608 3 2708 2851 3 1856 2646 4 3006 2924 1 2693 2307 5
1965 1974 2 3852 2916 5 2469 2997 4 2298 4003 4 2399 1747 2
2675 3467 5 2413 2718 1 2751 3109 2 1790 1824 1 1859 2969 8
2387 3689 4 3493 2507 2 2346 1777 1 2260 2735 4 1805 2239 6
2660 2668 3 2374 2697 3 1810 2670 6 3387 3560 2 1967 2538 3
1798 2545 5 1756 2424 3 1496 2415 1 1873 1914 3 2101 1898 5
3034 2688 5 2759 2763 2 1238 1960 6 1615 2646 1 2629 2107 3
2266 2754 2 3445 2445 4 2248 3476 4 2350 2255 2 2680 2211 4
1308 3182 5 2458 3464 4 2528 1626 3 2835 1557 1 2015 2588 4
1992 3567 5 2517 1836 3 2595 2882 3 2096 2111 2 2517 3478 5
3011 2536 1 1561 2030 4 1620 2642 4 1949 1971 2 1797 2097 5
2203 2753 4 1906 2421 4 2253 2487 3 2735 2445 4 1584 1982 2
2800 2799 4 1646 2456 4 2769 2366 3 1124 1579 3 2045 2637 4
2963 1589 6 1954 2580 3 2504 2864 4 2602 2686 1 1536 2218 3
1793 2325 3 1515 2288 3 2440 2174 5 1078 2096 2 3523 2843 5
2839 3055 5 3492 2367 3 2619 2445 4 2951 3401 2 1741 2393 3
2702 3121 4 2133 2715 5 2176 1171 1 2158 2250 3 1937 2214 4
2536 3151 6 2346 1674 2 2093 2433 1 2468 2204 1 1038 2860 7
2493 2300 1 2116 2904 4 2860 3496 3 3229 2992 5 3188 3098 3
1969 1547 3 2589 2775 2 1763 1893 4 1446 2318 1 1726 2786 7
1905 3248 4 1550 2764 6 2765 2865 3 2638 2727 3 1982 2135 2
3318 2652 4 2556 3669 5 3065 2908 2 3829 2967 3 2186 2673 3
2983 3455 1 2642 2787 5 2305 1798 4 3303 2925 4 2963 3134 3
2236 3107 1 2477 2626 5 1730 1430 3 1182 1565 2 2223 3064 6
1604 1722 1 1526 2743 6 2544 2462 3 2687 3213 4 2131 2305 4
2316 2416 3 1455 1886 2 964 2207 4 2122 1898 3 2384 2997 5
2580 2909 4 2239 2476 1 1772 2559 4 2381 3116 4 1686 2510 4
2196 2227 5 2246 2992 3 2691 2633 3 3167 2829 1 3237 3051 4
3326 3919 4 3983 3031 2 2747 2733 4 1925 1948 4 1963 1699 3
2406 1744 1 3287 3261 2 2284 3861 5 2859 2886 1 1849 2745 7
2475 2560 2 1335 1986 1 3058 2393 5 1232 2448 4 2980 3382 6
2121 2500 3 1661 3187 6 3007 2490 3 1709 1193 2 2024 2759 4
2368 2681 3 2345 2669 1 1337 2442 4 3241 2038 4 1927 3376 4
3016 2838 2 2387 2131 3 2714 2849 3 1886 1787 3 1704 2715 6
2175 1586 3 1860 2572 5 3049 3432 2 2013 2219 1 3363 3226 6
1114 2508 4 1805 1485 1 2289 2904 3 2339 2444 3 1876 2231 7
2731 2903 4 1489 1885 2 1775 2256 3 1978 1799 2 1755 2704 6
1366 1877 3 3193 3775 4 2352 2632 5 2699 2784 2 2431 2917 3
2592 2486 2 1560 2446 2 2816 3234 5 1964 2001 4 1950 2759 4
2198 3565 4 1672 2831 4 2558 1909 4 2380 2387 3 1678 1793 2
1169 1935 2 1443 2219 6 2927 2929 1 2343 1883 4 1503 2570 5
2287 2310 3 2598 2375 5 2392 3066 2 1911 2117 3 2098 3248 4
2401 2378 1 1231 1519 1 2000 3232 5 2534 2313 6 1215 2127 4
2440 3806 3 2768 2502 2 2851 2819 6 3322 2523 2 2084 2175 4
2024 3073 1 3587 3188 1 2612 2814 5 2266 2730 4 2344 2686 6
2190 3021 4 2627 2871 2 1465 2349 5 2445 1922 2 2645 3689 3
1595 2143 5 1148 1969 8 1819 1435 1 2270 2374 2 1265 999 3
2031 2997 3 2581 2266 3 3297 3145 3 2704 2791 3 3119 3273 6
2330 2347 5 2793 2567 2 1456 3123 5 2478 2431 3 2514 3268 3
2600 1974 6 2825 1660 4 1382 3041 1 2261 2531 2 1912 2870 2
2060 3445 5 2868 2909 3 1900 2551 2 2946 2966 3 3193 2077 4
1686 1861 3 2369 3272 5 1271 1589 3 2130 1144 5 2293 3140 2
1885 1408 2 1417 1659 6 1904 2028 1 1275 2000 2 2450 2204 6
2044 2217 4 3000 3300 3 1801 2781 3 2362 2306 4 2301 2832 3
1246 2816 6 2928 1679 4 2618 2122 2 2859 3044 2 1795 2455 3
2670 1758 3 3994 3360 2 2635 2584 2 2066 3210 6 1512 2665 3
2831 2866 6 1887 1752 1 2893 2426 1 2743 3434 5 2519 2558 5
1529 1735 5 1803 3091 5 1428 1718 3 1430 1737 2 1476 2331 3
1031 1370 3 1639 1721 4 1735 2261 7 1766 1646 1 1458 2011 4
1620 1113 2 1528 2505 6 1821 3041 6 2236 1706 3 905 1161 2
2561 2469 3 2410 3885 5 1967 2154 3 1657 2094 1 1648 2211 5
1766 1762 2 2352 2408 4 3198 3383 4 2061 3037 3 2026 2251 4
2301 2929 6 1651 2074 3 2204 2185 2 3139 2828 4 2138 2362 2
1332 1698 2 2537 2542 5 1783 2013 3 3120 2563 3 1264 2186 5
2778 2900 2 1328 2327 7 2664 2266 3 1330 2362 1 2935 2222 4
1940 1942 5 1665 1336 5 3257 2950 2 2058 2021 3 1272 1982 3
1979 2500 4 2649 2136 3 3257 2607 3 2254 2641 3 1750 2396 4
3045 2991 2 2660 2713 4 2351 3212 3 3069 3068 2 1813 1999 5
2379 2117 2 2911 2756 1 3061 3535 3 1849 3172 5 2734 2704 6
2529 2706 3 3869 3891 3 1705 1212 2 1608 1775 2 2672 3993 6
2426 1966 3 1824 3086 2 3039 2865 6 2102 2140 2 1810 2379 5
1767 2344 1 2140 2964 3 2581 2229 3 2359 2218 3 2963 4392 6
2354 2334 4 3044 2456 4 2517 3619 4 1984 1519 1 1551 2923 5
2359 2184 3 2804 3702 5 2963 2744 2 2106 1548 3 2490 2875 4
1925 3011 5 3091 2678 3 3581 2672 4 3077 2728 2 2045 1948 3
1919 2724 5 1835 1704 4 1919 2247 4 877 1345 1 2284 1439 4
1579 1501 2 1832 2138 6 1840 2478 4 2693 2917 3 1654 1565 2
3295 2459 1 2798 3090 4 1423 1602 4 3512 2761 4 2452 2577 4
1418 2924 4 1903 2531 5 2882 2087 2 3244 2623 2 2005 2327 4
3143 2753 4 2117 2857 3 1289 1821 4 2837 2709 3 2278 1964 4
3678 3652 2 2528 2183 3 2964 2970 3 2342 3137 5 3858 2874 4
1425 1914 3 2058 2677 4 2693 2125 2 3571 2387 2 2242 3067 6
3056 2588 2 2173 2717 4 2365 3551 5 2551 2621 3 1766 1935 4
1117 2331 4 3288 2376 1 2719 2266 4 1294 2185 4 2720 3172 4
2875 2849 4 2891 3328 6 2383 2911 2 2371 2675 2 3086 2002 2
2539 2265 2 2553 2809 1 2039 3208 7 3869 2468 1 2470 3619 6
3059 2833 3 1573 1950 4 2701 1897 3 2096 1959 3 2412 3007 2
2158 3112 4 2968 2140 2 2730 2623 4 1484 2127 1 2588 3289 5
3132 2970 2 1532 2900 7 3092 2186 1 1985 2355 1 2858 3493 4
2985 3144 3 2055 2340 2 2441 3857 3 2859 3097 6 2571 2306 3
1032 1829 3 2852 1578 4 1650 1988 5 1316 1500 2 2106 2618 4
1180 2224 3 1965 2518 4 2351 2063 2 2081 2444 5 1828 2476 4
3016 3094 2 2227 2800 3 2814 2938 3 2493 2809 3 2669 2708 4
2409 1986 1 2275 2004 2 1712 2702 7 1615 2442 1 2465 2517 6
2660 3091 6 1643 2883 4 1586 1589 2 2245 3441 3 2439 2137 2
2398 2073 1 2232 2345 3 1830 2113 4 2462 1493 3 2185 2766 7
3643 2912 3 1655 2259 3 1871 2140 1 1681 2050 3 1784 2372 7
1286 2063 1 1467 2348 3 2088 1962 5 1582 1847 4 1154 1199 5
2195 2604 3 2194 2894 4 2627 2504 2 2252 2446 2 1379 2123 6
1955 2217 1 2529 2319 5 2753 2784 2 2205 2797 5 3112 2383 4
3400 3149 2 5069 3721 2 1840 3847 5 3598 3568 5 2380 2592 4
2866 1726 2 1286 1878 1 735 1442 3 1306 2207 7 2602 2166 4
1931 1151 4 1855 1813 2 3199 3210 4 2824 2663 3 1840 3120 4
1617 2191 2 2058 1622 3 2580 2284 5 1691 1719 2 1718 2805 5
3597 3554 4 1996 2225 3 3193 2400 4 2683 2523 4 2077 3755 2
2461 2243 4 1841 2658 5 2701 2239 1 2052 2329 3 1779 2568 3
1558 1073 1 2375 2957 5 1754 2872 3 2649 2548 5 1879 2293 3
2441 2013 3 1801 2136 3 2270 3538 3 2310 1678 5 1474 1670 4
2276 2056 2 2906 2800 3 2114 2603 2 2589 2345 2 1811 2341 8
2465 2950 4 2381 2052 5 1291 1759 4 1998 2258 2 1771 2400 4
2330 2512 5 3063 2376 4 775 1017 1 2839 2360 3 2221 3193 5
2424 3648 7 1616 1990 2 1569 1560 3 1986 1269 2 2214 1743 3
1781 2711 3 1837 1634 2 2979 1950 3 2802 3055 2 2085 2926 6
2460 2722 3 2156 2037 1 2576 3504 3 2441 2612 4 2494 3214 6
3897 4785 5 2717 3410 2 3011 2525 3 3587 3455 3 1947 2680 3
2524 2414 4 1608 2413 3 2055 1943 4 2103 1777 4 1554 1741 2
1724 2476 4 2351 2703 4 2663 1529 2 2197 2078 3 1530 3365 5
2030 2397 3 1998 1648 4 1599 3054 3 2081 2060 3 1984 2310 4
2444 3318 5 2079 2176 4 1929 1957 2 2201 1972 3 3405 4290 3
2047 2742 1 2691 2645 1 2221 2383 6 2517 2665 3 1369 2420 6
2224 2838 5 2557 2834 5 2463 3135 2 1997 1001 2 1547 2154 4
1380 2798 5 2992 2047 2 3986 3536 3 2072 2002 2 2204 2598 6
2516 1956 3 2603 1631 3 1104 2108 4 2482 2727 1 2874 3472 6
3020 3034 5 1808 2562 2 2775 2683 3 3055 2656 2 1653 1647 4
2289 2201 5 1181 2002 3 3346 3147 2 2180 2544 3 2436 2113 4
986 2656 5 3145 2587 4 2173 1699 3 1382 1103 2 1411 1586 3
1143 1553 3 1794 2248 5 1851 2679 6 1456 2185 2 779 1326 3
3398 3865 7 2409 2385 2 1669 2808 1 2908 3510 3 2452 2798 4
2449 2422 4 1890 1981 2 1930 1480 3 3267 4120 4 3561 3213 3
2175 2215 5 2191 2939 4 2985 2740 2 2256 2759 4 1945 1343 2
1956 2272 3 2927 3308 4 2481 1453 2 1964 1554 5 1895 2390 3
2317 2835 4 3804 3739 3 1989 1821 3 2878 3238 2 1601 1914 4
1262 2246 3 2376 2146 3 1905 1752 4 2083 2121 3 1628 1805 4
2561 2840 1 1763 1725 5 2083 2293 4 2766 3681 3 2689 2295 3
2888 1813 2 2484 3030 4 2253 3311 5 2595 2905 3 2444 2675 2
1391 2469 1 3327 2030 3 2960 2505 4 2422 3196 5 1814 2933 4
999 1668 6 2747 2931 4 1482 1413 2 2441 2169 1 1923 2610 4
2903 2933 5 1485 3309 3 1851 1908 2 2372 2675 4 1953 2101 4
2459 2515 2 2063 2483 2 2037 2716 6 2824 3025 2 2844 2523 4
2916 2337 4 1851 2301 2 3000 3888 5 2382 2678 4 1521 1880 3
1760 2096 4 2697 2378 5 2874 3023 2 2525 2874 4 1037 1660 2
2459 2333 5 2219 2644 2 2738 2777 3 1818 2281 3 1584 2205 5
4027 3612 3 2458 2964 5 3726 4344 3 1929 1583 1 2999 3633 4
2296 2180 4 2096 3169 7 2571 1770 1 2165 1620 2 1241 2295 4
2122 2434 1 2600 2498 3 2010 1842 3 2997 2296 4 3412 3747 6
2360 2803 3 1940 2178 4 1536 2374 3 3092 2472 3 1961 1666 3
3736 2554 3 1404 2198 4 2824 3084 2 1685 2043 3 2115 3136 5
2253 2557 3 3535 3261 4 2866 3875 2 3307 3876 5 3494 3121 2
2676 1929 1 1190 2246 3 2224 2971 4 2101 2104 2 1581 1813 7
2090 4305 6 2071 1832 1 2181 1285 2 1621 1552 4 1963 2281 4
2884 2987 3 2910 4377 5 1943 1608 2 3336 2423 2 2862 2760 5
1266 930 2 2676 2021 3 1778 2112 2 2317 1524 3 1425 2769 7
1401 1183 3 2838 2632 1 2355 3137 7 1791 2349 2 2104 3057 5
2685 2733 6 2144 2446 3 2235 2985 3 2318 2766 4 2639 1760 2
2581 2725 5 1820 2712 2 2670 1961 1 2213 2830 5 3063 2866 4
1333 1772 3 2192 1475 2 1926 1461 2 1721 2726 4 1166 2073 7
1235 2133 2 2020 2053 6 1629 1571 1 1833 1889 3 1926 2192 5
1695 2001 2 1415 3626 3 3710 2560 4 1706 2121 3 2813 3070 5
3300 3298 4 3014 2389 4 2976 3844 5 1986 2811 2 1883 2269 3
3219 2462 4 1444 2109 2 2655 3369 3 3003 2978 3 3197 2801 5
2644 3090 4 2706 1823 3 2049 2575 3 2312 2135 2 2218 2991 5
1590 2490 4 1980 2618 3 1752 2075 4 1173 1349 2 2720 2040 4
3736 2533 2 2236 3191 4 1551 1690 4 1824 1691 3 2402 2394 4
2477 3142 2 2353 2932 4 2042 2725 3 2742 3047 3 2758 2353 5
3019 2413 1 2498 2805 5 2597 3578 3 2940 3404 4 3165 2543 2
1996 1923 1 942 1619 2 2432 1847 5 2473 2136 4 2117 1784 5
2081 2004 6 2302 2845 5 1955 1607 1 2525 2779 4 2129 3038 2
2232 2345 1 2577 3263 3 2838 2187 3 2116 2506 4 2858 3149 6
1707 1976 4 2386 2438 6 1523 1876 2 1359 1601 1 1362 1874 4
2165 2228 3 2410 2243 3 1508 2940 4 3344 2159 4 712 1719 4
2105 1741 1 2849 3545 2 2036 2929 5 2641 3174 4 2148 3121 5
2309 2053 5 2215 2376 4 2333 1970 2 1138 2260 3 2256 2787 4
2897 2310 3 2608 4145 3 3035 3880 3 3349 3281 4 1859 1438 3
2600 1605 3 1689 3951 6 2234 2603 3 1716 1464 3 2646 2638 3
3078 2826 5 2914 4426 4 2846 2184 2 2702 1974 1 2043 2646 4
2485 2037 1 1867 2339 3 1690 2201 2 2307 2884 5 2265 2810 4
2376 1645 3 1267 1273 3 1446 2804 4 1631 2169 4 2590 2691 3
2402 2583 2 3359 3227 1 2219 2331 3 2518 3872 7 2410 2265 4
2506 2374 3 1777 2569 5 2257 2322 4 1946 2323 1 2589 3603 4
3119 3546 4 2833 3770 4 2668 2585 2 3326 1771 3 2783 2024 3
2869 2500 4 2465 2162 4 1840 2456 3 3600 4058 3 2534 2842 4
3342 3996 5 2187 2270 5 1906 2557 2 2032 1739 2 1499 1927 3
1794 2578 2 2892 3321 5 3142 3466 5 1761 2061 4 1895 2211 2
1958 1930 2 1406 1391 4 1991 2987 3 3022 2980 3 2516 3252 4
2330 2829 1 3402 1499 3 2023 2344 1 1189 2058 5 2328 2612 8
2709 2777 4 3807 3278 4 1779 2072 1 2352 2302 2 2125 2820 6
2589 2204 3 1500 3015 5 2094 2125 3 1839 2266 3 2265 2627 3
2148 2171 1 2576 2875 3 1773 2882 4 2413 1616 1 2779 3182 7
2559 2048 3 840 2532 6 2139 2218 3 1913 1923 3 2106 2667 3
2449 2631 7 4007 2815 2 3028 3654 2 1897 2849 2 2571 2731 3
2695 2729 4 1582 2466 2 2669 2952 6 1667 1772 2 2100 2885 3
1714 2460 3 1488 2215 3 2277 2634 3 3301 2711 4 2280 1785 4
2593 1824 2 2279 2628 3 1808 2519 5 2573 3570 2 1667 2329 5
1778 2462 6 2434 2843 4 2196 2900 1 2845 2672 3 2011 1545 3
3152 2507 4 2321 3090 3 2842 2933 4 2550 2885 1 2035 2963 4
3540 3070 2 1662 2146 6 2483 2611 3 1477 2427 2 2210 2123 5
2765 2394 2 2032 2700 4 2306 1789 6 2529 2424 4 655 1791 3
2855 3490 2 2211 2135 2 2425 2541 3 2355 2413 3 1665 2592 7
2846 3743 4 4044 3677 2 2342 3822 3 2438 2663 4 2645 2876 4
2766 2223 2 3367 3158 6 2219 2302 1 1933 3436 4 1768 2235 3
1513 2578 5 2068 1819 2 2642 2833 3 2552 2308 2 1806 2350 5
1531 2690 3 1440 2680 5 3031 2061 2 3184 3224 3 2937 2770 3
2059 2852 5 1403 2507 5 2675 1447 3 1801 1733 2 1670 1822 2
1744 2122 3 1632 1996 3 1503 1278 1 1521 1158 4 1364 1963 7
2551 2417 5 2482 3066 2 2420 1407 5 1383 2079 2 1269 2863 5
3506 3384 6 2483 2725 2 3491 3763 4 2750 3666 2 1928 2552 3
2189 1995 2 2573 2602 4 3136 3489 4 2223 3349 2 2225 2844 3
3428 3757 1 3883 3423 1 2558 2989 5 2495 3239 4 2053 1764 5
1710 2564 5 2179 2822 5 2385 2607 2 1480 1702 2 1911 2391 4
1505 1553 2 2480 2253 5 1689 2776 2 2409 2529 2 1442 2856 7
1732 2226 3 2149 2950 9 2585 1826 3 1682 2620 1 1528 1806 2
1921 1591 2 2864 2759 4 3264 3199 4 2071 1986 1 2044 3633 6
2593 2167 2 1821 2323 2 2444 2959 7 1952 3128 2 1927 1309 4
1949 1743 1 3160 3485 6 2687 1982 3 2499 3364 6 1860 1578 2
2817 2630 1 1661 2687 2 2157 2423 2 2594 2601 5 1575 2314 6
4195 4138 4 2498 3350 5 2570 2744 2 1653 1626 2 2752 2993 4
1756 985 1 2282 2426 4 2791 2717 6 1681 1827 3 1688 2027 4
2065 2860 7 2530 2522 1 2378 2072 4 2043 1753 1 1633 1975 5
1984 2368 1 1424 2102 3 1967 2537 6 3544 3461 4 3113 3148 3
3083 2493 3 1896 2422 3 2937 2410 6 2801 3245 4 1387 1943 2
1979 1803 2 2548 3501 6 2730 2550 3 1895 3110 3 2103 1585 2
2488 3638 1 1979 1593 4 2635 2688 3 1587 1612 5 1757 1705 5
1761 3068 6 2901 2782 3 2608 2085 2 2198 2663 3 2083 3253 4
3773 3520 4 3089 2601 3 2596 2931 5 1875 2484 2 789 1083 4
2145 3283 4 1581 1876 4 1681 2156 4 2082 2125 1 1811 2342 5
1312 1764 2 2196 2121 5 2428 3324 5 2140 2589 2 2270 1499 4
2397 2725 2 535 1168 3 1148 1506 3 1457 2014 4 2298 3028 4
1268 1299 3 2869 2482 1 1380 1801 3 2084 2786 3 2373 2889 7
2524 3077 3 2712 2821 2 2419 3338 4 3104 2592 1 2021 2691 6
1590 2500 7 1914 2289 2 1532 1168 2 1717 2040 4 1319 1892 3
2100 2337 3 2085 726 3 1889 2758 6 1703 1780 4 1203 2108 3
2570 2471 2 2701 2048 2 2138 2590 4 2304 3177 4 1999 2163 5
2414 2565 4 3217 4201 4 3142 2383 2 2722 2785 5 2205 2375 2
2846 3015 3 1921 2860 3 2925 3024 5 2725 2799 2 3018 2403 4
1923 2729 1 2866 2851 3 1917 3258 5 2958 3053 3 2227 2469 4
2116 1458 3 1573 2364 3 2124 2305 4 3160 2517 2 2340 3325 5
2887 2606 1 1835 2394 5 1596 2865 4 2594 2839 3 1725 2521 4
2641 3245 5 2538 2422 2 2126 3045 3 2157 2297 3 1973 2092 4
2619 2563 5 2807 2913 2 2420 2903 4 1581 2206 2 2583 2013 4
2221 2698 6 1755 1844 4 2619 2900 2 2454 1869 2 1482 1874 4
3707 1929 2 2671 3504 2 2701 4279 4 2375 2263 4 1867 1669 5
1939 1846 2 2360 3169 8 2819 3074 3 2917 2801 1 2398 3365 3
1591 2337 3 2230 2195 7 2651 2025 3 1867 1834 1 1712 3171 3
1527 1139 3 2665 3597 8 2670 2425 1 2773 3103 4 1456 2615 3
2072 2911 6 2508 1499 4 2454 2890 3 1746 2269 1 2202 2189 4
1985 2946 5 2164 2487 3 1603 3251 3 2728 2162 3 1837 2160 4
2855 2863 4 1588 1397 4 2837 2998 5 2052 1733 1 2065 3462 5
2871 2400 4 1823 2644 5 2331 1903 2 1396 2710 2 1390 1644 5
2922 3919 6 2263 3029 3 2749 2522 3 3017 2408 2 1387 1582 4
2089 2445 3 2730 2804 4 2197 2675 5 2068 1670 4 1539 2099 2
1770 2195 2 1913 1484 1 2645 3913 5 1779 2761 5 1937 2550 5
687 1411 3 2303 2338 3 2074 3056 5 2861 2597 2 2401 2450 3
2470 2128 4 2584 2649 2 1768 2503 5 1641 1569 2 1962 2617 4
2938 3781 4 2253 2762 3 2263 3089 1 2403 2844 4 2903 2805 4
2579 1605 5 1580 2842 5 1809 2524 1 1477 2462 3 1804 2441 3
1784 3726 7 1596 1081 3 2253 1390 4 1230 1447 1 1902 2141 2
2549 2024 5 2256 3263 1 1986 2754 3 2867 2461 2 2530 2736 5
2264 2430 3 1858 3535 5 2781 2928 3 2723 2119 2 2309 2551 5
2853 2912 3 2537 2466 1 1758 2255 4 2415 1702 3 2628 3517 6
2490 2646 2 2808 2853 4 2864 2302 1 2516 3071 5 1801 3105 5
835 1173 1 2214 2083 4 2501 2111 3 2125 2465 4 1629 2649 5
1805 2316 3 1990 2014 3 2954 2491 5 1724 2874 5 1537 2229 2
4104 2847 3 2903 4068 3 3539 3231 2 3168 2370 4 1643 3465 4
1674 1766 5 2547 1776 3 2784 2853 2 1897 2771 5 1566 1673 2
1910 2368 2 3515 2880 2 3336 2954 3 2995 3037 3 3189 2892 6
2845 2881 3 2214 2202 3 2509 1913 2 2293 3466 4 1931 1851 4
3382 3003 2 2104 3100 4 1873 1760 2 1533 1720 3 2412 2627 6
3006 2600 5 2133 2883 2 2227 2521 3 1975 2587 2 3935 3899 4
2341 3245 3 3207 2871 3 2244 2895 4 2092 2553 3 2507 2380 4
1896 1885 5 2875 2258 3 2065 2381 2 2754 2990 4 974 1240 4
2411 3190 4 2158 2469 3 1646 2673 4 2357 1947 2 2683 2241 4
1702 1565 2 2604 2124 1 2725 2455 8 2499 3388 4 1966 2945 3
2154 2441 2 2198 1645 2 2971 4190 4 2162 1963 1 4098 3893 5
2010 3039 4 3779 3717 1 2465 2387 5 2914 2639 4 1690 1979 3
2840 3006 3 2405 1398 2 3253 2640 1 2572 3152 3 3302 3897 7
2183 2716 3 1634 1564 3 2185 2456 4 1334 1429 2 2055 2759 6
2353 1656 4 1372 2209 4 1505 2781 1 2211 2162 3 2721 3871 4
1767 2075 3 1925 2372 6 2336 1883 5 2222 2205 1 747 1723 3
2020 3497 3 3824 3005 4 2435 2911 1 1919 1708 2 2928 2913 5
1754 2753 5 2226 2115 3 1623 2327 2 2369 2749 3 2396 2812 5
2244 2951 3 1191 1947 4 1500 1755 3 2449 2161 2 2300 2123 5
2765 2573 2 2002 2850 4 3283 3137 1 2697 3676 4 2547 2648 5
2061 2818 3 2521 1658 2 1978 2223 2 2226 2840 4 2299 2100 7
1045 2190 4 2966 2067 6 2406 2792 2 2585 2148 2 1354 1628 4
1434 2973 3 2034 3701 5 2652 1923 3 2054 1992 3 2418 2383 4
2492 1819 2 2744 2875 2 2463 2260 2 2413 2273 4 2251 4091 6
2274 3446 3 2940 2750 3 1896 3006 4 2632 1790 1 3398 3302 5
2365 2704 5 2765 2250 4 2859 2897 2 2728 1607 2 2297 3508 4
2583 2762 4 1672 1354 4 1536 2320 2 3498 3238 2 1783 2282 5
1771 2244 2 2209 3357 5 2695 2975 2 3523 2302 4 1913 2824 4
3160 2745 3 3148 2699 5 2783 2433 2 2207 2526 2 2808 3755 6
1176 1745 2 3157 3597 4 2108 2267 4 2658 3123 4 2503 2388 2
2900 2921 5 1975 2145 2 1954 3012 4 2075 2336 2 1846 2177 4
1347 1973 3 2572 2258 5 2282 1030 2 1766 2554 3 1028 1658 5
2338 2959 6 1838 2056 2 2413 3099 3 890 1992 2 1492 1657 4
2445 1518 4 3017 2648 3 1859 3401 5 2252 3252 3 2736 3035 2
1007 1962 4 3090 3174 4 2622 2549 3 2816 3280 2 2433 2252 5
2476 3210 4 1754 1957 4 3255 2221 1 1909 2299 2 1162 2555 6
3376 1834 6 1480 1755 4 1944 2613 2 2266 2759 3 2362 2952 3
2868 2698 2 2879 3009 5 3305 3233 4 1584 1793 4 1788 2434 2
2079 3040 1 1981 2402 5 2541 3320 4 2733 2592 4 2600 2230 3
1800 1399 1 2484 1988 6 1836 2328 2 2286 3795 5 1242 1857 3
2730 2419 1 2083 2710 2 2279 2542 3 2299 2424 2 1850 2488 9
2017 1789 3 2454 2619 3 2799 2095 2 2359 2223 3 3411 3615 5
1493 2420 3 1037 1041 4 1755 2077 2 2778 2016 4 1904 2247 5
1759 1711 3 2667 2044 3 2749 2454 5 2250 2933 1 2473 4112 5
1895 2913 4 2523 2437 1 2084 2156 3 2126 2367 3 2011 2094 5
3754 2894 4 1638 3115 4 2632 3078 4 1943 2795 2 3107 2524 4
2126 3255 6 1887 1716 4 2103 2117 2 2832 1889 2 2142 2813 3
3239 2432 4 2959 3624 4 2197 2330 3 2289 3395 2 2936 4052 3
2239 1877 4 2693 1911 3 2290 4002 5 2676 3101 2 2832 2808 4
2466 2256 3 3506 3320 4 2824 3175 4 2141 3027 2 2310 3495 4
2475 3079 3 2032 2223 4 2027 3401 3 2639 3644 5 2365 2205 3
2860 3507 3 2697 1841 3 2032 2194 2 2072 2937 4 2964 3034 5
1930 2162 3 1981 1814 4 1239 1914 4 2593 1437 4 2234 2228 3
3328 2952 6 2657 2525 5 1719 2872 1 1932 2110 1 2938 2330 3
2844 3815 7 1757 2069 3 2953 3223 1 2364 2525 2 1638 2913 5
2899 2112 2 3199 3886 5 1984 1766 1 2618 3726 4 2117 2607 6
2362 2089 1 2272 2774 4 2154 2201 3 2191 2801 5 1959 1935 4
2137 1870 2 3018 2562 3 2429 3471 5 2490 1827 2 2952 2717 4
1279 2186 4 2522 2217 4 1758 1466 2 2916 2372 5 1992 2123 3
1241 1600 4 4020 3026 3 2783 2952 1 1966 2408 3 3124 2696 4
2438 2387 3 1469 1699 2 2406 2536 5 1342 1719 2 3487 3103 5
1566 1543 3 2280 2579 1 3361 3081 2 2256 2886 7 2465 3254 3
1389 1786 4 2142 2686 5 3049 2113 1 1621 1970 3 1622 1875 5
1800 1818 2 2844 2099 5 2233 2519 4 2149 2368 1 1824 2161 5
2573 2716 2 2441 3243 3 2800 3224 4 3188 2876 2 1147 2385 6
2131 2133 2 1700 2413 4 1657 2373 5 2284 2087 1 1084 2210 5
2615 3550 7 2152 2085 2 2555 2507 2 2604 2992 2 3164 2195 3
2160 2141 3 1828 2850 5 1550 2823 3 1782 2343 1 2444 2430 5
2101 2012 2 1802 2325 2 2977 3128 6 2265 2408 4 1492 2721 3
2022 1423 4 2039 1999 5 1606 1588 2 1330 2468 2 1631 2925 5
2507 3115 5 2146 2855 2 1646 2741 5 3372 3100 2 2253 1626 2
2201 3180 2 3349 3658 4 2797 1604 1 2647 2883 3 2567 2575 6
3099 1878 5 2170 1401 1 1762 2421 3 2615 3116 3 1776 2730 5
2478 3077 3 2629 2633 3 2536 2360 2 2904 3299 3 2331 2774 7
1753 2138 2 1871 2468 5 2583 1950 2 2416 2225 2 2259 2788 6
2299 2390 2 2567 2850 4 2432 2796 4 2645 2320 2 2705 3908 6
2033 2134 3 2688 2421 3 2638 3316 3 1969 1869 3 1909 3241 5
2371 2668 3 2138 2106 2 2849 2745 4 1807 2565 2 2417 3220 6
2084 3352 1 3535 2776 5 2391 2574 3 1089 1387 1 3286 4089 6
2744 3071 4 1966 2994 2 2506 3048 3 2320 2625 6 3023 2332 2
2344 2580 4 2676 2647 5 1941 2561 1 2569 3139 3 3254 3241 4
2896 2356 6 1818 2759 2 1640 2786 2 2622 2310 2 3117 3419 5
1493 2625 4 1774 2626 5 1112 1749 3 1542 1587 3 1455 1401 4
2680 2675 1 3125 3546 4 2153 2282 3 3524 2734 5 1896 2470 4
3268 2598 3 2855 2895 3 1478 2870 3 2903 2628 2 1913 3854 5
3732 3792 2 3636 3292 4 2773 3092 4 3310 2222 2 3240 3160 4
2865 2330 3 3355 2674 3 3164 3466 2 2672 2860 5 1715 2177 4
2391 2002 2 2225 2963 4 2518 4284 6 2815 2520 2 1980 2499 2
2639 2856 3 1091 2926 4 2594 2937 4 2841 3012 2 1576 1888 4
1393 2337 5 1769 3013 4 2017 1411 1 2264 2059 5 1514 2575 3
2705 2688 2 1790 1180 4 2385 2872 3 2800 3180 5 2705 3125 4
2388 2936 5 1840 1842 1 1077 1428 4 2516 2315 2 3042 3028 5
1547 1945 2 1242 2005 4 2228 1441 1 1739 1621 1 2041 3014 10
2694 2477 4 718 1905 5 1384 2832 6 2339 2648 2 1392 1391 2
2391 1672 2 2342 3949 6 1845 2914 3 2315 2538 1 2504 2481 5
1749 1966 4 2136 1965 4 1023 1778 4 1433 1470 1 2423 2050 5
2187 2644 2 2430 2128 5 2109 3176 2 2288 3186 4 1934 1548 4
913 1336 4 1966 3572 2 2983 2535 3 3239 3448 3 2276 2073 5
1364 862 2 2588 1938 5 2039 3418 4 1824 2475 3 1879 1647 3
1648 2528 8 2045 2412 3 2628 1731 3 1623 1530 1 1848 1682 3
3356 3491 2 3610 3029 2 3663 3751 5 2054 2451 4 1379 2373 3
2171 2817 5 817 1484 2 2060 3035 5 1424 1979 2 1591 1286 4
3167 3591 3 2519 2325 2 3020 3096 3 2776 3312 4 3135 2650 5
1441 1583 2 2391 3153 8 1951 1656 3 2200 2525 3 1263 1517 2
832 1907 6 1952 3083 2 1880 1882 1 2210 2635 5 2163 2759 3
2083 2288 2 3375 2353 6 2824 4273 6 1202 1178 1 2025 2701 3
1661 2341 6 1223 1446 2 1017 2494 2 2133 2038 5 2284 2329 3
2048 2103 3 3328 4251 5 1701 2217 1 3155 2236 3 2234 3296 5
2478 3146 4 2746 2691 2 2887 2260 4 3424 2280 4 1856 2688 4
2154 3901 4 3167 3444 1 2855 3320 1 3881 2556 2 3103 2697 7
3352 2827 2 1442 2667 3 1585 1022 4 2794 3287 4 2088 2319 4
1859 1713 2 2208 2646 4 2326 3027 6 2395 3011 2 2517 1468 3
2744 2725 5 3135 2768 3 3636 3081 2 3051 2862 2 1932 3278 5
1526 2385 4 2004 1868 2 2120 2371 3 3445 3234 4 2010 2612 3
1742 2233 5 2802 3325 3 2040 1474 3 2174 2731 2 2192 2159 4
2313 2440 6 2106 3190 1 2455 2344 3 2675 1881 1 3286 4051 4
2673 2303 4 1479 2244 3 2027 3026 2 1953 1578 2 1238 1454 7
2164 2667 1 2088 1989 3 2761 1860 3 2514 1865 5 1654 2647 4
2605 2713 3 675 1206 2 2747 2633 7 1202 1802 3 2249 2571 4
3181 2379 1 2871 2033 5 1919 2153 5 2523 2408 3 1685 3552 3
3288 3137 2 2234 2249 2 1978 3268 3 2180 3019 7 1886 2238 4
2842 2410 1 1592 1767 5 2679 3039 1 2367 2314 3 1701 2228 6
3170 2555 4 1265 1865 3 2680 2693 2 3653 4013 4 1291 2416 4
2190 2461 5 2464 1974 3 1775 2104 2 2240 2601 3 1991 1734 3
2111 3124 3 3192 1409 4 2300 2377 2 2248 3058 3 2418 3402 5
2133 2885 3 2275 1937 2 2270 2968 5 2906 2850 2 2781 3158 5
1838 2200 3 1321 2366 4 1498 1378 2 1720 1933 2 1200 2706 7
3212 2677 2 2221 2310 2 964 2682 5 2369 2537 2 2039 3110 6
2056 2364 5 1885 3114 7 1469 1581 2 2609 2064 1 1884 1461 3
1727 2619 3 1996 2414 1 1629 2948 5 2791 2606 4 2030 2818 4
2166 1906 3 2843 3145 3 3110 3903 2 3177 2507 2 1291 2354 5
2332 2694 6 2424 2986 3 1590 2001 4 2339 2344 3 2313 2397 2
3128 2510 6 1333 2495 3 1421 1710 4 2743 2313 1 1873 2090 3
2835 3028 3 2857 2941 4 2933 2581 3 1597 2210 4 2003 2126 2
2567 2398 2 2631 2981 4 2392 2876 4 2127 2198 2 2340 2712 5
2599 3345 3 1869 1806 2 1735 2890 3 2703 2524 1 3504 3282 7
1816 2548 5 2538 2471 2 2444 2685 2 2382 2490 2 1875 2501 7
3744 2675 3 1884 2256 3 2263 3158 2 2320 2205 2 2428 2977 7
2944 2355 3 3646 3113 1 3073 3505 3 1883 2721 2 2793 2724 7
2510 3161 3 2560 2347 3 2937 2779 3 2950 2094 4 1899 2779 3
2077 3620 7 2848 1752 1 1075 1590 3 1794 2082 4 1928 2721 2
2999 2744 4 1697 2379 6 2041 2144 3 2400 1921 2 1022 1999 2
2912 3152 5 2085 2037 6 1862 2064 3 1004 820 1 1923 2118 3
2221 1747 4 1639 2130 4 3373 3961 3 3117 3310 2 2021 2654 4
1524 1976 3 1461 2253 1 3058 2809 3 1955 2325 3 2799 3000 8
2373 3233 2 2534 2862 2 2251 2752 6 2521 2282 5 1479 1239 3
3151 2951 3 3428 3510 3 2905 2139 2 3107 3184 3 930 2801 5
2366 2997 3 2388 1889 2 2755 2828 5 2196 3705 2 2160 2526 4
1646 2638 3 1852 1413 1 1919 2700 5 2345 3024 3 2009 2699 5
1243 1521 3 2313 2619 2 1659 3291 5 2452 3315 3 3414 2467 3
1230 1410 3 2158 1993 3 1920 2428 4 2091 2610 3 2133 2426 5
2225 3338 1 2846 2842 4 3378 2322 5 1814 2111 3 2658 2390 4
2332 2019 4 3678 2722 3 1926 3013 2 1593 3135 3 3318 3087 5
1340 2067 1 1756 2327 6 2694 3101 3 2735 2788 3 2817 3014 4
3496 3316 2 2851 2552 1 2500 2979 5 2524 2650 2 2548 2805 7
2650 3417 5 1563 2572 5 1607 1842 2 1677 1407 1 3220 3100 4
1706 1540 2 2963 3079 2 2634 2179 7 2917 3919 2 2046 3762 4
2191 2451 5 4006 3568 2 2916 3289 6 3192 3192 1 1772 2252 3
1591 1523 3 2269 2034 6 1306 2425 2 1396 2894 2 2694 1665 4
1628 1136 4 2140 2974 4 1481 1455 2 1435 2125 5 1426 1777 3
1539 2700 3 2620 3023 4 1615 1976 4 2164 1087 3 1191 2691 3
2235 2017 3 1329 1874 3 1624 2084 1 1815 1441 4 2214 2407 7
2758 2722 6 2059 3043 2 2307 2651 6 2774 2191 1 1276 1984 3
1179 1589 3 1512 2897 3 2637 2035 4 2414 1453 5 1741 3027 3
2332 2677 2 2448 2809 2 2008 2171 6 2330 3073 1 2973 2669 5
3138 3640 2 2105 1735 4 2585 3036 4 2314 2331 2 1988 2565 4
2192 2899 4 2385 2926 3 2599 2273 4 2775 2320 3 2088 3445 3
2536 3048 3 2734 2647 2 2010 1678 2 2050 3514 2 2366 2387 7
2142 1952 1 1300 1712 5 1614 2973 4 2622 2661 4 2037 2008 4
2009 1976 3 2924 3009 4 2310 2402 4 2964 3104 2 2352 2719 4
2221 2946 3 2452 2807 2 1782 3067 6 2263 1539 2 1814 2115 5
1665 2240 4 1929 1743 5 2403 2911 3 2374 2565 1 2678 3116 3
2483 2554 3 2486 2087 4 2251 2853 1 2403 1891 5 1127 2700 6
3109 4065 4 3182 3710 3 3763 3387 2 3904 3406 3 1781 1980 4
1120 1979 5 1956 2443 4 2274 1902 1 2161 1310 4 2013 3286 3
2186 3212 1 2213 2732 5 1631 1640 6 1513 1918 1 1360 2272 5
3039 2084 3 2767 3480 2 2318 2455 4 2503 3034 3 2247 2562 6
1958 2220 5 1961 2632 4 2441 3083 1 2250 2076 4 2018 2317 3
2519 2719 2 3244 2566 2 2618 3100 3 993 1750 2 2070 3433 8
2495 3687 5 3678 3648 3 2381 3312 2 3169 3018 4 2372 1947 3
2168 3301 1 2343 3259 4 2839 2393 5 2662 2822 4 2381 2901 3
2357 2742 5 1995 3406 5 2464 2956 3 3150 3323 1 1576 1923 4
2944 2269 2 1748 1598 4 1701 2790 4 1663 1774 2 2036 2310 5
2225 2897 4 3344 3095 2 3641 4358 6 1787 2838 2 1668 2574 3
2752 3583 1 3014 2941 6 2163 2270 1 2293 2083 5 2211 3349 4
2426 1966 4 2083 1325 2 2261 2076 3 1764 2118 4 1828 2544 5
2664 3178 6 934 2198 4 2455 1467 2 1992 2281 3 1403 2183 4
2774 2105 3 1824 2329 2 2975 2403 4 2253 1940 2 2185 2955 6
2423 1600 5 1282 2839 4 1306 2042 2 2255 2023 3 1456 1897 4
3039 3255 4 2787 3610 4 2666 2417 1 3354 2848 2 2215 3277 4
2661 2326 3 1137 1325 3 2255 2285 6 1292 1695 2 911 1262 4
2339 3018 1 2819 2260 3 2515 3582 2 2558 2139 6 3210 3324 4
2646 2400 1 1334 1703 5 2528 2381 1 2762 3641 3 2634 3549 6
2539 2449 2 2535 2893 1 3097 3942 4 1804 1811 5 2602 3042 5
1409 2046 7 2564 3711 5 1837 2668 2 2329 1662 2 2060 1296 2
2633 3258 5 2109 2883 3 2349 2247 2 3518 2183 1 2383 2421 6
2404 3329 3 2534 2839 2 2164 1728 5 2433 2529 1 2331 2874 5
4066 3326 3 2908 2566 2 2192 3429 4 3533 3530 4 2378 2614 4
1886 1477 2 2777 2820 2 2397 3169 6 1359 1369 2 1180 1715 5
2297 2427 4 2217 2865 2 2656 2774 4 2839 3219 4 2333 2397 3
2559 2267 2 3258 4487 7 1727 1907 3 2981 2262 2 2413 2258 3
2034 3292 2 1846 2540 4 2801 1924 5 2697 2931 3 1719 2007 4
2258 1845 3 1900 2948 5 2424 3287 1 2545 3098 3 1444 1812 5
2156 2610 2 3080 2770 6 2338 2987 4 1708 2382 1 2178 1892 3
2433 2438 1 3243 3228 4 3285 3215 4 1727 2095 1 2158 2343 7
1529 2160 4 1861 2838 2 1712 1427 5 2608 1367 4 1388 1586 2
2775 3193 4 1384 2383 1 4101 3951 7 3795 2902 1 1722 3514 3
2369 2383 5 1641 2934 4 1835 1173 1 2936 2701 2 2550 3356 6
2348 2012 3 2369 2603 2 2086 3642 4 2493 3143 2 2718 3590 5
1013 3203 5 1844 1687 4 2410 1779 3 2389 2100 2 1925 2617 3
2639 2224 3 2377 3498 4 2667 2268 4 2029 2847 2 2133 2048 3
1485 3140 6 2434 2271 1 3448 3217 5 1546 2976 2 1869 1620 4
1771 1406 4 1961 2167 1 3211 2939 5 1986 2201 3 1424 2531 4
2754 3522 5 3982 3588 2 2186 2299 4 2880 2626 2 2678 2683 3
1428 1901 3 1569 2181 3 2610 1362 2 1743 3169 6 1787 1783 4
1298 1917 5 2718 2597 1 2564 2717 2 3377 3377 3 1718 1964 6
2375 2829 3 2216 2705 3 3486 3445 3 2408 2186 4 2507 3167 5
2855 2233 5 2030 3176 3 2136 2876 4 3892 3432 1 2588 2725 3
1121 1493 3 3029 2646 3 2132 1974 4 1966 2785 4 2768 2892 4
2384 2448 2 2224 3799 3 2273 2340 2 3230 2890 3 3739 4254 6
2215 2650 1 3259 2721 6 1918 2004 3 1632 2198 1 1360 2741 7
1820 1866 4 1559 2000 3 2410 2776 3 1887 2305 2 1137 2284 5
4259 2757 4 2159 3593 5 2498 2205 2 2185 2353 1 1576 2410 4
2780 2911 3 3070 1916 4 2275 3422 2 2742 2637 2 2335 3621 5
1923 1950 2 3398 3061 3 2532 2979 7 2878 2431 2 1834 3570 3
2591 2297 4 3352 3149 5 1758 2513 1 2286 2125 3 1627 2575 4
1732 3156 2 2719 2483 2 2520 2168 1 3789 2358 2 3105 3581 9
2292 3139 4 2104 1897 2 1937 2466 6 1851 2491 2 2126 2702 4
2016 2010 4 1209 1772 3 1856 2902 3 1481 1451 3 2709 3011 5
1685 2605 2 1941 1860 6 1886 2716 5 1954 2261 2 1334 717 3
2592 2897 2 3928 3283 3 3951 4525 3 3639 3026 4 4317 4772 3
711 1527 2 964 1636 5 1676 1790 4 1442 1076 4 1208 1419 4
1634 2690 2 3314 2002 5 1740 2551 2 3297 2886 3 1910 3286 4
1800 2875 6 1849 1349 2 2504 2012 3 1663 1208 1 3091 3290 5
2170 3408 4 2683 3048 4 1599 1850 2 2223 2361 3 1498 1555 4
2497 2763 4 2947 3422 2 2960 4061 3 2468 1647 4 2200 2682 4
1614 1793 5 2315 2805 3 2791 2540 1 2623 3141 5 1984 2729 3
3553 3213 3 3140 2951 3 3197 3129 2 2630 3246 3 2398 2997 5
2072 2221 1 2338 1922 3 2643 3320 3 2027 2332 5 2305 3049 6
1842 2645 3 2933 2489 3 2040 2149 3 2116 2118 3 1685 1600 5
1718 2223 4 2501 3291 3 3509 2881 3 2109 2191 3 1136 2223 4
2064 2165 2 2389 2435 4 3446 3002 6 1812 2639 1 1693 2826 4
1348 1601 3 1810 1245 4 1517 2048 2 2245 3070 4 2117 3103 4
3192 2424 6 2319 2708 3 3279 2802 1 1776 2392 2 3589 3290 4
2598 2036 3 1796 1907 3 3158 2979 2 2902 2370 5 2485 2944 4
4138 4287 6 1429 2694 5 1845 2696 1 2156 1607 3 2691 3171 4
2000 3045 4 2554 1943 1 2551 1847 4 968 1864 3 1158 1421 6
1983 2458 4 2070 1984 3 1427 1736 2 2217 3107 6 1882 1757 3
1165 1958 6 2158 2510 3 1876 1967 3 1605 1669 1 2112 2802 4
1338 2203 4 2692 1853 2 2502 2388 7 2583 2356 2 1552 2027 4
2175 2234 2 3415 3054 5 1821 1251 1 1589 2428 3 2485 3724 6
1853 3967 1 2821 2252 3 2453 2513 3 2088 1750 3 2104 3072 6
2197 2521 2 1552 1992 7 1910 2144 4 2027 2415 2 2128 1687 2
662 1661 3 1118 2276 3 2011 1948 1 1540 1431 4 2374 2332 6
3047 2705 4 2179 3311 3 1867 2145 4 1943 1793 3 1863 1956 3
1669 2508 5 2627 3009 2 1781 1550 3 2404 2466 1 1359 1670 6
2263 2473 2 2544 2412 2 2693 3072 6 2046 2953 1 2171 2432 5
1407 1853 4 1804 1345 5 2468 2392 1 1537 1838 1 1843 2224 7
2070 1835 3 920 1697 4 1510 1807 5 1725 1605 1 1371 2104 6
2038 1475 2 1777 2378 5 2861 2932 3 2051 2671 4 1171 1722 4
2787 2416 4 2794 2775 2 2327 2725 3 2006 2183 2 2412 3589 5
1984 2098 1 3296 3065 6 2132 2224 4 3294 3313 2 2803 3423 4
2055 3031 1 2998 2720 4 1777 1992 2 3269 3478 1 2637 3179 8
2033 2525 4 3773 2612 5 2074 2781 3 1652 1880 2 1473 2704 3
4014 3482 4 2393 2438 4 1696 2674 2 3246 2463 1 2052 2204 7
1215 2237 2 1906 2868 3 1334 2274 3 1798 2806 4 1517 1059 5
1868 3458 4 2725 2912 4 2076 3070 6 2924 1433 1 1927 2229 2
2351 3918 4 3433 3365 4 3041 2294 2 2671 2428 2 1770 2779 4
2649 3021 2 2977 2474 2 2169 2960 5 2953 2349 4 2471 2023 3
2223 2052 6 2804 3464 4 2898 2701 2 2269 1921 1 2289 2145 3
2668 2757 3 2913 3032 5 1559 2718 2 2688 2354 5 2560 3093 3
2491 2740 3 1868 3424 8 1790 1389 2 1231 1289 1 2354 2716 3
2455 2494 2 2649 4053 5 2488 2806 4 1905 1730 1 2940 2240 5
2630 2138 7 1987 2444 1 1958 2109 2 3011 2697 3 1804 3389 5
1430 2310 3 2683 2008 1 2761 3031 8 1404 1416 2 2010 3789 3
1298 2686 7 1565 2506 3 2445 1974 2 1501 2427 2 2338 1488 3
1096 2090 5 1578 1935 3 2019 2009 3 2621 2163 2 2659 3256 4
2465 2099 3 2070 1697 5 2779 2723 2 1791 2758 2 2222 3097 4
2501 2635 6 2830 3042 1 2278 2306 3 2518 3633 2 2636 2634 4
2984 2498 4 2067 3478 2 1059 1265 5 2276 2148 3 2750 2921 4
2780 4350 3 3215 2477 3 2579 2983 4 3369 3664 4 1670 1735 2
1912 2311 4 1888 2698 2 2822 1776 2 1375 1858 3 1069 2203 5
2877 3990 5 3332 3383 7 2368 1626 3 2043 2501 1 1228 1370 3
2135 3167 7 1833 2141 4 1475 2199 1 1980 1735 1 1912 1835 5
2777 3130 2 3708 2698 2 2896 4052 4 2959 3943 6 1891 2712 3
2232 3531 5 2085 1647 2 1182 2685 5 1358 1243 1 1432 2082 5
3373 2781 4 2264 2228 1 1865 1923 1 2903 3065 4 1453 2780 7
2365 1955 4 3238 2622 1 2450 2956 4 1958 2266 2 2802 3299 5
2806 2326 2 954 2088 2 1760 2184 6 2985 2618 2 2237 2298 5
2743 1954 4 2142 2289 6 2607 1927 2 1482 2458 3 1936 2727 3
846 1444 3 2206 2062 1 2767 2293 3 3094 2853 3 2030 2893 6
2056 1695 3 1852 3607 2 2942 2054 6 1596 1489 2 2116 2985 4
2648 3616 2 3007 2377 2 2965 2477 1 1327 2864 6 4122 3405 4
1333 2021 2 2834 2827 4 2366 2273 3 1864 1951 4 2384 2016 3
2794 2855 1 2501 1988 5 2163 2653 5 2103 1908 3 2994 3433 3
1728 3066 5 2700 2855 1 2123 2542 2 2478 1840 4 1920 2257 5
3688 3393 3 2837 2169 3 2249 2605 3 3138 2995 3 2369 3488 4
2607 2108 2 1614 2004 4 2232 2858 3 2386 2568 5 2167 2577 4
4356 3353 2 1424 1960 5 3105 2537 1 2527 3528 6 1887 2603 3
3250 3493 2 2277 2924 6 2280 2410 3 3187 2090 4 1965 2056 2
2753 3225 3 2600 2403 5 1662 2169 1 2549 2142 2 1254 1948 5
3213 3893 6 2594 1925 1 2286 3162 3 1922 3114 3 2709 2422 5
2082 2258 6 2369 2729 4 2684 2382 3 1402 1580 1 1569 1652 4
1988 2428 1 3025 4790 7 2477 2810 4 2968 2493 2 1166 1767 4
2414 2142 2 2268 3280 5 2134 3609 3 2304 3167 2 2621 2710 6
2176 2172 2 1763 2414 4 2236 3321 5 2536 1895 4 3098 3338 2
2627 3158 3 2815 2462 3 1780 2039 5 2256 2767 4 1785 2146 3
2706 2851 5 1769 2390 2 1691 2301 3 2065 2286 4 1748 1845 3
1596 2685 5 1574 2174 2 3046 2398 4 2450 2697 4 2021 2065 2
1503 1232 2 1718 1913 6 2625 2805 2 1660 1259 2 2230 3176 5
2725 3278 5 1867 2238 2 2675 2525 3 1734 1329 1 1863 2875 5
928 1530 4 1832 2510 3 2113 2755 2 2626 2364 3 1993 2164 5
1543 1812 5 2415 2630 4 2786 2944 2 2282 2266 3 1823 2508 3
2177 2654 2 1638 1813 3 3129 3183 3 3927 4187 1 2163 1802 8
2858 2211 5 3459 3167 3 2730 4909 5 1940 2156 1 1864 1596 3
1865 1989 2 3243 2878 3 2851 4174 6 1210 1787 2 2605 2340 4
1870 1832 2 1430 1776 3 2661 3014 3 2402 2562 2 2672 3277 7
1573 3586 8 2892 3503 2 2513 3742 2 2583 2466 1 2061 2340 4
1132 2279 7 1473 2174 3 2187 1934 3 1464 1244 1 2262 2150 4
2313 2200 7 1863 2001 2 1105 1955 1 3305 2512 2 2978 3368 3
2629 2002 1 2504 2292 2 2132 2423 3 2884 2894 4 2362 3670 7
3068 2585 1 2772 2212 3 2202 3427 3 3254 3648 6 2562 3554 4
2585 2047 2 2660 2660 3 3152 2419 3 2338 2341 3 2793 3492 5
1540 2697 3 1797 1841 3 1258 1887 2 3759 3478 7 1864 1144 2
3482 1954 4 2243 2943 7 1757 2593 2 2143 3004 2 2537 2705 2
2256 2406 2 1816 1500 3 1453 1794 3 2265 1864 2 2944 2812 7
2092 1397 4 632 2698 3 1875 2302 5 2692 2440 2 2343 2904 4
1638 1820 2 1974 2629 3 2130 3060 8 2175 2464 2 1803 1658 3
858 2003 3 3542 2572 1 2863 2591 6 2834 2714 3 2180 2785 3
1614 1618 6 2114 2276 1 1866 1365 3 2375 2277 5 1438 2651 3
3393 3027 3 2999 3271 3 2852 3631 3 3196 2654 3 3902 4458 3
2374 3511 5 1837 2473 3 2568 2953 4 3021 2588 2 2386 2386 2
1979 2680 5 2172 2088 1 1110 1496 3 2786 2845 2 1709 3083 6
2231 1831 3 2532 2298 2 1634 1537 3 1616 2667 3 3133 2862 7
2842 2750 4 2876 3216 2 3422 3386 4 2827 3552 3 3437 3292 4
2124 2492 5 1567 2115 3 2435 3080 4 1868 1442 2 1165 1665 4
1943 2452 2 2572 2779 2 2559 2518 1 2918 2903 6 2251 2569 5
2998 2408 4 1489 2266 4 2820 2384 2 2266 2324 2 3163 3148 5
2218 2728 4 2615 2708 3 2420 2757 3 2499 2814 4 2430 2213 2
1744 2861 7 1479 1940 3 1938 1352 1 1902 2079 1 1139 1753 5
2388 1874 1 2133 3073 3 2395 2375 3 2384 2430 5 3373 2906 5
1731 2911 3 1992 3389 3 2125 2007 3 2924 3040 4 2431 1933 5
3557 2531 4 2310 2421 5 2707 2342 3 2046 4096 2 1571 2093 3
2530 2722 4 2505 3010 2 2688 2996 5 2260 2858 3 1443 2651 3
1314 1817 5 2700 2761 2 2508 2211 3 2544 2372 5 1500 1733 2
1663 1397 2 1761 1612 3 2761 2881 5 2941 3886 5 2695 2654 2
2730 3058 4 3540 3277 1 2940 3404 2 3607 3633 5 2342 2756 3
2111 2010 2 2955 3291 3 2256 3547 4 1728 2069 4 2199 2494 5
2879 3474 1 1527 2541 4 1896 2242 3 3022 2090 3 2145 2412 5
2273 2323 4 2391 2603 4 2282 3092 2 2616 2339 3 2676 3023 4
1368 1149 4 788 1994 4 1110 1143 3 1435 2469 3 1370 1221 5
2502 2564 6 2596 2434 2 2388 2244 1 3113 2673 2 1472 3191 5
2658 2572 4 1997 2782 4 2690 3185 3 2538 2357 3 1921 2855 4
1982 1428 4 2099 2343 1 2010 3933 4 2222 2152 3 3621 3950 4
2972 2630 1 2533 2486 7 2461 2752 2 1321 1426 1 2276 2997 7
1252 2757 3 2983 2730 3 2040 1421 3 3026 3022 2 2922 3515 6
2273 2752 1 2558 2638 7 2478 2672 1 3165 2007 3 1954 2829 4
1531 2297 7 2706 2708 2 1461 2232 1 1716 2351 3 2404 2685 4
2199 2002 6 1835 3055 4 1913 1878 3 1779 1651 1 2131 1622 3
1788 2209 5 1815 2856 3 1493 2161 1 3817 3491 3 3099 2604 5
968 989 4 1252 1993 3 1496 2131 6 787 1021 1 1668 1785 5
2803 4039 4 2338 2059 2 2471 2880 5 3282 2912 2 1313 1815 4
3567 2788 3 2059 3282 3 2652 3099 2 1603 2990 3 2977 2685 5
1283 2708 4 2257 2102 1 1810 1220 4 2823 3452 3 2385 2487 4
2097 1940 3 2218 2731 6 2148 3133 2 3033 2362 4 2374 1946 3
3971 3062 3 2235 2722 3 2922 1869 2 2867 3396 6 2519 3800 2
1780 1908 3 2664 3440 1 2586 3457 3 3776 3228 4 1556 2992 6
2222 1827 1 2037 2146 6 1355 2142 5 2228 2520 2 2034 2009 3
2125 2148 4 2134 2758 1 1597 2469 2 2893 3139 4 2417 2268 5
1714 2136 4 1493 2210 4 2176 2604 3 3378 2365 3 2554 1940 2
1949 2214 1 1981 2669 5 2226 2390 3 2210 1777 3 1783 2359 6
2161 3232 1 2482 2996 6 1888 1962 4 2740 1844 4 2115 1989 3
2379 2116 8 2392 3000 2 2007 1838 2 2539 1481 3 922 2239 2
2816 2946 1 2278 3235 5 2327 3045 3 2308 2744 4 1746 1678 3
2203 2332 1 3053 3900 8 2079 2477 4 3107 3414 2 1560 1503 2
1813 2414 3 2382 1921 3 2971 3485 4 3254 2304 4 1843 3081 3
2662 3253 4 2613 2440 3 1369 1657 1 1734 2106 5 2169 2191 5
2282 3486 3 2160 3221 4 3848 3364 2 3059 3862 4 3206 2823 3
3743 4303 4 2911 3613 5 2508 2367 4 2050 1680 2 2790 2582 3
2469 2552 4 2439 2014 2 2085 2754 3 1640 1793 3 2399 3538 5
2184 2527 2 2282 2718 5 1916 1516 2 1571 2102 1 1430 2921 8
2510 2600 2 2436 3222 5 3003 2297 2 1307 1336 3 2828 3310 4
1868 1809 4 1808 1875 1 2281 2797 6 1848 2051 2 2332 2571 5
3354 2838 5 1540 2321 3 3565 3216 4 1856 1819 2 1991 2191 3
4004 3703 6 3032 4311 3 1937 1824 1 2933 2773 2 3590 3793 3
2803 2427 2 2499 3194 6 2103 2670 6 1492 1996 1 1270 680 3
1476 2067 3 2071 2136 4 3746 2974 1 3659 3771 3 2295 2851 6
2710 3175 6 2670 2509 3 1175 1792 2 2090 2361 3 2231 2607 3
2513 2656 4 3365 2998 4 2885 3491 1 1398 1471 1 2306 3490 5
2114 2014 2 1941 2032 2 2236 2407 3 2313 2127 5 1180 2184 5
2736 3027 4 2742 3853 3 2944 3100 3 1127 1733 1 2986 3416 4
3041 2259 6 1369 1621 2 4071 4266 5 2644 2505 1 1698 2680 3
912 1107 1 2462 1937 4 1978 2783 8 2040 1678 2 1735 2070 4
2147 2086 1 1973 3173 6 2252 3359 3 2188 1439 5 2187 2345 3
2073 2483 5 2311 1954 4 1635 2734 2 1539 2162 3 1731 1780 4
3585 2660 3 2948 3403 2 3214 2368 3 1981 3714 3 2569 3303 5
1822 1769 7 1961 1694 2 2084 2145 2 1581 1786 3 2224 2498 3
1589 1366 3 2731 2957 2 3470 2620 5 1980 3013 3 860 2125 4
1794 2744 5 3638 3025 2 1640 2594 2 3097 3261 2 3577 2651 5
2634 2572 3 2239 2586 3 2649 2984 4 2841 2729 2 2537 2489 5
1737 1426 3 1908 3422 6 2627 2494 4 980 1307 1 1758 2181 3
3407 3626 6 2648 2378 4 2059 3642 3 2552 2866 2 2061 1770 2
2484 2771 3 2845 2419 3 3458 2945 3 3445 3202 4 2518 3520 4
3233 3300 5 1370 1204 3 2402 3785 5 1711 1182 1 2226 2520 4
1331 2025 4 1223 2375 5 1591 2751 5 2527 1918 2 2060 1744 3
2593 1866 4 2341 2324 6 2090 1689 2 2563 2687 3 2331 2499 3
1822 2675 5 2995 3231 4 2421 2574 5 1492 786 1 2140 2419 3
2201 3064 2 2925 1917 3 2277 2791 5 1966 1848 5 1357 1978 2
2141 2669 2 1888 2616 4 1916 2803 3 1607 2481 4 2260 2254 4
2375 2494 3 1730 2401 2 2587 2929 2 2409 2353 7 2257 2337 3
2477 2048 2 1734 3597 5 3252 2462 1 3209 4152 4 2908 3569 3
2368 2296 3 2739 2661 3 2044 2798 3 2299 2586 3 2895 3050 5
1530 2600 4 2084 2658 3 1655 1842 1 2108 2492 4 2784 2963 5
2327 2787 3 2436 2594 3 1671 2856 5 1780 1202 3 1488 2379 4
1294 1629 1 2331 2236 4 1784 2590 4 3053 2584 4 1759 2983 4
3174 2951 4 4124 3592 4 1747 2446 2 2145 2617 3 2398 2260 4
2267 2175 2 1571 3449 5 2256 2086 3 2693 2158 1 2133 2717 5
2897 2482 3 3265 2921 4 2701 2541 4 1914 1687 2 2129 3363 4
2027 2623 3 3193 3421 3 3717 3428 4 2761 2776 1 2668 3807 4
2747 3429 2 3497 3367 3 3264 2926 4 3085 3864 4 1882 2199 3
2304 1604 2 3585 3982 4 2511 4268 4 2436 2850 1 2550 2980 6
2199 2233 2 3025 3126 1 2363 2829 6 2181 3104 5 2089 2547 3
2405 3789 1 2724 3724 4 3551 3008 4 2485 2050 2 3378 2988 4
1626 1775 4 2148 2724 2 2213 2378 2 2867 2112 3 1560 3010 5
3091 3558 3 2758 3482 4 3073 2899 5 3886 2519 2 1723 2117 2
1842 1980 5 1885 2174 2 2234 3303 4 3159 2818 1 3091 2626 4
2295 2896 4 1289 3110 3 3298 2064 4 2389 2548 3 2108 1664 4
2018 2298 4 2051 2229 1 1927 1909 3 2082 2807 5 2743 3528 5
1774 2733 5 3485 3064 1 3166 4638 4 2317 2147 3 1941 1864 3
4501 4278 5 2078 2429 1 3958 3309 4 3143 3088 5 1873 3064 2
2188 3403 10 1624 1584 3 2239 2733 1 2349 1329 1 2596 2187 3
2902 2982 4 2020 2784 5 3018 3054 1 2757 3326 3 2082 1988 4
1841 1955 3 2598 2447 5 1955 3424 4 2632 2653 3 2215 2473 2
1826 2004 3 2541 1858 4 2567 2318 4 1518 1531 3 1343 2825 3
2303 3489 7 2534 2708 2 4506 3495 2 2900 2624 2 2384 3023 3
1112 1105 2 2047 1548 3 1496 2541 5 2405 1967 3 2383 3039 4
2192 2332 3 1785 2577 5 2480 1602 2 2392 2670 3 2168 2965 5
1915 2502 3 3443 3764 7 1529 967 2 1561 2529 2 3355 3547 3
3307 2617 5 2491 1777 3 2012 2190 5 2082 3584 2 2108 3540 3
2215 2270 2 1906 2221 6 2135 1769 2 2272 2525 1 1760 3145 4
3417 3319 5 1673 2288 2 2105 2117 3 2485 3159 2 2320 2148 6
2178 2363 3 2129 3000 4 1806 1692 4 2156 3072 3 1836 2344 4
1807 1688 2 2179 1660 5 1638 2220 3 2083 2452 3 2245 2579 6
2258 2930 5 1582 1825 2 2355 2532 4 2479 1562 1 2197 3362 4
1760 2212 3 2064 2536 7 1952 2869 3 3097 2109 2 1813 1589 3
2150 2685 3 2072 2012 2 2684 1811 4 1865 2474 2 2089 2592 6
2473 2396 4 2459 2922 4 1653 1428 1 2288 2841 2 2848 3265 6
2997 2235 2 1899 2403 5 2058 2095 2 1537 1836 5 1243 2111 3
1979 2747 4 2480 2485 6 2372 2530 2 3766 3460 1 1618 2294 4
2853 3370 4 2195 2165 2 2369 2141 3 2822 2293 3 1664 3051 5
2964 3005 4 2089 2597 2 1435 2270 2 3256 2348 4 2236 2301 5
2179 2212 1 2837 2572 1 3076 2633 4 1814 2132 2 1506 2569 9
2214 3585 4 2928 2531 1 2974 3280 5 1671 1713 3 2922 2432 4
2685 3345 5 2959 2464 3 3409 2184 1 1830 2512 3 2200 3738 4
2024 3130 3 2756 1860 2 1391 1719 5 2010 1682 3 1849 3585 3
2201 2433 3 2137 2482 3 2308 3708 7 2542 2730 1 2125 1524 3
2797 3059 5 1787 2010 2 2621 1965 3 1999 2200 4 1913 2979 3
2349 2009 2 2701 3051 5 2262 2461 2 2788 3282 1 1661 2502 6
2056 3111 5 1424 1075 1 1850 1719 2 2950 2594 3 2289 3200 7
2458 2909 3 2442 2626 3 2471 1979 3 3051 3491 1 2241 2767 5
2659 2018 4 2997 3215 2 3271 2778 2 2201 3638 6 1720 1453 3
2355 2027 4 1768 2309 4 1483 1164 3 2913 2110 1 1909 3022 6
950 1874 3 2223 1860 3 1366 2430 5 2388 2081 3 1966 2463 3
2805 3398 3 3053 3643 4 1439 2274 3 2437 2268 2 1927 2281 5
2012 2448 2 1813 1859 3 2765 2333 3 2038 2268 2 2121 2051 7
2191 1790 2 1776 1640 2 1976 1919 2 2468 2505 4 1723 3534 7
2692 3168 3 2904 2891 5 2351 1766 1 1002 2492 5 2091 2448 5
3119 2714 3 2750 2641 1 2618 2475 3 1977 3447 4 1833 2111 5
