3432 2220 1 3783 3624 2 3310 4837 4 3286 2355 2 2241 4641 5
4544 3871 2 3508 4858 5 3070 3724 1 3977 5178 4 3644 3564 3
2751 2637 1 3327 3970 3 2319 2400 1 3206 3397 3 3915 5227 6
3473 3648 1 3564 4020 2 4124 5517 4 4318 5275 4 3703 2710 3
3811 4612 3 2972 2985 1 4603 4404 2 3860 5320 4 3602 3364 4
3215 2823 5 4156 3115 1 1544 2396 2 3367 5625 5 3600 3623 3
4227 3615 4 2571 3963 1 2001 3030 3 3405 3862 2 3302 3611 4
3166 4386 4 3553 4534 2 1424 1867 2 3992 4277 3 3377 3077 4
2489 2112 3 3522 4277 3 2903 3530 1 2247 2469 4 1196 3006 5
3027 3463 4 2638 2399 3 2963 3906 2 3325 4142 4 2569 2563 3
2806 4982 4 2633 2575 5 3116 4102 3 1862 2433 2 3232 2492 3
3493 5507 4 3022 4086 1 2948 2897 4 3411 3609 3 3461 3052 2
2868 4124 4 2579 3791 4 4103 3658 1 2382 2850 3 2665 2609 3
4700 5022 3 3623 3432 3 3894 5174 4 3271 2767 1 4452 4889 2
3149 3547 3 2902 3282 2 2733 3579 2 2312 3820 3 3863 4113 4
2496 2924 4 1613 2198 3 2711 2225 4 2724 3418 2 3433 2904 3
4380 4522 1 3511 4867 5 3581 5203 3 3399 2753 2 2955 3059 4
3941 3626 2 5372 5181 4 2750 3552 2 3176 4869 3 3197 4187 3
2555 2592 2 3634 3599 1 3285 4329 2 3747 3445 3 3992 4187 6
3861 4494 3 3711 3361 4 4361 4218 3 4557 4555 3 2888 3360 2
4082 3177 2 3386 3038 5 3235 4164 4 2908 3851 3 1991 2940 2
2643 2724 4 3757 3133 1 2844 3039 2 4837 6009 4 3084 5744 3
3307 4111 1 4608 5319 2 2000 2910 2 3444 3046 2 2840 3477 7
3333 4031 2 2290 2774 5 3783 3911 2 3467 3771 2 2771 3092 3
2378 1723 2 2705 2882 2 2827 2672 5 2016 2635 3 1730 3620 4
3072 1906 1 3607 3065 3 3604 4961 4 3398 3962 1 2314 4312 4
3304 3598 3 3601 4019 2 4079 3296 2 3615 4970 4 3558 3556 5
3933 3927 3 3236 3993 2 3002 3919 3 3621 3913 3 4618 3840 3
3469 3014 3 3168 3487 3 3337 3542 1 3789 4132 2 3187 4151 5
3400 2940 3 2833 3525 2 3600 4099 4 3912 3864 2 2293 3994 4
2915 3088 4 4465 6042 5 3252 3883 2 3368 3411 3 2485 3039 2
3073 4409 2 3750 3122 2 3117 4762 6 3047 3324 4 2562 2588 3
2249 4296 3 3071 2747 2 2164 1990 4 2287 2686 3 2853 3314 4
3074 3079 2 3594 3950 4 3316 4426 6 2052 2256 3 2566 3144 2
2186 3150 3 2963 4610 2 3038 3202 2 3039 3580 4 3530 3089 4
4546 3442 3 2618 1744 3 2788 3706 2 3936 3793 3 2777 4519 4
3094 2744 2 2382 2549 1 2179 3604 4 2904 3135 2 3830 4194 5
3291 3213 3 3504 3719 3 3427 3122 2 2472 4717 2 2211 3039 6
4398 3933 3 1595 3310 5 3149 2644 1 3406 4109 2 3060 3374 4
2895 3688 3 3448 3213 1 2828 3812 3 2642 3538 2 4216 4762 5
3800 3353 1 2927 3341 1 4265 5449 6 3454 4238 4 3811 4253 2
3149 3146 3 2878 4053 3 2216 2884 2 3006 3732 2 3229 3364 6
4267 4585 1 3377 3835 3 2851 4640 3 5110 6353 4 4522 3034 2
4675 4934 2 2338 3501 3 2545 3118 6 3675 3118 4 1805 2892 2
2888 2882 1 4248 5336 4 4149 4764 6 3985 3797 2 2857 3598 2
3433 3511 4 4200 3982 3 2280 3057 3 4879 4809 3 2001 3278 3
2838 3261 2 2743 2757 3 2929 4009 3 3527 3895 1 4281 4965 5
3609 3438 4 2885 3648 3 2787 2567 2 2239 2212 2 2715 3540 6
3074 2805 6 3770 4037 1 2301 3089 4 2030 2679 1 2554 2709 4
2687 4232 4 3112 3584 1 3218 4346 3 4246 4031 1 4184 4786 5
4065 4422 2 4317 4426 2 2692 4425 3 4066 3818 4 4191 4156 2
3721 3359 4 3318 2930 2 2622 3033 1 2670 3154 2 1789 3423 6
2071 2218 2 1423 1893 1 4059 2927 1 2482 4299 4 2686 4631 7
2899 2897 4 3205 3421 4 3352 4160 2 3115 3800 2 2033 3025 5
2114 1454 3 1343 3283 2 2904 3249 4 3316 2958 3 3143 3561 3
3313 3153 4 2712 3960 1 2992 2328 1 2964 2541 2 3663 4900 5
3168 4359 4 2782 2754 2 3477 3365 3 4876 5174 3 2819 3473 3
3779 3285 3 3463 3396 2 3686 4594 2 2678 3215 1 4433 4176 6
3258 3567 1 3071 4056 3 2735 2998 3 3291 4086 4 3353 3833 4
4137 4160 1 4301 4695 4 3475 3947 2 3001 3555 4 3760 5243 4
2692 2539 1 3272 2519 1 2609 3161 2 1533 3307 2 3507 2995 10
2822 2238 2 2387 2213 1 2375 4306 6 2283 2457 3 1620 2650 5
3514 4525 2 4480 5049 3 3329 3525 4 3345 3299 3 2442 2963 2
2861 3193 4 1483 2020 2 1011 2587 2 2627 2773 3 3827 3739 5
2795 4306 6 4030 3472 3 2136 2651 2 1870 2132 1 2708 4172 5
2584 3027 5 1908 1452 5 2158 3149 2 2975 3517 1 3225 4163 3
3643 2230 1 1940 3773 4 2319 3999 5 2567 4149 1 3524 3073 2
2173 3333 5 3226 3991 3 3401 4918 3 2812 2185 2 3166 3257 2
3188 2430 1 2209 2033 2 1935 2910 2 2853 3950 4 2995 4315 7
2685 3563 6 4306 3371 1 3716 2833 2 2270 3696 2 3153 3660 4
2076 2158 2 2003 1562 4 2691 3098 2 3350 3683 5 1539 2770 3
2753 4221 3 3806 3882 3 3631 3471 3 2240 2986 3 2490 2605 3
4180 4209 1 2491 2700 2 2475 3035 2 3917 4970 3 3056 4159 7
4741 4020 4 3807 4837 3 3141 4238 3 2834 3345 2 2298 2903 3
3463 4102 3 4222 3525 3 2247 2771 3 2622 3446 1 3839 4703 5
3290 3023 2 2247 4140 2 3038 3159 2 3678 4658 7 2500 3320 3
2566 2432 4 2369 1654 1 1978 3054 2 2414 4220 5 2817 2676 6
2635 3403 2 2424 2513 3 3314 3032 2 4329 4427 5 2120 2859 3
3247 4534 4 2348 2975 3 2613 4179 3 1956 2129 2 3009 3020 4
3853 5174 2 3265 3610 4 3736 4195 4 4037 4246 1 3039 3522 4
3621 2648 4 3426 3594 2 3187 3319 2 2962 2994 3 2499 4221 3
3163 3298 4 4191 4978 3 3788 2821 1 3137 3649 4 2315 4530 3
3402 3776 2 3320 3661 4 2402 3059 4 3186 3182 1 2367 2979 4
1861 1893 2 3727 4471 2 3909 3652 5 2948 3516 4 2725 3223 3
4120 4359 1 4600 4190 4 3778 3796 3 3925 4744 3 2398 3974 4
2837 3623 3 3496 4147 4 3835 5733 5 3957 4213 2 3135 3187 2
4091 4472 4 3219 4295 3 3558 2643 2 4115 4129 2 3145 3537 4
3198 3633 3 4171 4683 4 3145 3517 4 1989 1811 2 2535 1859 3
3765 4796 3 3664 3195 3 3204 3351 1 4526 5426 4 3309 3254 4
3578 4051 3 2390 3397 1 4143 5155 3 3132 3913 3 3468 3415 4
2527 3250 3 3715 3342 3 4011 3524 2 2783 4023 2 2536 3106 4
3214 3543 1 3018 2837 5 3324 4371 3 3766 4855 2 3335 2937 3
3541 4180 2 2732 4009 3 3350 3051 4 3742 2763 3 1249 3402 4
3199 3169 3 3513 4434 2 3979 4117 3 3119 2976 1 2723 4403 5
4169 4188 2 5295 5399 4 3332 3807 2 4896 5479 2 3410 4427 3
2517 4386 4 3755 5479 2 3287 2092 1 3644 4620 6 2965 2558 3
2861 3910 2 3809 3234 2 2139 3940 2 3969 2980 1 3402 4193 6
3742 4318 4 3051 2939 2 1750 3249 5 1651 1584 1 3713 3551 4
3586 4164 4 3128 4240 2 2862 3043 3 3953 2772 1 2132 3265 4
2793 3084 1 2659 2804 3 2657 3340 4 2751 3758 4 2075 2407 4
3056 3847 3 2226 2723 1 4225 5416 4 2742 3804 2 2249 2227 6
4125 3525 3 3490 3385 4 2584 4124 1 1893 2282 2 2454 2974 5
2076 4304 3 2704 2528 2 3863 4944 2 4488 3614 2 3179 3088 7
3372 3132 1 2633 4253 3 3625 3259 3 3980 5177 3 4659 4049 3
3490 3358 2 4189 4768 2 3857 4046 3 2882 4275 2 4017 4228 4
3296 2715 2 2161 2752 4 3079 3859 5 2759 3219 1 3522 4665 4
2927 2561 3 1692 2697 1 2960 3687 5 2911 4477 4 2717 3303 3
2588 2342 2 2936 3855 3 3710 3623 5 2368 3476 4 3075 3142 2
1539 1936 1 4002 3895 4 2609 4135 4 2549 4096 5 2774 2439 2
2741 3403 1 4095 5048 3 2959 3928 4 4784 4185 2 3511 4083 4
2513 2806 4 2681 3754 1 3673 4231 4 3145 3476 3 2568 3025 5
3844 3808 2 3237 3713 2 3182 3320 3 2608 3333 2 3423 4180 5
2433 2963 1 3908 4157 4 4951 3806 2 2624 4654 3 3223 3054 4
5658 5268 3 3102 3926 3 3504 4938 4 3012 3603 2 3270 2453 2
2324 3252 2 2264 3263 4 4076 4144 2 3251 2916 3 3049 2856 3
2885 3807 4 3104 5727 4 4479 3698 4 3310 2849 2 3588 3040 2
3838 4502 2 3821 4709 2 4117 4239 1 4099 3480 2 2792 3475 6
3176 2811 1 2564 3836 4 1887 3910 5 3906 2891 2 3251 3124 4
2297 3690 5 4067 4314 1 3363 3852 3 3323 4116 3 3144 2970 3
3736 2899 4 3430 4923 1 3135 2984 4 2914 3294 1 2497 3567 5
4127 2837 2 2544 2974 2 2233 2463 4 1919 3181 4 2408 2380 3
3219 3250 5 2422 2469 1 2761 4326 2 3542 4621 4 4334 4118 2
2692 2151 2 2562 2346 4 4562 5108 2 4453 4977 4 3728 4402 3
2388 3435 2 1812 2276 2 3493 3672 5 2094 2968 2 3042 2875 5
2774 3461 5 4440 2767 1 2340 3177 2 3153 3918 2 2863 3942 4
2526 2688 2 2551 3402 2 3116 3842 5 2098 2811 2 4466 4338 5
3290 3137 2 3246 3641 1 3616 4093 2 2967 3448 3 2724 4613 6
2836 2653 2 2944 2866 3 2240 3427 4 3747 4393 1 2350 3001 3
4323 4355 4 2344 2205 2 2486 3561 1 3927 3308 1 3803 4662 4
3333 3523 2 3663 3070 3 2739 3313 3 2701 2918 2 2071 3223 6
3747 3591 2 3147 4651 3 3756 4746 2 3430 2833 2 5313 4987 5
3962 4887 3 2812 3520 1 3277 4513 4 3375 3043 1 3413 3611 4
2539 2425 1 2721 3393 4 2691 2845 5 3035 3376 1 3245 3537 3
3757 3892 4 3804 3342 3 2938 3629 2 3568 3423 2 2827 4018 4
2311 2725 2 3072 3612 2 1785 2131 2 3555 4271 6 3490 3362 3
3482 5713 3 3133 3383 3 4850 5360 3 3962 4158 1 3526 3752 4
2140 3530 3 2618 2812 1 3363 2787 4 4023 3784 3 3971 4377 4
3869 3695 5 2468 2832 1 3348 4333 1 3638 3222 3 3069 4057 5
2409 2435 3 2622 3415 3 3325 3292 1 1998 3632 4 2931 2678 6
2345 3190 2 3209 4211 2 3612 4669 4 3218 4090 2 3408 3504 5
3441 3658 2 5373 4342 3 2652 3882 3 2719 4791 3 5258 4745 5
3322 2980 2 3252 2673 3 3778 3893 3 4743 5422 3 3949 5225 2
3968 4179 3 2851 4627 4 4160 3538 1 3841 4364 1 3007 3666 4
3042 3535 3 3602 4315 1 3645 4001 3 2543 4420 4 3127 2262 5
2864 4215 2 3450 2287 2 3339 3049 2 3304 5758 4 2696 3569 4
4322 5353 4 3946 4199 3 3031 3723 2 3199 3210 3 2839 3124 3
4757 4109 1 2659 3828 3 3319 3440 1 4541 4536 6 2592 3302 3
4376 4130 1 3978 4954 1 5476 5516 1 3866 4212 5 3459 5296 5
3333 4370 4 4027 3473 2 4101 4224 3 4351 4895 3 3311 3383 2
3444 3377 2 2572 2868 2 3057 3933 2 3586 4807 3 2472 2917 6
3548 3577 1 2616 2329 3 5306 4783 1 4384 4930 5 2391 3022 3
3539 3927 4 4312 6361 3 3860 3935 1 2951 2492 1 2769 3024 4
2922 3646 2 4128 4861 4 2887 2941 2 3286 3569 2 1753 2511 7
3704 4464 2 4537 3019 3 2434 2911 2 4512 4935 5 3055 3979 3
2662 3271 4 2507 4103 2 3677 4317 4 2449 2436 3 3456 3454 3
3727 3454 4 2732 2588 2 1887 2473 3 3062 4110 3 3151 3267 3
4118 3403 4 3046 4524 4 4003 4211 2 2928 3034 2 2147 2260 3
4818 4708 2 3307 4176 2 3052 3906 4 3663 5053 3 2800 3287 3
4533 4480 2 2732 3973 4 3219 3871 5 3251 4220 4 3010 2956 2
4870 4900 1 3926 4127 2 3234 3784 2 3520 3349 3 2831 4091 5
2405 2707 1 5122 4486 2 3584 5751 4 3587 4746 4 3347 2299 5
3790 3051 6 3146 3911 1 2506 3386 2 3815 4632 2 3453 3753 2
3844 3188 2 3370 4658 4 2121 3108 3 2567 2626 2 3151 4330 4
1801 2978 2 4256 3892 4 2957 2975 3 3577 4083 3 2154 3371 3
5635 4961 4 4306 3367 3 3376 4591 4 2765 3228 1 1800 2697 4
3411 4158 4 4394 3867 4 3437 5122 1 3368 4507 2 4491 3484 2
2902 3734 5 3611 3302 3 2283 2425 1 4431 4056 2 2367 3285 3
1471 2344 1 3681 3760 4 3790 3759 4 3076 2914 2 2877 4975 5
2895 5294 5 4134 2822 1 3385 3288 2 3458 3844 1 4566 4711 5
3662 4045 3 3317 4957 2 4494 5629 1 3350 3720 3 4144 3701 5
3148 4186 4 3489 4518 2 3138 3047 2 3076 3388 2 2722 2242 4
2494 4805 5 3391 3997 2 3211 3118 3 4794 4425 2 2441 1380 2
4282 4270 1 2833 2693 3 3309 3241 2 4007 5452 4 3709 4193 4
3700 3975 1 3664 4521 2 4941 4887 3 3022 3319 2 4438 5404 5
2118 4273 4 2020 2194 2 3615 4206 1 4308 3843 2 4168 3375 6
3485 5000 3 4299 4215 2 4171 4529 4 3823 4099 2 3588 4471 2
3451 3515 1 2937 3735 4 4764 4168 4 3036 3792 4 2635 3944 3
5132 3812 7 3374 4391 3 3294 3315 1 3149 4338 2 2774 2925 2
2987 4487 5 4350 5311 1 5121 4616 3 3095 2911 2 3534 3719 2
3141 3003 2 3249 4184 2 4114 4213 5 3995 5035 2 3163 3740 3
3962 3931 3 2830 3158 1 3199 4458 6 2143 2324 1 3196 4577 4
3963 4542 5 4370 5068 4 5094 5676 2 4009 3540 2 2532 2793 2
4587 3742 1 3960 4368 3 2937 4027 5 3447 3930 1 3612 3975 4
2250 2814 3 4234 3913 2 4054 4038 4 3473 3801 4 3050 3373 3
2645 4572 2 3012 3449 4 4215 3687 3 2995 4200 1 4346 3249 4
3647 4248 4 4677 5496 2 1605 2868 2 3270 3831 1 4665 4329 5
5226 4239 4 4324 3253 3 2999 2982 2 4244 5280 3 3106 4129 2
3159 2438 2 3862 4043 3 3048 3855 4 2888 2911 2 3294 4345 4
3658 5135 4 2980 2757 2 2698 3408 2 3478 3329 3 3438 3924 5
3797 2596 4 2766 2810 2 2300 3321 2 4218 4668 3 3937 5022 4
3242 3617 2 2949 3780 5 2646 3695 1 3163 3388 2 3181 3812 5
3635 5061 4 3655 2964 1 4293 4662 2 5425 6140 5 2599 2861 2
4912 3615 2 3778 3946 3 2759 3345 2 3447 4963 2 3161 3741 4
3114 4641 3 5008 5051 1 4558 3756 1 3537 3710 2 3021 3882 6
3138 3840 4 3416 4079 2 3602 3550 1 3788 4209 3 3361 3139 4
2799 3699 3 2766 4144 4 2895 2375 1 3722 3674 4 2615 2270 3
3008 3773 4 3585 2864 2 4402 4654 2 3788 4690 3 3496 3365 4
4762 3671 2 4467 4217 2 3157 4328 3 3548 3952 2 4379 4647 2
3680 4620 3 4089 4846 1 3726 4435 4 3144 3862 3 3281 3450 4
2602 4155 2 2039 2355 2 2603 2431 3 3421 2930 1 2570 3636 9
3459 4288 4 5119 4880 4 4275 4329 2 3457 4075 2 3508 4178 2
4504 4112 2 3006 3382 2 3660 4382 6 3183 4471 1 3391 3595 3
4027 2842 2 2306 3748 2 3403 3839 3 3725 4192 6 1712 3080 3
4803 4962 3 4267 5474 4 3546 4954 3 4151 3919 2 3513 4100 2
1392 2193 2 2452 2616 3 2230 2832 3 2464 2249 4 2806 3459 4
3529 3588 4 4017 4591 3 2810 3423 3 3413 4711 1 2869 2821 2
1608 2983 3 3058 3848 3 2188 3015 2 2635 3034 4 3055 3148 4
2806 2551 5 3183 3281 2 2253 3199 3 3266 3977 2 1816 2285 4
2822 3591 2 2538 2880 3 2472 3065 4 2569 2497 1 3133 4719 6
3710 3337 3 2123 2535 3 2389 3377 3 1812 2143 2 3407 3770 4
4105 4433 4 3479 3703 3 3159 3892 2 2717 4504 1 3088 2395 3
3286 3239 3 2741 3160 4 2791 2572 5 2256 3277 2 2716 3281 2
3622 3581 4 3688 3869 1 3780 4363 3 3350 3683 2 2526 2491 4
3539 3235 4 4462 3522 1 4027 4592 2 2443 5130 2 2722 3011 5
2299 3493 2 2338 2213 1 3826 3825 4 2563 3543 2 3360 3550 5
3799 3815 6 3141 3545 3 3358 3922 2 3052 4196 1 3009 3430 3
4000 3406 1 2768 3659 2 3996 5771 4 3762 3468 1 2769 4111 7
2662 2859 3 3388 3445 4 2683 3581 2 3775 3186 4 3126 3721 2
3232 3937 5 3362 3245 4 4106 3763 1 2718 5086 3 3065 2455 3
1895 2556 4 3174 4070 3 2967 3845 3 2598 3430 4 3695 2869 2
3877 3418 3 4153 4226 2 4304 4161 5 3525 4795 1 2040 2530 3
3892 4969 3 3251 2932 2 2554 3398 4 3572 3684 2 3952 4581 3
3280 3187 4 4029 4418 5 3947 4383 3 2944 3879 1 2306 3635 3
2878 2158 3 1790 2673 2 2999 3553 4 3254 5454 2 3098 2644 3
3330 2933 2 3573 2955 4 2415 3441 3 3795 3567 3 2874 5300 3
1992 4013 4 2955 3913 1 4534 2917 4 3902 4666 3 2027 1987 3
3122 3484 3 3369 3319 2 3653 4214 1 4407 5174 6 3027 2707 3
4488 3843 3 4319 4100 6 2314 3628 2 2707 3699 1 3356 3351 3
3258 3746 6 2586 3131 2 3287 4528 1 2338 2480 2 3406 3468 4
3827 4394 4 2004 2544 3 3433 3709 3 2912 2918 3 4579 4832 2
2926 3993 2 3405 3191 4 3873 5103 4 2939 2562 4 2341 2374 2
3382 3295 2 3406 4216 3 3680 4051 4 3521 4177 3 2608 3453 3
2118 2761 2 3412 3271 3 3863 4496 4 3887 3854 3 1818 2914 3
3222 3381 4 4265 4863 5 3460 3608 2 3367 3142 3 2112 3177 3
4221 4539 3 2452 2589 2 2537 2843 3 3762 3223 3 2146 2280 4
3749 4386 4 3574 4628 3 2793 3709 1 3094 3154 3 2498 3151 4
3403 2592 1 2561 3576 4 4416 3304 3 2860 4373 4 2542 4139 4
3404 3543 1 2566 3541 4 2057 3064 2 3611 4155 3 2473 3558 6
2317 2638 4 1971 3337 3 2364 3607 3 2863 3779 1 3261 3554 3
3234 4387 3 2385 2281 3 2875 2859 1 3426 3037 2 2507 5590 6
3402 3311 3 4514 5077 1 3653 3994 4 3273 4181 1 2734 3056 5
2152 2935 1 3763 3413 3 3408 3684 5 3438 4328 5 4217 4868 2
3136 3646 2 3576 4522 2 4066 4101 3 3967 4116 3 2851 3874 3
3701 4540 4 4403 3649 1 4093 4785 3 2200 2593 1 2210 2745 4
3940 3110 3 2295 2471 2 2996 2971 3 2354 3429 3 2725 3848 3
2960 2913 2 2981 3178 2 3057 4162 2 3275 3356 6 1938 2527 4
3571 3149 3 2363 1514 2 3109 3902 5 3238 3919 2 2709 2893 3
3533 2676 3 4003 4016 1 2598 2431 1 3414 4931 5 2534 4096 4
3002 1919 1 3233 3548 2 3846 3991 4 2239 4923 5 3025 3237 3
4499 4520 5 3485 3167 2 3168 3688 3 3823 5428 1 3367 2758 3
3218 3700 2 3335 4195 5 3571 3733 2 2190 2509 1 3819 3613 6
5352 4306 1 2728 4331 2 3198 2820 2 2896 4722 3 2004 2545 6
3387 3603 4 3998 3084 3 1837 3862 2 3764 3027 2 2807 4142 4
4318 4006 3 2350 2564 2 2541 3165 3 1721 2275 4 2218 2284 4
3573 3791 1 3132 4144 2 3084 3409 6 3321 3310 2 2820 3471 5
3452 2989 3 2010 3362 1 2734 4025 4 2572 3284 4 2787 2975 4
2841 3045 2 1902 2726 4 2771 3010 4 2913 3896 3 1905 2074 3
2907 2505 1 1995 5047 5 2365 3404 1 3239 3232 3 3346 3396 6
3561 4646 4 3944 3806 4 3149 5378 2 3134 2118 2 2825 2908 3
3573 4535 2 3917 4175 2 3752 3202 2 3282 4625 3 3095 4806 5
3928 4985 2 3205 3116 3 2959 4427 5 3279 4202 2 4111 3039 3
2400 4080 3 4982 5564 4 5601 5722 1 4002 3604 1 2724 2592 5
2625 3138 2 3194 3335 3 2888 3617 3 3912 4296 3 3516 3441 3
3871 4567 5 3039 3033 3 2276 3649 2 4582 3859 2 2193 2817 3
2901 3465 3 1574 1378 2 2564 3106 4 2629 3116 4 2821 3315 3
4110 3798 2 4099 4411 3 3095 4043 5 2316 2213 1 2700 4059 3
2778 4051 6 3279 3769 2 1931 2547 2 2266 2571 1 2695 2021 5
3291 3420 2 3343 4409 2 2706 3291 2 4992 4423 2 3926 5077 5
4208 3292 2 3022 3475 3 3697 4628 1 2403 4002 2 3332 3833 6
1475 3020 4 3330 3331 2 4716 4763 3 3233 3549 3 2570 3278 3
3804 4336 1 4886 5121 6 3575 5097 5 3530 3091 1 3584 3460 3
3516 2977 2 3490 4480 3 3496 4168 5 2261 2661 1 2094 4168 5
2393 3700 3 4670 3910 3 3415 3919 5 3089 3195 1 3686 4481 5
2943 3485 1 2415 1838 3 2822 4369 5 3070 2958 4 2238 2873 3
3391 4074 1 1974 3635 1 3117 4227 4 3750 3443 4 3622 4083 5
3750 4032 3 3395 4219 4 2947 3542 3 4673 4678 2 2224 2046 2
3056 2932 2 4360 4927 1 4410 4184 2 4929 5523 2 3958 5079 6
2650 2707 3 2691 2596 1 1382 3205 2 3178 5335 2 5194 3805 5
3358 3862 4 5419 4955 3 3501 3911 3 3133 3689 4 3067 2964 3
3017 4099 2 4630 3485 2 3038 3588 2 4944 5578 4 2762 3384 4
3931 3826 3 3868 4523 1 2975 3615 1 2944 3676 4 2460 3754 4
4670 5188 2 3785 4547 3 4688 5456 4 3393 3548 3 4266 4638 2
3019 4172 2 3534 3780 4 2382 2617 3 3083 3611 2 4423 4720 3
3959 4691 5 2566 3630 1 4039 3750 2 3743 4454 2 2706 3589 4
4457 4533 2 3735 2832 3 3178 4588 3 2554 4493 4 3963 4305 3
4354 4053 2 3050 3369 1 4001 3753 3 3665 3495 3 2503 4634 5
3687 4611 5 3000 2974 2 2734 2767 2 2330 2158 5 2748 4126 3
3474 4361 2 4104 4142 2 3383 3320 2 2644 4014 6 3953 4179 3
5031 4403 3 4549 5128 5 2160 3622 2 2717 3711 1 3894 3984 3
3166 3015 2 3669 5387 4 2702 2453 4 3172 3502 3 2527 3439 4
4634 4121 3 2264 3179 3 3850 3994 4 4010 5103 2 3660 4158 3
3565 3201 3 1711 1763 2 1929 3228 3 2566 3062 2 2727 3281 7
3611 3177 4 3494 4099 2 3498 4368 5 3112 2369 3 1610 3186 3
2427 4350 3 3402 4102 4 3861 3942 2 3972 3754 1 3429 3945 5
2790 3449 3 4170 3940 2 2372 4680 5 3250 2138 2 3606 3904 3
4092 4751 4 3154 3791 2 4248 4891 3 3152 3863 5 2709 2316 2
3581 3907 7 4710 3685 1 3603 4678 3 3229 3421 2 2852 4144 2
3803 3792 5 2803 3692 1 4325 5019 4 3084 3149 1 2319 1998 4
2529 3797 3 2359 3407 3 3876 5252 3 2075 1852 1 5162 3026 4
2598 4322 2 3564 1980 5 2179 3918 4 3132 4059 3 3945 3319 2
3060 3981 3 2512 2480 2 4509 4529 2 3448 4752 2 3372 3207 4
3298 3777 2 4712 3995 2 3175 3517 2 3451 4484 4 3633 3267 5
3012 3558 4 1810 3047 1 3445 2966 2 3241 4082 2 2707 2841 6
3356 4603 4 3021 3564 4 2716 2027 2 2412 2818 1 1574 2008 5
3101 3311 1 3567 4120 1 3944 4433 5 3090 4239 4 2868 3431 3
2693 2994 2 3533 3209 2 1758 3107 3 2897 2867 2 2376 3117 6
1944 3009 5 2858 3694 4 3214 3165 2 2167 2644 1 3322 3608 3
4726 3551 2 3374 3526 3 2141 3045 2 2721 4150 6 2951 3038 2
3406 3848 3 1989 2366 2 3024 2422 2 3295 4428 3 3683 4017 4
4026 3139 2 3775 4721 3 3992 3772 3 2654 2749 3 3294 4195 3
3759 4271 3 3371 3742 3 2290 2698 2 2860 3165 5 2501 4016 4
1463 2030 2 4263 4355 1 3646 3764 4 3465 4342 3 3460 3103 4
2924 2737 1 3116 3381 2 3368 5703 7 2697 2788 2 3694 2991 3
2512 3149 2 2276 4016 2 2613 3040 3 4082 3581 3 2668 3540 5
3315 4259 3 3123 2348 2 3208 3702 3 3238 4971 2 1904 2208 5
4134 3565 2 3259 4573 2 4822 5075 6 3691 3802 1 2922 3379 4
3029 3008 1 2426 3056 2 2518 4149 5 3066 3375 2 3594 3586 5
3041 2607 1 3603 3295 3 3285 4999 3 3288 4284 3 2922 2957 5
1981 2336 1 3016 3652 3 2834 4094 3 3062 3952 4 3353 3654 4
4301 4777 2 2798 4494 4 3297 3298 2 3978 4130 2 2709 3395 3
3302 4602 3 3762 2914 3 3421 4876 3 4351 3498 3 2750 3947 3
3950 4650 2 2892 3038 2 3742 4200 3 2799 4142 5 3396 2631 4
3808 2583 3 3340 3341 5 3345 3251 1 3452 4081 3 2217 3963 2
2495 2728 3 4316 4111 2 4334 5197 1 3680 3012 3 3361 5388 4
2991 4591 4 4484 5519 3 4837 4948 2 2405 3308 4 3914 3517 3
4148 3442 4 3431 4749 3 3500 4748 2 2986 3818 3 3836 3963 4
3199 5324 1 3096 3139 1 3060 3123 4 4613 4853 4 3291 2989 4
3775 3841 3 3134 4327 3 2354 4237 1 3534 3181 2 3516 3646 5
4075 3142 6 2684 3395 1 2087 3317 3 3124 2841 1 3363 4501 4
1981 3195 3 2178 2695 3 3962 4237 6 3105 2854 1 3398 3604 4
2816 3221 2 3152 3532 4 2813 3505 4 1967 2143 1 4445 4577 3
2739 4435 4 4241 3383 3 3034 3931 2 3096 2991 1 4471 4429 4
2726 3599 3 3274 4860 1 3321 3742 2 3349 4606 3 4752 4490 4
2652 2770 1 3083 3019 3 2153 3950 5 3090 3685 4 2941 3347 3
3541 3112 2 2800 2335 3 3029 3831 4 2354 2489 3 2907 3298 4
2600 4564 3 3316 2156 3 3046 3509 2 3262 3472 6 1486 1963 2
3689 3790 3 4365 5061 4 2474 3256 3 5051 4339 2 2267 2515 3
2135 3557 5 2035 3315 3 3360 3091 1 3373 3117 1 2074 2437 5
2135 2759 2 4373 3315 2 3522 3641 3 2438 3768 2 3885 4142 6
1906 3736 2 2972 2757 3 3933 4308 4 3940 3526 5 1663 2208 3
3510 3547 2 4501 4692 5 2597 2408 3 3072 3117 1 2682 3399 4
1571 2546 2 3115 2710 5 1946 3229 4 1862 3263 2 2887 3881 3
2883 3761 4 2435 3182 2 3447 3162 3 2371 2852 3 2355 2502 3
2104 4206 5 3585 4198 2 4073 2939 2 3022 2478 3 2325 2729 3
3994 4349 3 3458 4496 4 3044 3818 1 4757 3630 3 4332 3953 2
3918 4301 3 4850 2681 1 2946 4984 4 2344 3444 2 1728 3648 5
2162 2702 3 1612 2653 2 1933 1447 2 2873 2626 4 3404 4364 5
3296 3695 2 3180 2871 2 2726 2736 2 3293 4251 4 2765 3468 5
2678 1836 2 2520 3099 3 2958 3428 2 2785 3577 3 1904 3448 7
2133 3692 4 3434 4044 3 2614 4222 2 3124 3262 3 3457 2526 4
2384 3400 3 1719 2558 2 3682 4489 3 3848 2893 4 2879 3566 4
3347 3448 3 1997 3598 3 3391 3692 4 3837 4248 2 2704 2679 4
2477 3995 2 2716 3327 3 3061 5049 5 2704 2846 1 4603 3705 3
2970 1653 3 2445 1896 2 2646 3260 2 2179 4508 4 2454 4027 5
3311 3797 1 3418 3591 2 3698 3838 3 3405 4448 1 3798 4092 7
3833 3678 4 3273 3557 1 4186 4621 4 3339 4386 2 3158 3780 4
2693 2831 1 4152 4697 2 3867 5075 5 2603 2608 3 3213 4034 2
3729 4150 4 2251 3082 2 3184 3996 3 3131 2729 2 3018 3698 5
4037 3885 3 2612 3615 3 2770 2797 2 2354 3214 4 2624 2475 3
1156 1323 1 1944 3203 2 3263 3782 5 4226 3290 4 1772 2863 3
4110 4685 3 2146 3037 2 3765 3480 1 3389 3545 3 3010 3466 7
3427 3015 3 2499 3589 1 2480 2957 4 3389 2612 4 1742 2846 4
2762 4402 2 4778 3204 2 3340 3582 1 3453 4441 3 3491 4157 6
3173 3624 3 2677 2692 4 4049 4196 2 4882 5219 1 2760 4008 4
2819 3567 2 2350 2566 2 4173 5183 5 3545 3920 1 3168 3665 5
3671 3523 7 2627 2897 2 3761 3355 1 2574 3184 1 2026 3430 3
2178 3265 2 3146 3653 2 3359 3049 1 3533 4195 5 3350 3594 5
2794 2190 3 2962 2830 3 2315 3498 1 2770 3456 5 3578 3905 3
3582 2876 4 2995 4111 2 2543 3710 3 3231 4420 4 2116 2922 3
4208 4409 3 5360 5619 3 4247 5193 3 3103 3662 1 4855 5306 3
3809 4783 1 4771 4888 4 3520 4510 2 3612 4183 2 3276 3384 3
2821 2416 2 4105 4453 2 2952 4087 3 4409 5353 4 3383 4007 4
4376 5278 3 4424 3695 1 4870 3970 3 2933 3872 2 3690 4365 3
2526 2644 2 3399 3701 1 4646 3306 4 2525 3975 2 2879 4363 5
3545 4353 3 4705 4214 1 3552 3255 2 3765 3870 5 2748 3131 4
1896 3216 4 3554 4913 2 3901 3506 4 3117 3115 3 1916 2496 3
3956 3333 2 3505 4436 2 2768 4065 2 4385 3977 3 3012 4327 6
3073 3684 2 2622 2498 4 3437 3339 4 2004 3540 2 2247 2596 3
2604 3400 3 3449 3442 4 3007 2904 3 2623 3401 3 2812 3377 3
3330 4898 4 4831 4382 3 3385 3584 1 4078 4035 2 2997 3542 4
4358 4403 3 2704 3506 1 2799 4341 3 3929 3266 2 5272 4856 3
3042 3996 3 2052 2531 2 2518 3509 3 3107 4147 4 4091 3665 2
3522 4142 4 3182 4135 3 2910 3424 2 3262 3086 1 3247 2991 5
2597 3721 2 3512 4030 1 3101 3240 1 3348 3289 4 3553 4176 5
4536 5111 2 3336 4909 2 3571 3523 1 4804 4033 2 4151 4433 4
3200 4035 2 1813 3313 2 3081 3658 4 4678 3882 2 3649 4300 4
3683 3045 2 2921 3222 2 3081 4089 3 3809 4234 2 2268 2605 3
3266 3543 2 2822 3580 4 1375 1933 1 2247 2620 2 2753 4003 6
3035 4366 3 2523 4543 4 4711 4501 2 4063 2854 2 3205 2837 4
2824 3028 2 2167 2084 3 2795 3596 6 3933 3350 2 2544 3976 3
3161 3833 3 2717 2681 3 1935 2683 3 4606 4716 3 2385 2946 3
4158 6059 3 3749 4137 1 1628 2243 1 4307 3469 3 3388 3710 5
3793 3966 2 2751 5766 2 3766 2500 2 2546 3372 5 4111 4015 3
3954 3379 2 2856 3973 2 3334 4988 3 3750 5009 4 3531 3024 5
2999 3558 1 3198 4363 5 4475 4229 3 2858 2590 3 1844 3023 3
3007 4208 4 3672 3621 4 3106 3858 1 3249 2368 3 1880 2527 4
2728 3047 3 4335 5618 5 4540 4369 2 4407 5932 2 3766 3646 3
2412 3402 2 2259 3120 2 3342 2572 4 3541 4120 2 3312 2803 4
3021 3874 5 2918 3661 3 2642 2890 2 2984 2712 1 2348 2637 4
3538 3470 5 2457 4369 4 2960 3355 3 3314 4315 2 2751 2986 2
2750 4159 4 2237 2058 4 2753 2948 2 3184 4097 3 2754 2895 2
2193 2351 1 4389 3763 1 3125 4373 5 3403 3649 2 2440 3904 5
2244 2115 1 3613 4208 2 3683 2907 4 3403 3636 2 2881 3690 4
4888 4925 3 2935 4961 2 5276 4692 1 2692 2930 1 3816 4193 6
3043 2614 1 1984 2024 1 4439 5390 3 2610 3001 3 3204 5082 7
1773 2785 1 2140 3808 1 4313 4109 7 3306 2772 2 4748 4215 4
4659 4319 4 3684 4557 3 4131 3251 2 3420 4414 3 2528 3179 3
2717 3793 6 1446 1942 1 1984 2859 1 4195 2935 3 2709 2932 5
3691 3398 1 2640 3984 3 3181 4290 3 3434 3769 3 2732 3235 5
3058 3341 3 3411 3373 1 3692 5048 4 3327 3770 4 3781 2728 3
3798 3936 3 4482 3530 3 3341 3810 3 2150 3430 2 2073 3565 5
3139 3707 4 3569 5079 4 2586 2867 1 4190 3638 2 4235 4453 2
3328 4341 3 4455 3674 2 3194 3468 1 4533 5090 3 4553 4489 4
2597 3749 2 3017 2309 1 3869 4677 5 2836 3553 2 3548 4426 5
4299 4508 2 2408 3105 5 2192 3499 2 3683 4061 1 3099 2901 3
3772 3500 1 2065 1815 2 3545 3284 3 1360 2880 2 2901 4745 6
2896 2705 3 2206 3075 2 2815 4112 5 2489 1491 1 2531 3777 4
2792 2871 2 2532 5130 4 3622 3598 4 4089 4192 2 2616 1863 2
2453 4284 2 4156 3740 5 3531 4129 2 3935 4311 3 3681 3645 3
4366 4768 4 3238 2769 3 3408 4268 3 2645 3694 2 2703 3084 2
3177 3478 1 2021 2753 4 3642 4401 3 4677 3441 3 3641 4543 3
5640 4396 4 2632 3862 3 3726 4309 5 3003 4423 1 3536 4171 3
3267 2649 5 1743 2612 2 2074 2535 1 3113 3155 4 2536 2548 3
2794 4202 3 3178 3808 5 2750 2895 2 4627 4819 3 2507 2987 2
2515 4209 2 5075 5974 5 2330 2900 1 3856 4470 4 3102 3923 5
2991 3842 2 3551 3877 3 3308 3627 3 4681 4796 3 3158 3288 3
2179 2565 3 2491 2780 1 3060 3910 3 3087 3144 5 3752 4163 5
2329 3442 2 2276 3286 2 1800 2757 5 3451 2623 1 2279 3352 5
2125 3230 4 3516 4218 5 4161 3916 3 2238 3361 1 3300 2973 4
4020 4502 5 3230 3418 3 4499 4613 2 3322 4012 2 2369 3466 3
2351 3145 5 3356 4274 4 2871 4326 2 3488 2478 3 2501 2356 2
2735 2643 6 3439 3154 2 3153 3836 1 2925 3240 3 2279 2527 3
3521 3742 3 4557 4822 2 4359 4696 2 1247 1873 2 3501 4652 6
2701 3370 4 3274 3621 1 4129 2872 4 2541 2497 1 1918 2791 4
2194 2799 3 1849 1411 2 2527 2608 4 3973 4161 4 2356 3551 4
3099 3032 2 2701 2522 3 2761 3194 2 3225 2864 4 2348 4169 4
1703 2342 1 3261 4289 1 3077 3386 2 2156 3284 4 3687 3899 9
3354 3899 2 3784 4138 4 3595 4412 1 4247 4761 4 3805 3861 3
2355 4006 6 3625 3888 3 2395 2874 1 2812 3146 2 2143 2301 3
2975 3122 2 2884 2631 3 3078 3890 2 2386 4507 2 3976 3659 6
2151 2687 4 3286 2964 3 1902 2442 2 1772 1786 2 2399 2073 5
1946 3956 1 2176 3692 3 2534 2589 5 2636 2989 3 2415 2209 5
3489 4210 3 3540 3039 4 3574 4835 3 3319 3461 3 1198 2698 3
3553 5551 7 3595 3632 2 4148 3051 1 3610 3106 1 2066 2959 3
2435 3214 3 3279 3552 3 3979 3777 3 3735 4343 3 3319 3960 3
3679 4776 2 3741 4264 5 1773 1762 2 2221 3722 2 3548 3737 6
2280 2181 1 3774 2747 2 2467 3700 3 1930 3007 2 2292 4548 7
2695 3199 3 3889 4260 1 3797 4614 6 2910 3494 2 2351 3145 5
3461 4220 4 3192 4009 4 3449 2881 2 4136 3726 2 2607 4094 4
3244 4377 2 4377 5229 6 2327 2383 1 4797 4893 2 2783 2706 2
3170 4319 5 4552 5723 2 3189 1678 1 4037 4748 4 2751 2563 2
3809 3498 3 3104 3945 3 3270 3997 1 3237 3830 3 4462 4082 5
3362 3662 1 3885 4237 2 4505 5639 5 3005 3045 1 3273 4657 6
3460 4799 5 2882 3066 3 3064 4286 1 5068 3513 2 1939 1866 3
2972 3542 2 4020 5125 4 2911 3897 2 4478 3571 2 2569 3069 2
3584 4679 6 3518 3661 2 3664 3238 2 4740 5184 1 2089 2670 2
5238 4647 4 2161 2759 3 3427 3758 3 4613 5564 1 2714 2788 3
3589 3319 3 2157 4082 4 2686 3657 2 2539 3064 2 3897 4566 6
4484 4182 4 3164 4692 4 4237 4184 2 2214 3247 1 2926 3228 3
2812 4594 5 2629 3149 1 4249 3426 3 2153 3127 1 3309 4176 5
2389 3476 2 3839 3768 3 3211 4603 5 3229 3890 2 3444 3525 4
2472 2896 4 4079 4838 3 4245 3774 1 2967 4090 3 3826 3653 4
3366 3443 4 3495 4382 3 3422 4308 3 3200 3218 2 2568 3468 4
2410 4085 4 1847 2408 3 3092 2798 1 3309 4106 4 2694 2239 3
3475 2962 2 3929 4001 3 3646 5575 4 2913 3773 1 4005 3787 5
2439 2754 1 3432 3707 4 2745 3500 4 2727 3783 2 2109 2759 4
3742 3962 5 4281 3921 2 4085 5235 3 3258 3538 2 1914 2927 4
2980 3933 5 3677 2784 3 3188 2915 2 2525 3387 2 2464 3597 3
2498 3000 1 2634 4583 2 4183 4673 6 4934 4667 3 3659 2916 4
3015 3013 5 4555 4955 2 2030 3274 3 3639 3347 1 3429 2671 3
4107 4296 4 2621 2498 3 3491 2990 3 3647 3486 1 2725 4344 3
2211 2702 4 2444 2428 4 2064 2288 2 2891 3565 1 3088 3201 4
2292 3210 4 3673 4161 2 4247 3695 1 2554 3430 3 2728 3702 5
4774 5220 3 2345 2973 3 2138 4573 3 5071 4969 3 3736 2704 2
3803 4680 4 3078 2487 2 3744 4202 3 3321 3921 2 3369 4146 3
4688 3331 3 4688 5297 3 3323 4448 3 3713 5556 4 3138 3525 2
4622 5088 1 2919 3565 5 2966 4593 3 3471 3894 1 3236 3881 5
2939 3791 2 3313 3581 1 4138 4335 2 4392 4807 5 2916 3737 4
2052 4421 4 3977 4054 5 3348 3187 2 2474 3329 2 3159 2678 3
4197 4870 3 4324 3113 2 1641 2162 1 3399 4884 3 2116 3761 5
3252 4983 3 5658 4505 2 3674 3245 2 2637 3851 3 3830 3906 4
2602 3652 2 2635 2799 2 1417 2949 5 2798 2983 2 2172 3170 3
3497 4276 2 3679 3995 5 2399 2526 4 3471 3720 1 2169 2700 4
3011 2673 4 3945 3774 1 3597 3851 1 4511 4636 1 3584 5253 6
2296 3544 4 2762 2208 2 3719 4844 2 3805 2274 3 1894 3368 3
3162 4218 4 3932 4256 1 3456 3437 1 2977 3857 3 3935 3435 5
4178 3366 3 3058 4391 4 2334 3330 1 3490 3334 3 3154 3092 4
2513 3377 2 3798 3982 5 2190 3044 2 3956 5362 4 2748 2749 3
2306 3046 1 3272 3859 3 2963 3542 5 2217 3213 2 3844 3684 4
2528 2384 2 4003 3368 2 2574 4160 4 2767 4465 3 3456 3090 3
2552 4399 2 3820 4298 2 4257 4860 2 4428 4175 3 2883 3517 5
2011 2444 2 3521 4382 5 3693 4941 2 2679 3094 2 3095 3810 4
3720 3076 3 3955 4922 3 3145 4794 3 2867 2921 2 3028 4171 5
2532 3866 2 4331 2699 3 3132 3044 2 2371 4152 2 4227 4398 4
4606 5136 5 4120 4653 2 3591 4845 1 4144 4026 2 1927 1941 4
3425 3884 3 3372 3800 5 4905 5565 1 3107 3321 2 4179 4559 2
3561 3141 2 3529 3383 2 2074 3728 2 3800 3736 4 2940 4577 4
2577 3765 4 3695 4858 1 4860 3849 3 3208 3432 3 3373 3732 3
3112 2825 3 1918 2832 4 3367 2991 4 2147 3045 3 2901 3816 4
3460 4174 6 3873 3309 2 3815 3380 2 2783 3209 2 3206 3204 3
2456 2507 5 2512 2966 1 3269 3424 3 3818 3669 3 2323 3448 4
3625 3901 1 3812 4533 3 4479 4672 1 4459 4733 3 3424 3573 4
3867 4502 2 3138 3465 1 5012 3669 4 3765 4103 3 3641 5420 4
3182 1948 3 2824 3760 2 3727 4028 5 2359 2282 2 3172 4592 3
2627 3159 2 1997 3564 6 2130 1133 2 1988 2923 3 2907 2740 4
4000 2120 1 2015 3121 3 2514 3231 2 2736 3209 6 2516 3431 4
2680 3085 3 3058 3658 3 3969 3807 3 2406 2693 4 4131 4743 3
3214 3145 2 3017 2761 4 2999 3315 2 2630 3798 2 2353 3729 6
3475 4038 1 3285 3692 2 4466 4715 3 3746 3741 5 4563 4732 4
2802 2427 2 3704 4147 5 2447 3606 2 4075 3767 2 1952 3346 3
2657 4699 4 5013 4277 3 2017 3028 3 3597 3512 3 3475 2670 2
3574 3985 2 2428 3008 3 2704 3990 7 2480 2970 1 3788 3318 3
2694 3399 6 2260 3866 3 3106 2435 2 4797 4780 1 3242 4400 4
3837 5059 3 3843 3674 3 4007 5273 3 3739 4341 2 4113 2989 2
3166 2776 4 3623 4428 1 4411 3779 3 3456 4684 3 3238 3572 2
2635 2606 2 2616 4242 3 2746 2928 3 3939 4412 3 3149 2670 4
3702 2906 3 3023 3356 2 1975 4564 2 2275 3111 4 3759 3497 4
4194 5119 4 4055 4190 1 2904 3563 1 4459 4860 4 2065 3052 3
2381 2834 4 2075 3151 1 3283 3389 3 2153 2734 3 2103 2731 6
2836 2715 5 2473 2818 2 3887 3666 4 2099 4220 3 2724 2534 2
2667 2877 2 3086 3792 2 3949 4742 4 2717 3649 5 2940 2952 3
3079 2959 2 2996 2719 2 2282 3700 3 3659 4317 4 2091 2797 5
4379 3121 2 3619 3731 2 3119 5049 2 3520 4375 2 3215 3968 5
3498 4606 2 4079 4589 4 4566 5483 2 2106 3023 2 3296 3410 4
3313 4073 1 3112 2669 1 3030 4361 3 3947 4168 7 2544 3410 5
3583 2747 1 3320 3887 6 2735 3908 4 2937 2825 2 3511 4190 2
2954 4145 3 2736 3132 6 3815 4352 4 2741 3268 1 3720 3567 3
2996 2305 1 4497 5007 2 3294 4500 6 3353 3838 2 2365 2961 2
2447 2416 1 2520 3350 4 3151 3598 3 3534 3816 1 3081 4722 5
4815 4735 3 2660 2631 1 3907 5849 2 3047 3663 3 3903 3232 4
2450 2718 2 3145 2373 4 2021 4396 4 3429 3162 4 2033 1956 4
2865 3551 3 3103 4731 5 3014 3003 3 2697 2713 2 3489 3187 2
3145 4294 3 2985 2738 2 3191 3105 4 2811 2631 2 3038 3550 4
3568 2848 2 2980 3153 3 2044 3005 3 3245 5073 2 3562 3473 4
3046 3937 3 3154 2479 3 2338 2699 1 2995 3788 3 2374 2940 5
2060 3624 6 2057 3395 1 3345 3020 2 3297 3054 3 2531 3873 6
3443 3486 4 3058 3369 3 3157 3674 2 3054 3194 3 2578 3404 3
3591 3453 2 2998 4006 2 2411 2609 4 2944 3355 6 3549 3561 2
2921 3071 2 2930 3037 4 2636 3033 4 3998 3391 1 2949 4069 4
3033 2644 2 3233 4602 5 3411 3910 3 4401 5148 1 4795 4311 4
2598 3031 4 2562 4107 2 3232 3482 2 2920 2851 3 3666 3104 3
3521 3652 1 4266 2588 4 3153 3778 2 2150 3538 2 3911 3634 4
1836 2360 3 2085 2732 1 2844 3429 4 3024 3212 2 3950 5175 6
2643 2539 4 2722 2549 2 2955 2911 2 2444 4061 3 2873 3523 3
2047 2949 1 2320 3666 3 3418 3471 6 3628 4269 4 2839 3226 3
2857 3813 1 5776 4415 1 2929 4402 3 4665 4638 5 3769 4488 3
3970 4216 3 4318 3405 2 2900 3812 3 4949 5370 2 3809 5549 4
2449 3941 3 3671 3395 2 2778 3961 3 2879 3412 3 3300 4017 5
3065 3165 3 3727 4410 3 3762 5520 2 5113 4614 2 2823 3492 3
2844 3022 4 2697 2903 3 3463 4212 4 3046 3767 2 2418 2911 3
2613 3343 4 3345 3645 3 3231 2772 2 2309 2669 1 1912 3265 7
2539 2871 1 2789 3312 3 3429 4316 3 3604 2773 1 2713 3584 8
2814 2528 5 3150 3574 3 2245 3390 2 2819 2940 2 2717 3363 4
2788 3649 3 2804 3740 4 3463 4327 3 3838 2948 2 2865 3625 4
2501 3284 3 2259 2052 2 2870 3174 3 2447 4372 4 3477 2655 4
2874 4682 3 2850 3192 4 5524 4035 2 2989 2463 1 3393 4879 6
2635 3325 3 3183 3134 5 3159 3149 2 3078 4300 4 2666 2571 2
2747 2719 3 3031 3059 4 2763 4072 5 1903 3692 2 2121 2350 2
2740 3899 3 3105 2653 3 2914 3041 3 2705 2504 2 2801 3563 4
3429 4334 3 3108 4480 4 3527 4643 3 3042 3235 1 3296 3346 2
3613 4098 3 3040 3612 4 2349 2635 2 3022 3575 2 3109 3438 4
3472 3142 4 3591 3784 4 1575 2355 2 3024 3598 1 2592 3315 5
3037 3033 1 3759 4553 2 2891 3771 3 3168 3637 5 3150 2511 3
3031 2655 5 3411 4152 3 1961 3834 1 2992 3670 2 2701 2769 4
4550 4463 4 2891 4948 3 3165 3310 1 2315 2627 2 3389 3405 5
3888 4123 2 3568 3780 5 3739 4057 1 3609 3264 3 2732 3110 3
4112 4369 4 3528 2859 1 2104 1594 1 4536 5294 4 2918 3283 3
2356 3296 3 2239 2439 3 3524 3507 2 3296 4130 3 4103 3440 4
3988 2712 2 3477 4704 4 4683 5096 3 4077 4698 3 2470 3523 2
3354 4020 2 3094 3503 3 3451 3247 3 2423 2859 2 3171 3826 5
3286 3346 1 3307 4931 3 3424 4832 4 3287 3471 4 3178 3190 3
2948 2936 4 2628 2260 3 2190 3236 2 2625 3809 4 2506 3100 2
2814 4374 3 5861 5306 4 4000 5581 2 3754 3519 3 3111 3731 3
3360 3174 1 3856 3693 2 3652 5461 5 4504 4269 3 3216 4314 4
3761 4088 2 2771 4362 5 3155 4154 2 1930 2311 1 3582 2944 3
3058 2284 1 3360 4410 4 2637 3927 2 3659 3361 2 3267 4183 6
2677 2858 2 3068 3076 1 4721 4364 3 3343 3965 4 3120 3750 4
2081 4024 6 3716 3391 2 3847 3820 3 2412 2916 2 2176 3062 3
3397 3123 4 3617 3720 3 3442 4185 3 2636 3689 1 3918 3896 3
3108 4451 2 3985 3497 5 2699 3219 2 4082 4206 3 2289 2224 3
2944 2937 2 2226 3477 4 3370 3651 5 2293 2772 2 2804 3240 4
3664 3544 2 4455 3519 3 2030 3977 3 2582 4630 2 3464 3101 5
3409 3609 5 3418 3175 3 2109 3282 2 2174 3382 1 4738 4054 5
3144 2621 2 3227 4242 5 2608 3467 2 2479 4471 2 2623 2072 3
2504 2418 4 5651 4484 4 3881 5567 3 3592 4444 2 1437 2255 2
2190 2834 6 3776 4453 2 3050 2995 2 2383 2485 2 2588 4134 4
3739 3620 4 2010 3428 4 2589 2217 1 2663 2638 2 2839 3857 4
2976 3800 2 3578 4212 3 5052 3994 2 2429 3464 3 2524 3732 4
3455 2908 2 2315 3720 4 3214 4654 3 3291 3019 2 5054 4503 4
1819 2148 3 2245 3637 2 2555 3265 2 3374 2748 4 2003 1558 6
2826 3012 4 2602 4387 2 3124 2647 3 3654 2644 1 2658 4680 5
3181 4670 4 2491 2785 1 2292 2815 3 2712 3383 2 2715 2507 5
1316 3035 1 2529 2735 5 3094 2952 1 2654 3726 2 3060 3453 7
2693 2865 3 3170 3473 1 3598 3308 2 2847 3653 5 2391 4149 5
4971 5848 4 3943 4079 4 4390 3853 2 2934 4959 2 3147 2584 2
2494 3030 3 2691 3809 4 3048 3609 1 3104 2162 5 1972 1885 3
2336 2809 2 3797 4437 3 4051 4198 6 3466 3307 1 2384 4203 4
3901 3564 2 3147 3538 2 3532 4084 1 3714 3134 5 3769 5544 4
4242 3564 1 2812 2854 1 1919 4534 4 4104 3682 3 3522 4024 5
3194 2903 2 2764 3417 2 4126 4735 3 4932 5571 3 3219 4314 3
2880 4096 2 4253 5391 2 3753 3534 3 4276 4444 5 3710 3575 2
3334 3008 2 3849 3504 4 3420 3421 3 2636 4782 5 2186 2194 2
3982 4880 2 2424 4930 2 3608 3594 3 5888 3945 2 2926 4192 4
3702 3635 3 4284 3829 3 3696 3744 2 2852 2915 3 3930 4871 4
3463 3534 3 2708 2010 2 3577 3592 5 4437 5547 1 3615 2925 4
2814 4638 3 3914 4371 4 3858 3607 3 4351 3945 1 3862 3635 3
2831 3703 3 4247 3726 4 2267 3381 2 3164 3774 4 2742 3335 3
4124 4949 3 3440 3298 1 2349 3104 4 4357 4607 2 4194 3627 3
3109 4856 3 3126 4928 4 3276 2978 2 3377 3592 4 2409 2222 3
2716 2975 3 2572 2492 3 3156 3091 6 2162 3879 3 1948 2998 2
3763 3424 1 2887 3905 4 3305 3743 4 2868 4434 1 4752 3901 3
3746 3672 2 4646 3902 3 3447 4209 2 2049 4584 3 3290 3248 5
2969 4748 3 4127 4387 2 4212 4551 3 4573 4670 2 4634 4505 3
2894 2682 2 3494 4913 4 2987 3575 2 3377 4118 3 3940 3810 5
4227 4717 5 4498 4547 1 3101 4093 2 3423 4330 1 5494 4698 4
2950 2782 4 3417 4215 5 2636 2233 1 3000 3638 1 3558 4487 4
3225 3841 1 4658 5376 3 3763 3468 6 3215 4006 1 3020 3509 2
2627 3124 3 3936 3579 3 3245 4534 3 3600 3326 2 4039 4788 3
2536 4516 1 4961 5141 1 4278 4401 3 3193 3039 2 5189 4557 7
2787 2759 3 3864 4442 2 4566 3580 3 4171 4178 4 1992 2595 3
3960 3681 5 3550 4323 3 3222 3408 2 3446 4709 2 2387 2515 3
3100 3568 3 2927 3570 2 3571 4364 2 3987 4526 3 3068 4325 5
3038 3043 4 2087 2887 3 2382 3955 3 2726 2713 2 2658 2940 5
2605 2841 2 3190 3168 3 2729 3077 1 3004 4710 4 4442 4682 3
2015 3408 3 3216 3221 4 2477 2531 3 2222 2632 2 2234 2468 5
2825 3206 3 3665 3381 2 4477 4184 4 2702 3188 3 1858 2797 4
2618 3305 4 3482 3147 2 1971 3119 5 3155 2698 1 2568 3786 4
3186 2968 4 3719 2664 2 1690 3693 5 3082 3511 1 2344 2520 3
3670 3330 4 3051 2519 3 3473 3849 1 3725 4198 5 3543 4917 4
3336 3581 3 2942 3193 2 1282 2773 2 2606 3939 4 2750 3145 6
3171 4034 3 3174 2444 2 3297 3924 3 4028 5127 3 3290 3453 3
2613 4725 6 3244 3643 1 2524 4322 2 4023 2730 1 2452 2347 4
5178 5092 4 3487 3599 2 2877 3069 2 2737 4991 2 2838 3030 4
3003 3000 4 2791 4323 2 2753 3501 3 2733 4535 3 4164 2806 4
3305 3474 2 2269 2372 2 4331 3201 4 2687 4930 4 2102 2726 2
3532 4203 1 3581 4158 2 2790 2629 4 3682 4670 2 4182 3686 5
3908 2970 1 2387 4019 4 2888 3792 4 3605 3068 1 2810 3228 4
2490 4072 3 3310 2748 2 1781 2996 1 2750 2938 3 3206 3477 6
4051 4295 3 4352 3827 1 4299 5028 3 4769 4651 3 3291 3696 4
3951 4350 3 2375 3035 2 3841 5497 3 3062 4035 3 4076 3998 5
3355 4042 3 2800 3025 3 2510 2568 2 3487 3213 3 1238 2613 3
2469 3013 5 3600 4560 3 3037 3736 1 3387 2810 2 2425 2314 5
4654 4638 2 3016 4194 4 3992 4177 3 3290 2835 2 4353 4911 3
2898 4717 3 3507 4354 2 3960 3937 2 3578 3182 2 3350 4305 5
4205 4025 3 3640 4045 4 2153 3096 4 3737 4254 2 3311 3617 3
4614 4391 2 3868 5189 5 3378 2722 3 3753 4093 1 3398 3643 2
2347 2734 3 3644 3404 4 1751 2692 3 2947 4310 4 1662 2326 3
4457 4801 4 2438 3552 3 1879 3082 1 3030 3076 4 3018 3031 3
2119 2158 1 2874 3292 6 2149 2346 1 2562 3961 5 1002 2174 5
2634 2921 3 2674 3297 2 3834 4063 6 2365 3402 2 2476 3056 3
3191 3831 4 2973 3095 2 3210 3217 3 2965 3436 2 3984 3740 3
3502 3256 4 4350 4266 3 3580 4103 2 2036 3506 2 2493 2831 3
4505 4462 3 3356 4432 3 5075 5238 1 4406 4868 5 2462 2672 3
4123 4222 5 1669 2328 2 1670 2111 1 4137 3866 3 2284 3139 5
3996 4419 3 3212 3972 3 2751 3280 3 2773 3743 3 2327 3063 4
4440 5021 3 4900 4703 3 2690 4692 2 4730 5453 4 2798 2850 4
2146 2927 4 2884 2286 3 1995 2455 3 2857 3522 2 2266 3133 4
3487 5038 4 4899 4038 2 3502 4272 3 3184 5114 3 3242 3147 2
2790 3585 1 2875 3230 5 2488 2041 4 2751 3429 2 2665 3658 4
3427 4305 2 2715 3530 4 2982 4108 2 3374 3123 1 2900 2595 6
3039 4638 4 3649 4086 4 2096 3987 5 2148 2441 1 2578 2001 3
3014 3338 2 4709 4055 3 3148 3804 2 2585 3311 3 2406 3617 4
4740 3916 2 3704 4177 1 3402 3774 3 3651 5065 4 1803 2933 4
1693 2392 3 2528 4193 3 3773 4088 4 2516 2224 1 3100 3846 5
2100 2454 2 3996 4247 5 2933 3871 2 3162 2821 2 1937 3435 5
2425 2658 3 2686 3300 3 2347 2857 3 2639 2875 2 2727 4209 6
1806 2731 3 2439 3110 2 3010 3051 5 2747 3642 2 2430 2401 3
2555 3376 4 2699 3640 3 3517 3316 5 2398 2673 2 2406 2551 4
3384 3972 1 2684 3326 2 3758 4645 5 3521 3184 2 3541 3887 4
3153 2561 1 3120 3399 2 3727 4281 1 3162 3279 6 3088 4444 4
3579 3845 2 2710 3811 3 3343 4254 1 3615 4744 6 3555 3572 3
3527 3552 1 3377 4020 3 3435 3441 4 3949 4519 4 3733 3283 3
3239 4633 4 3126 4258 3 3455 3948 1 2552 3613 3 3673 2243 3
2858 3442 3 2555 2838 3 3223 2272 2 2793 4291 4 2073 3006 5
3260 4021 5 2408 3366 2 2774 3928 1 2991 2802 3 3672 3041 3
3599 4142 3 2532 3254 3 2879 2595 3 3550 4324 2 1966 3489 4
3167 4360 3 1795 3647 3 2718 2646 2 2646 2932 3 4462 3988 4
3639 3286 2 3693 4414 4 3872 2568 1 1469 3819 4 2803 3376 3
2217 2795 2 4216 4236 2 3517 3472 2 3524 4376 4 3196 4773 5
2640 2762 4 3189 3282 1 2362 2808 4 2450 3226 3 2718 3245 4
3642 4339 4 2872 2917 1 3406 3605 4 3955 4603 3 3166 4652 3
3741 3427 4 2752 3237 3 3772 3603 2 3423 3565 1 3089 4624 5
4215 3202 2 3438 4633 3 2757 3447 2 3132 5232 3 4725 4538 4
3783 2977 2 2368 2402 2 3698 4781 3 4026 3391 3 3289 4380 3
3955 5364 2 2626 3703 3 3279 3603 1 3199 3107 5 2854 2616 3
3553 3208 2 3307 4752 4 3345 3026 3 2837 2597 2 2571 2836 4
5026 4236 2 4384 4491 2 4303 4789 2 3556 4651 4 4463 5420 3
2509 3167 1 3002 3444 3 3668 3722 3 3287 3367 2 3057 4271 6
3890 4258 1 4077 3488 2 4109 5195 4 3817 4404 1 4429 4643 4
4345 2924 2 3290 4050 4 3113 4733 3 3632 3318 1 2765 3619 3
2597 4369 2 4321 5881 2 4067 3959 3 5475 5304 1 4769 4843 4
4020 4059 3 3828 2986 1 2183 3583 5 3365 3347 3 3429 3570 2
2843 3676 6 3473 3484 3 4122 3875 1 2477 2395 3 3733 4727 2
3805 3305 4 4168 4848 3 3677 4679 3 3023 4645 2 4683 4100 2
2991 4477 3 1753 3349 2 4006 4007 4 2664 2926 5 4723 4217 2
3827 5327 2 3798 4789 4 3117 3473 4 3301 2880 1 2936 2960 4
3588 4281 5 4522 3453 1 4068 3674 3 3410 4643 2 3874 5163 3
3483 3990 2 3613 4410 2 3635 2737 5 2514 3273 3 2633 4216 5
3377 4413 2 4433 2936 2 2642 3520 6 3700 3827 2 2354 3051 2
3531 4865 3 2654 3735 2 5367 5611 4 2283 1736 2 3619 2805 4
3453 2232 2 3206 3237 3 2166 2683 4 2050 3119 3 2958 3658 4
2946 3776 2 3469 3256 4 4496 4850 4 3737 4691 2 3148 4055 2
2977 3211 2 4603 4743 2 2323 2881 3 4321 4683 3 4268 5151 4
3416 3779 2 4291 4698 4 2970 3440 1 2940 2239 1 3499 4551 6
2476 3124 5 2889 3082 3 1912 2867 2 3046 3474 3 1791 2651 3
2805 2272 3 2259 3932 3 2639 2673 2 2502 2751 2 2565 4234 4
2108 2729 2 2301 3204 6 3060 3323 2 2228 3113 3 3227 2063 3
4185 3014 3 3272 3361 1 5259 6091 3 2841 3725 2 3433 4534 6
4529 4466 1 4722 6393 3 4148 3753 1 5716 6003 2 4172 3065 5
3424 4558 3 4476 4244 1 2703 4799 2 3695 4849 4 4196 3433 4
3775 3442 3 3552 3647 4 3934 5163 2 3448 3780 1 3050 4022 3
4570 5681 4 4371 4819 1 4671 3816 1 3815 4114 3 4259 5516 5
4070 5350 4 3487 4758 4 4669 3981 2 3747 4101 2 3559 3611 3
3500 3472 1 4237 3652 4 3806 4811 4 2638 3509 2 2803 3783 4
3666 4018 6 2324 2747 1 3031 2802 1 3328 3276 1 2975 4732 6
3652 3357 4 3115 4026 2 2979 3738 3 2435 3202 1 2885 3697 4
3756 4411 2 3257 4003 2 3238 4070 3 2876 2959 4 3358 3693 3
3364 2772 5 3603 3952 1 3410 4264 3 4389 4718 4 2268 1992 2
2796 2915 4 3180 3858 1 3275 4827 5 3645 3578 2 4336 3799 4
2428 3077 3 2464 3102 2 3093 4283 4 3923 3874 3 3185 4068 4
4018 6168 2 4010 3159 3 3478 4499 4 5047 5029 3 4128 4690 2
4962 4087 3 3890 4439 4 3793 5325 3 3253 3239 3 2500 2888 2
3674 3959 2 2651 4243 4 3039 3272 2 3868 4106 3 3090 4017 3
3752 3897 4 3189 4475 3 4061 3378 2 3624 3262 1 3278 3470 6
4880 3594 2 3252 3221 1 3174 5012 4 2159 2660 4 3263 3917 4
1513 1637 3 3908 3119 4 2397 2462 3 2141 4325 2 3057 3874 2
3236 2555 3 2929 2273 2 2135 2950 3 2696 3771 3 3169 4892 4
2311 5042 3 4810 4509 4 3948 3194 1 4057 3360 4 3208 4125 3
3502 3547 2 4051 5344 2 4669 3483 2 4143 4341 2 4180 4875 4
2678 2645 1 4303 4726 2 3426 4597 4 3291 3880 6 2287 2962 2
5315 4582 2 4458 4694 3 2809 4634 3 4009 4174 1 3553 4050 3
3564 3045 3 3978 4700 2 3374 4248 6 3354 3439 1 3635 4688 2
2411 4661 5 2593 3086 3 2587 2621 1 2452 2094 2 2876 2698 5
4330 3669 1 2207 2791 1 2341 4462 1 4277 3707 4 2905 3489 7
3406 3381 2 3818 3447 4 2234 2789 3 2127 3554 2 3237 3543 4
3386 3505 2 3345 3976 2 3973 5604 5 3492 3801 1 3729 2884 5
2265 2647 3 1702 3814 4 3455 3140 7 1273 1877 1 1746 2135 2
3388 3566 2 3720 3326 2 3011 3363 1 4507 4434 4 3175 3488 4
3154 3463 3 2686 3891 3 3328 3665 2 2424 3555 2 3697 3170 5
3332 4462 3 3063 3227 3 2697 3763 2 2797 3756 4 3822 3896 2
3361 4182 3 1675 2282 3 3887 4184 2 4225 2986 1 2930 3884 6
3289 4132 3 2598 2702 2 3855 3896 3 3770 3583 4 3737 3479 2
3890 4678 2 3151 4341 2 4276 3073 3 3712 4784 5 1926 2718 2
3468 4803 2 4311 4425 3 4001 3520 1 2923 3876 4 5848 5376 4
4577 3432 2 3366 3115 2 2644 3333 2 1829 2363 4 2669 3881 5
3024 2993 2 3050 3658 1 2807 4299 4 2617 2838 4 2932 3755 5
4002 3726 2 4431 4791 2 3675 5598 5 2920 2658 2 3190 3694 4
3157 3360 2 3304 3332 2 4100 3546 4 4304 6067 5 2706 2316 2
3563 3578 3 3581 4453 1 2514 2871 4 3793 4040 4 1950 2669 3
3873 4789 2 4011 5460 3 3691 3890 3 3380 3248 2 3683 4206 4
4613 4515 3 2436 3477 2 3154 3709 3 2364 2440 4 3521 2926 3
3777 4955 1 2472 2813 2 4314 4529 3 5526 6383 4 3346 2802 2
4795 4371 2 2850 2208 1 4177 5909 7 3393 3549 1 2184 3224 3
3775 3060 3 3408 3775 2 3577 4747 3 3928 3480 2 3053 4590 3
2759 2834 5 2230 2519 1 2606 2945 4 2612 3008 4 2396 2937 3
3256 3453 3 3132 4147 1 3185 5194 4 2903 2903 1 3482 3813 5
3782 3890 2 3104 3858 4 3421 3877 4 3120 4048 1 2370 2869 4
3430 4073 4 4035 3344 3 3731 3805 2 2532 4274 3 4093 4280 3
3051 2978 1 3619 4299 5 2813 4466 3 2406 2151 1 3015 3804 6
3442 3588 2 3644 3809 4 2022 2175 2 2855 3375 4 2668 3608 2
2746 3876 4 2668 4177 2 3253 3505 2 2889 3866 3 4657 3941 3
4828 3446 3 2713 3491 4 3606 4354 3 3526 4430 2 2897 3097 3
4367 4035 3 4171 4805 2 3608 4901 3 4055 3892 1 4328 5397 4
3017 3884 6 3652 4234 2 3094 3822 1 3273 2592 2 2606 2870 4
3606 3356 2 3133 4181 5 3029 3378 1 5057 3896 1 3276 4455 5
3934 5500 4 2715 2542 2 3342 3188 3 2642 3077 4 2397 2278 2
4200 3202 2 2639 2942 2 2465 4108 3 3247 4199 2 3488 3384 6
5089 4358 2 3627 3695 3 3369 4114 3 2977 4246 2 3849 4460 4
2982 2999 4 3333 4391 5 2354 3557 2 3050 3440 1 3797 3556 3
3346 3145 3 2435 3554 3 3237 3606 2 3916 4124 4 3639 3968 2
3323 3732 2 3889 3673 1 5563 4814 3 2436 4124 5 3193 3687 5
3112 4075 4 2688 2774 3 2749 3309 4 2016 2667 1 3423 4498 3
3813 3735 3 2301 2155 3 3061 3190 4 3189 3663 3 2158 3188 2
3141 2909 5 1740 4076 2 3344 3259 1 4306 3865 3 2550 3625 4
2730 4587 2 1782 1739 2 3452 3576 2 3622 3627 3 2776 3282 6
3641 4878 2 2707 4155 2 4590 4358 2 3569 2647 4 3111 2853 3
3911 3875 3 3211 3553 2 3697 3833 4 3153 4672 4 3318 3412 4
4123 4119 3 3574 4215 3 3042 4009 2 3556 3534 1 3623 3611 5
3187 4685 5 3683 4230 2 1948 2324 1 4941 4173 4 3469 4103 4
3156 3525 1 3862 3951 3 3417 2734 4 2936 5304 4 2177 2526 3
3303 3085 3 4152 3860 1 2099 3683 5 2992 3306 3 3032 2940 3
3431 3550 2 3633 3172 3 2868 2894 2 2658 4405 4 2524 2813 3
3799 4163 3 3050 2873 1 3375 5573 7 2609 3043 2 2360 2069 2
2045 2157 3 2981 3789 3 2743 3486 3 3840 3870 4 3397 2819 3
3963 3898 3 2609 3647 3 3328 3633 4 3820 3626 3 2358 3048 3
4537 4499 6 4260 3279 3 2880 3839 1 2263 3140 4 3870 3655 2
1760 2314 3 3478 4457 5 2143 2412 2 2988 3264 1 3210 3539 5
3357 3748 4 5432 4282 2 3481 3829 3 2480 3212 2 2888 3645 5
4422 3510 1 3290 4248 3 3974 5528 4 4458 4360 1 3604 4189 5
3496 3584 5 4174 3491 2 1901 3859 4 3091 2797 3 1868 2251 2
2615 3500 2 2945 3657 3 3355 2871 4 3478 2487 1 2559 4788 5
2506 3553 6 2687 3615 2 2765 4519 3 2840 2293 3 2259 2459 3
4039 3398 1 2635 4293 4 4880 4439 2 3374 4501 2 2956 3766 4
2916 4052 4 1807 2171 2 3173 3173 2 3649 3489 4 3250 4183 5
3207 2897 1 3541 2922 1 4515 5158 1 2235 3313 7 2572 3186 5
2429 3405 6 2212 3168 2 2909 3118 2 3340 4224 1 3313 3111 3
5086 4488 3 3146 4010 5 3656 4011 1 3359 4462 2 3477 3666 3
3685 3436 1 3496 6077 5 2828 3745 2 4399 5874 3 5302 3570 3
2632 3258 4 2826 3487 1 3476 3943 2 3893 4254 2 4163 4020 5
2972 2874 3 2697 2562 2 3388 3301 1 2847 2521 4 2113 5123 7
3175 4004 2 3937 4415 4 1626 2819 4 3045 2548 2 3865 3583 3
3988 4324 1 2665 2420 3 4614 4303 2 3030 3915 3 2780 2675 5
3621 3931 3 4510 4350 2 3181 4929 2 3663 4578 2 4484 4270 4
2182 2615 1 1873 2220 3 3187 2983 4 2771 2641 3 2740 4579 7
2780 3208 2 3228 3178 2 3520 4078 6 2990 4035 1 3922 4031 3
4202 4005 2 2677 3132 1 2682 4411 2 2768 3251 4 3788 4375 5
4201 4590 3 4801 5191 6 4223 4148 3 3297 3822 1 3057 4325 3
3532 4932 5 3656 4482 2 3252 3061 4 2916 3872 1 3522 2795 4
3308 3882 3 4073 3900 4 3324 4186 2 3740 4349 4 2733 3689 3
2359 3439 2 4585 4995 3 3330 3472 3 3355 3776 2 3475 3061 3
2968 3108 1 3633 3776 4 3303 3679 3 3127 4674 6 4276 4456 2
2234 2090 1 4024 3709 5 3134 3373 1 3025 4242 3 2874 3206 4
4571 3800 2 3241 5300 4 2260 3230 2 3747 3142 2 3224 3824 4
4196 4129 3 2825 4362 4 3741 2824 2 2050 2728 2 3341 3866 3
4603 4831 7 2786 3478 2 3469 2838 1 3107 3999 3 2196 2358 2
4780 3737 2 3189 4126 3 4243 5021 2 2552 4335 2 3589 3813 6
3759 3990 2 3298 3229 2 2555 3727 4 3721 3823 3 2617 3575 4
3951 3908 5 4659 4411 3 2525 3880 2 3665 3711 2 2376 2345 3
3742 4115 4 3343 4301 3 3229 4212 3 3297 3375 4 3765 3780 3
3182 3623 3 2936 3141 2 3398 3660 3 2704 2379 2 3208 5291 6
3539 3289 2 2069 2045 3 2227 4091 5 2319 3036 3 3490 4287 3
1692 2150 1 2258 2988 3 3169 3743 2 3489 2885 3 3793 4493 7
3517 3946 3 3779 3976 2 3736 4461 3 2944 3786 2 2741 3117 6
3286 4135 2 3865 4480 5 2277 3087 1 4224 3601 4 2974 3421 3
3599 3726 3 3418 4243 3 2422 3816 3 3105 3073 3 2189 2634 4
3346 3952 3 3465 4646 2 4173 2666 3 3428 4697 2 3391 4140 4
4153 3864 2 4754 6114 5 3536 4291 1 2724 3160 4 3244 2880 2
2280 3056 2 3274 2921 3 3160 3845 2 3609 2763 3 2052 4302 4
4337 4308 3 4294 4943 2 3683 4551 2 4689 5491 4 2609 3174 3
3221 2900 2 3944 3470 1 2975 4391 4 2551 3687 2 2174 3354 6
2694 4081 1 3442 3105 1 4475 4250 5 3492 3244 3 2893 3512 3
3078 2780 3 3447 4651 1 3586 4533 4 3793 3383 4 3101 4584 4
3408 3766 2 3736 3831 2 4810 4100 3 4408 5173 4 4384 5497 2
3688 3210 2 3338 3373 2 3422 4215 3 4150 4634 2 2955 2824 5
3392 4241 3 4016 4140 2 3220 2804 3 3693 4783 4 3621 3247 3
4274 4847 5 3677 5201 4 3815 4441 3 5081 4200 1 3501 3555 2
3283 5201 3 3087 3170 1 3542 2908 4 4234 4487 2 3121 3736 4
3730 4019 4 3537 4589 1 3036 3787 2 3816 3613 4 3804 3845 4
3808 4933 2 5018 4712 4 4115 3988 4 2140 3358 1 4620 5571 3
2236 2849 3 3981 3149 3 2962 3392 4 4036 3750 3 1517 2774 3
4126 3426 2 3108 4067 2 3770 4688 4 2649 2697 4 2546 3126 3
3033 3105 4 3817 4289 3 2710 3177 2 3318 4126 2 3194 4470 6
4546 4468 1 4655 3485 3 3345 4156 6 3273 2949 1 2884 3998 2
2639 3370 3 4264 3965 2 4255 5775 3 3575 5246 3 3538 2484 4
2892 3609 3 3770 5000 3 4248 4559 2 3771 3088 3 3769 4040 2
3998 3821 4 3714 3765 5 3496 3541 1 2533 4381 3 2796 4025 3
3337 3645 3 3906 3394 3 2831 2698 1 3069 5284 6 2391 3062 4
1820 3309 3 4177 4539 3 3717 3418 2 3317 3874 2 2643 3909 5
3179 3343 3 3231 4677 4 3099 4258 4 3531 3733 1 3673 2968 2
3132 4129 2 2419 3086 2 3823 3862 4 4847 4710 5 2979 4104 3
2425 2577 2 2312 2389 3 3322 4586 4 3370 3929 3 3272 3758 5
3375 3897 1 2706 3683 2 3902 3454 5 3124 3588 3 3710 4109 3
3446 3296 4 2215 2654 5 2147 2211 1 4431 3098 1 2228 3908 4
1558 2852 4 2237 3384 2 2893 2852 2 3132 3602 3 3407 3871 4
3423 3144 2 3342 5337 3 4425 3634 2 4029 2901 2 3413 5493 4
3500 5571 3 2288 2766 4 3276 4213 3 3136 2934 2 1798 2751 4
2413 3220 4 2709 2841 4 2466 2215 2 2626 3875 3 1557 1859 3
3519 2819 2 2352 3412 4 3250 5025 6 2984 3570 2 2362 2490 2
2973 3925 3 2106 2925 2 3011 3881 5 2726 3961 2 3306 3823 3
3083 3018 4 4172 4301 3 3756 5124 3 3553 1718 2 2283 3845 4
3866 4333 2 2761 2797 5 2810 3391 1 3029 3387 2 3600 3674 4
4453 4309 4 4201 5788 3 3541 3697 1 4721 3845 1 3041 4836 4
2602 4386 4 4108 3806 3 2256 2014 2 3977 3851 1 2932 3581 5
1900 2570 3 1891 2748 2 3455 3715 1 3844 3513 4 2636 4953 5
3041 3029 3 3867 4247 2 2835 4023 2 2452 3944 3 4050 3398 4
3316 4220 3 3234 3347 2 3993 3380 2 2924 3313 3 3140 3589 3
4054 5053 2 3130 2959 3 2966 3521 1 3356 3908 3 3482 4003 5
2958 2267 2 2469 2199 1 2742 3573 3 3060 4212 4 2241 3222 5
3684 3478 3 3970 4380 3 3560 4038 4 3213 3785 2 3394 3772 3
2449 3718 3 3379 3808 3 2692 2484 2 3006 3319 2 3083 3831 4
2932 3545 2 3991 4174 1 3846 5336 3 2657 3009 2 3263 4004 5
3929 4450 2 3126 3316 3 3261 4766 5 3976 4433 2 2981 2701 3
1977 2789 4 2055 2718 2 2854 2930 4 2686 2223 5 2202 2817 2
3031 2735 3 3618 4087 3 1666 3113 1 4523 4529 3 2444 3285 4
4226 4475 5 2534 2575 3 2520 3560 1 3199 4425 2 4362 4585 4
1419 2957 1 3441 4430 4 3455 4284 4 2992 3337 5 1741 2657 2
4142 5457 4 3196 3666 2 3818 1869 2 2638 2866 3 3531 4214 3
3855 4163 3 1525 2320 1 3024 3717 3 3509 4257 5 3191 3636 4
3650 2883 1 3769 6146 5 3979 3798 1 3728 3904 3 2712 3587 4
3885 2921 5 3031 3452 3 3127 3429 2 2739 4056 3 3102 3846 3
3015 2547 3 2071 3221 2 3427 3653 1 3398 4206 4 3367 3476 4
3751 4811 2 4494 3780 2 4923 4089 2 3726 4437 3 3107 4065 3
2530 4595 1 2549 4705 3 5115 3374 3 3323 4211 2 5233 5014 4
4053 3363 2 4588 5092 2 3433 3576 2 3742 5031 2 2596 2958 5
2718 3520 2 3782 3749 3 3010 4397 3 2525 3990 1 4125 2672 6
1615 3005 5 3306 2494 4 2940 3441 2 2453 2240 1 4228 5588 3
3462 3522 3 3662 4832 5 3214 4291 2 3372 4256 2 2894 2999 3
2166 2882 2 2745 2055 3 3743 3930 4 2972 3071 2 2166 3657 5
3653 2683 2 2272 3758 4 3319 3984 3 3464 3999 2 3608 3435 2
2931 4702 2 3376 3018 3 2574 3016 2 4834 3470 4 3485 5533 2
2778 3769 5 3194 3230 3 2953 3499 2 3124 3250 2 3024 3365 4
3302 4145 3 2967 3118 2 4218 4096 4 3289 4452 2 2747 2981 5
1970 4423 2 3116 3037 2 3420 4082 3 3584 2728 1 3398 4284 6
5148 4104 2 3763 4005 2 3050 3420 1 2884 3388 1 3461 5394 7
1883 2131 4 4018 3517 2 2476 2811 2 3816 3929 3 2848 2607 4
1462 2844 6 2463 2430 3 2434 3271 4 1255 1107 1 2911 2889 3
2474 3041 2 4377 4163 4 2661 3590 2 3220 3818 1 2504 3684 5
3828 4446 4 3295 2843 2 2583 3973 4 2121 2982 2 3392 2998 3
2519 2752 1 3665 3426 3 3657 5275 4 2722 2838 5 3195 4144 3
4382 4749 2 2763 2906 3 3381 4168 4 2619 2594 1 3134 3789 4
5505 4587 2 1963 2356 2 4788 4547 3 1572 2430 2 2048 3418 4
3441 3658 4 3791 3644 2 3487 4200 2 3904 4066 1 3796 5258 4
2660 4386 6 2120 2365 2 3326 3231 2 3403 3820 3 3290 3702 3
3046 3221 2 3585 4057 2 2712 3927 4 4036 3650 4 4733 4343 2
4650 4393 2 2740 3853 2 3495 3737 5 2899 2408 1 1625 2410 4
2913 3583 4 3241 2965 1 2023 2211 4 3122 3335 2 2803 3213 4
5429 4838 4 4588 4273 4 3827 3665 1 3936 4793 2 3470 6546 3
2126 3608 3 1575 1978 4 2922 2660 3 2161 3631 2 2167 2089 5
3863 4801 3 2775 2748 3 3120 3698 2 3424 4630 4 3004 2288 3
4660 5378 1 3754 3747 4 2562 3257 2 3138 4093 3 3427 3654 3
3515 4183 3 3609 4048 2 3634 3409 3 2888 3567 2 4250 5200 5
3226 3148 4 1854 1314 2 4540 4625 4 2193 4001 2 2586 3124 4
1680 2705 1 2248 2709 4 2745 3090 1 4548 3482 7 2368 3807 4
4003 3522 2 2969 4516 2 3856 4861 3 4574 4964 3 4162 3964 3
4284 6024 3 4223 4423 2 2974 2587 2 4088 3325 2 3176 4959 4
3486 2962 4 2243 2427 3 2447 3490 2 2966 2933 1 3053 3462 5
3806 3463 4 3723 3620 2 3587 4088 1 1745 3248 3 3411 4117 5
2656 3113 2 4272 3878 2 3905 4103 3 2694 3362 2 2826 4142 5
3880 3909 2 2639 3656 4 3762 3765 3 4423 3612 4 2526 3297 2
3514 3763 2 2706 3402 2 2956 4685 5 3660 4041 1 4577 3991 4
4608 3841 1 1660 2126 1 4367 4931 3 3222 4988 4 3848 4889 5
3692 5555 8 2171 3003 2 2534 2808 2 3825 3461 2 3073 2676 3
3038 2674 1 3912 4986 3 3503 3888 2 3554 3428 1 2165 3544 8
3989 2810 2 3101 3685 2 2735 3603 4 3608 4042 1 4121 5154 5
3608 3331 2 4020 4015 3 2771 2487 1 3915 5611 5 2459 3284 5
4251 4092 1 2890 2959 3 2556 3661 3 4090 5222 2 2063 2885 6
4091 4065 2 3986 4594 2 5260 4232 2 5437 5345 2 3032 3894 6
3570 3773 3 3585 4060 1 2630 4055 4 3912 4325 3 2700 3786 4
3821 2927 2 2701 2952 1 2829 4015 4 2991 4842 3 3094 3356 7
3227 3167 4 4669 4885 1 2981 3788 2 3293 3181 3 3178 3691 4
3399 3584 1 3408 3855 2 3945 5404 5 3693 4253 3 3247 4058 3
4307 4520 4 2409 3045 2 2969 3900 4 3728 3313 3 2293 3071 2
3675 3956 2 2647 3552 1 4114 3992 7 3032 2762 3 3805 4043 2
4105 3575 2 3472 5085 3 3149 2666 1 3468 3442 3 3189 3617 7
3755 2967 3 3186 4322 2 3965 4247 4 3381 4752 2 2588 4211 4
3263 4153 3 3831 4975 2 2681 2287 4 3945 4221 1 3432 4264 3
3154 3814 5 2800 3069 4 2546 3271 1 2238 3884 4 1306 2387 3
3819 2781 2 2232 2994 1 3200 2763 4 1024 1816 3 3195 3764 8
1866 1908 4 3853 4143 4 3852 3866 2 3605 4045 3 2112 2788 2
2633 3805 3 3844 4394 5 4423 4592 3 3007 2967 2 3964 3981 4
3053 4894 4 2195 3887 1 4750 5045 5 3603 2696 3 3238 3195 3
3674 3533 4 3946 4084 1 4897 5126 3 3354 3504 2 3676 5303 3
3290 4823 5 2243 2551 3 2787 3398 1 2265 2065 1 3019 3679 6
3607 6037 5 2992 2972 2 3413 2607 1 2772 3621 4 2405 2661 4
3582 3535 1 3541 4093 3 2461 3348 3 3489 3642 1 2774 4118 6
2636 2895 2 3475 4462 4 3108 3449 4 2534 2886 3 3175 3790 4
4507 4393 4 3329 4529 1 2902 2772 2 3942 3873 2 3137 3025 5
2885 1927 1 3067 2536 3 2841 3847 4 3967 4666 2 2804 3453 4
3516 3131 3 2878 4191 2 2332 2738 3 3241 3119 2 2606 2683 4
3988 3227 1 4011 3614 3 2262 2515 2 4074 5593 4 3083 4388 3
3495 3687 4 4068 3701 2 3586 3726 2 3484 3869 3 2420 3753 3
2354 2935 1 3521 2153 1 4021 4585 4 3642 4640 2 4026 5197 5
2502 3092 1 4190 3874 3 3652 3939 2 4328 5957 2 3371 4638 5
4287 2896 4 2565 3473 3 3698 3549 2 2495 4866 2 2822 3561 4
3028 2298 3 2933 4086 2 2533 2670 2 2871 3658 3 4513 4893 4
3413 3132 2 4251 5604 4 3394 2875 2 4232 4215 2 3489 5311 4
4237 5564 3 5253 4006 2 2964 3584 1 2659 3206 2 4794 5067 5
2464 3518 2 3464 4686 1 4392 4545 3 3245 3402 5 1879 2522 3
4552 4185 5 4273 5464 2 4159 3411 2 3767 4077 2 3508 4738 3
3616 3575 2 3482 3958 2 3142 4403 2 3926 4406 5 2028 2173 4
2324 4531 4 3790 4127 2 4206 4026 2 2927 3678 2 3296 2962 3
3428 3876 4 2576 3700 4 2973 4096 1 3424 3931 4 3194 2418 3
3622 4553 2 4984 5180 3 4922 5342 4 3213 3898 1 4281 4372 3
3145 3105 1 4184 4608 4 3197 4302 2 3645 4268 3 3192 2460 4
3403 2685 2 2678 3161 3 3394 2920 3 2647 3450 4 2924 4600 3
4141 4654 3 3457 3840 2 4146 5079 3 3846 3420 2 3695 3314 5
2153 3142 2 3710 4132 4 4196 4266 3 3162 3292 3 2674 3896 3
2075 1672 2 2800 2952 3 1904 2070 2 2951 4590 2 3851 4589 5
2145 2793 3 3399 3478 4 1725 3114 3 3412 3375 5 2094 2715 2
4764 4374 3 3536 4075 3 2557 4078 4 2726 3933 3 3759 3149 2
1676 3040 3 1971 2491 2 3562 3530 4 2700 2608 2 4291 4714 4
3168 4889 3 3716 3573 2 2117 2924 3 3755 4508 3 3255 2134 4
3222 3485 5 3342 4270 2 2200 3142 2 4173 3440 3 2994 3305 3
1340 2936 2 3202 3520 2 2409 3460 4 3749 3385 5 2666 2841 4
2020 3837 2 3775 4140 4 4421 4444 5 3539 3767 1 2872 2992 3
3860 2810 2 2997 3865 2 3876 4526 1 4120 4853 3 2855 4116 7
4613 5157 2 2257 2938 1 2894 4112 3 3925 4417 4 3238 2886 3
3194 3024 1 2287 4225 5 2811 2119 1 3207 3120 4 2874 3388 5
1391 2050 3 3948 3767 1 1899 2941 2 2507 3652 5 3712 2663 5
3827 3433 3 3306 4717 2 3970 5234 4 3413 3778 1 3328 3597 5
2950 2627 2 3321 3958 3 3416 3901 2 3993 4671 3 4119 4348 5
4575 5538 2 4601 4130 1 4060 4423 2 3835 4408 4 4481 4405 5
2375 3784 3 3104 2389 2 3367 4228 2 2958 3025 2 3155 3912 6
2698 3199 3 3924 5962 6 3525 2681 1 2935 3869 1 1770 2121 2
2809 2849 3 2342 3213 3 3073 4701 5 3593 3403 2 1845 2797 2
2265 2681 5 4064 3889 2 3004 3000 4 4082 4932 3 1629 2414 2
2694 2602 2 3913 3329 1 3027 3953 2 3416 2973 4 2548 3591 7
2914 2901 3 3997 4542 4 4587 4816 5 2518 2615 2 2496 3960 3
3541 4016 3 4292 4345 1 3332 4153 3 4061 4244 4 3202 3986 5
3258 3411 1 4771 5276 7 3560 4226 3 3637 3792 2 1353 1682 2
2942 3102 4 1731 3780 5 2893 2737 2 4567 3926 1 3636 4438 3
4171 3647 6 1998 2461 1 2364 4318 4 3204 3538 1 3019 2945 3
3483 4308 3 2927 4117 4 4243 3243 2 3463 3326 3 4178 4812 3
2770 2616 2 2778 2580 1 1814 2062 3 3277 4135 4 2598 4090 5
3124 3728 1 5174 4591 3 3392 4240 4 3238 4432 3 2242 3096 2
4262 3398 2 2422 3765 2 2996 3375 5 3173 3642 4 1895 3214 3
3316 2237 1 2792 3968 3 2646 3631 4 2499 3492 2 3179 2985 5
1778 2099 2 1585 3181 4 3333 2757 3 4484 4052 5 2279 4371 4
4379 4332 3 1943 3076 3 3600 3585 2 4303 4953 2 3321 4510 5
4849 4183 2 3548 4727 2 3598 4317 2 3831 3455 1 3876 4923 5
