4909 4469 18 4764 4963 26 3673 3911 11 5333 7247 33 4911 5222 20
3092 4824 18 5797 5677 29 3547 3266 6 4490 4826 16 4081 5363 36
3979 3743 18 4166 4168 21 3661 3728 8 3282 4426 16 4733 5433 29
6394 4581 14 3800 5213 14 4365 6278 27 4215 5236 24 5234 4565 21
3616 4759 22 5393 4952 28 3933 4343 15 4180 4367 20 3631 4193 19
3350 5103 23 5108 6040 24 5242 4754 23 5214 4218 22 5735 5227 28
5343 5250 21 4699 5281 16 4693 4167 23 5486 4617 29 3745 4903 14
4112 4169 11 3243 3851 16 3806 4566 24 3981 4358 8 5459 5795 23
3041 4125 25 4070 3951 16 3711 4072 16 4228 3883 26 3874 3211 11
5045 3788 22 3497 4931 20 3141 4355 13 4064 5618 32 3980 3460 9
5678 6013 29 5016 5946 22 5291 5376 14 3467 4741 26 4160 4302 17
5118 4447 25 5057 5390 22 5945 5537 22 4171 4603 18 3552 4540 22
4284 4154 18 5398 6310 31 6209 6398 25 4231 4645 20 3869 4234 18
3726 3706 18 4780 5338 24 6199 4263 22 3577 3799 14 3694 5465 30
3306 4750 13 4265 3097 16 4435 4425 16 4264 5214 35 3252 4246 15
4167 6020 21 2975 3757 12 4168 2777 13 5481 6314 32 4780 4348 19
4364 4086 17 5042 4392 28 3482 3532 17 3517 5310 28 3131 4468 18
4430 5206 13 6196 8041 35 3074 3088 10 5011 4983 12 3858 3460 20
3289 2940 15 3705 4634 19 3850 3577 13 3251 5423 33 3518 2713 13
5118 5648 25 3912 4108 12 4628 4826 25 5055 5218 23 4066 3924 21
4514 4220 23 5079 4402 17 3561 4436 32 3995 3579 14 4263 5651 21
3293 3768 9 3344 3082 8 2355 3134 11 2725 4977 35 3005 3407 15
4994 4387 22 4539 5332 24 4344 4401 15 2587 4002 11 4115 5493 25
4622 3997 20 4619 6493 29 4273 3757 22 3954 4746 13 3805 4073 15
5912 5363 22 6007 5906 28 4888 5696 25 4787 5429 15 5686 5736 22
5913 5080 14 4506 5232 15 4018 3891 8 4124 5253 17 6098 6334 39
3907 6021 25 6832 5290 27 4214 4616 22 5961 5717 19 3707 3765 25
3986 3122 15 3447 5138 27 4724 4533 21 3987 4023 10 3478 4968 28
4758 6106 22 5680 4590 15 4597 6936 30 4863 3852 22 4215 4328 15
4376 3094 11 3800 4704 17 4135 4105 20 3423 4525 35 3800 4816 17
4598 5639 33 4022 4104 19 5676 5777 24 2625 4901 15 4776 3929 12
4687 5315 22 4149 4160 22 4741 4994 22 3217 4068 14 4048 3783 18
4876 4703 15 4073 3142 15 3539 6202 32 5104 4484 16 4552 5878 21
4678 4813 21 6540 5844 30 4524 5876 32 4502 4697 26 3579 4904 19
2762 4963 27 3411 3558 6 3492 3740 12 2852 3635 18 3945 4089 22
5028 5931 24 4847 6131 31 3894 3689 11 3050 2843 11 3946 4414 15
3699 3516 12 4655 4084 29 4032 5401 17 5331 5750 21 5681 5460 25
3765 4901 22 3915 4248 12 5193 4997 29 4556 3803 14 4416 5619 21
4383 4835 28 4089 4135 11 5274 5380 28 4425 4792 16 4561 5368 20
5654 5457 28 4155 5326 23 4777 4081 16 3483 3880 23 3701 4270 11
4610 5291 21 4754 5973 19 4523 4083 7 4941 6980 33 5703 5647 24
5277 5539 19 4775 5032 15 5195 5518 18 4887 4419 19 3688 4656 30
4102 4425 19 4832 4686 15 4404 4662 25 4001 6064 31 4800 4542 18
5127 4090 23 4820 4943 13 4503 6060 26 5635 7352 35 3725 2794 12
4065 4134 27 3045 5925 25 4721 3202 12 4451 4596 16 5203 4894 26
4141 3947 18 4513 4081 22 4794 5768 28 2238 3785 24 3492 4013 13
4825 4988 23 5260 5582 32 3937 3939 14 4588 5243 23 5699 6237 24
3018 4019 15 3739 3119 21 3699 6370 31 3831 2557 6 3968 3106 11
5403 5416 30 4811 5211 22 4911 4926 22 4606 4341 18 3908 5543 19
3298 4423 20 4060 4774 19 4955 4767 30 4299 5585 22 4867 4673 20
6186 5354 21 3945 5445 13 6136 6160 33 5379 5181 21 3276 5559 27
4231 3943 15 3836 3889 16 3176 4735 30 3325 5258 24 4722 4471 26
4491 5530 25 5957 5700 25 4485 4504 19 3872 5166 27 6579 3966 20
4963 4675 20 4362 5872 28 4972 5166 24 5569 5974 23 4365 4839 14
4287 4172 23 4304 5530 26 4029 4807 22 3907 3075 15 4468 5332 19
4451 4841 10 2744 3556 6 4391 4479 24 3280 4268 11 4251 4575 32
5684 5707 18 4459 5228 24 5239 5310 30 4653 5034 20 5395 5210 14
4742 3540 10 4137 6040 9 5641 5687 30 5742 5871 16 6102 7314 31
5460 5721 27 4782 5610 26 6499 6357 23 3320 3779 14 4047 4526 18
4910 3479 17 4495 4486 18 3680 6929 30 3658 3816 18 5066 4984 26
2986 3449 18 3899 4247 15 5212 4791 16 3912 5974 30 4101 3722 16
4842 6215 30 4642 4061 18 5398 7158 29 4451 4440 17 4264 5375 21
3288 4091 14 4583 5825 16 6104 5931 30 3602 4124 16 5308 3624 23
4871 4910 25 3114 5194 22 5401 5394 24 5508 5516 26 4753 4877 24
4821 3992 17 4658 7011 37 3953 4707 15 5508 4541 25 3054 3609 10
4789 4753 27 3192 3360 7 2958 3003 10 4579 4404 20 3585 4765 22
4419 6182 27 3972 4416 17 5578 5455 21 3897 3072 8 4887 5542 29
5609 5347 27 5415 5205 24 4668 6526 33 5719 4812 23 3962 4781 20
5838 5069 16 5829 7227 32 4589 5234 22 4829 5731 14 5213 5678 21
4779 4051 25 4984 6713 32 5594 6936 26 3825 3216 11 4180 4001 16
3955 4984 31 4940 5259 17 3880 4507 18 5397 5131 25 4753 4285 23
4868 5365 23 4810 6039 24 4728 3237 17 4447 4604 20 3290 4120 13
3939 4046 18 5379 4797 24 5193 5432 32 2422 3594 8 5124 4433 18
3797 3315 15 3443 6465 35 3556 5331 22 4426 3813 17 5624 4944 19
5212 4861 33 5932 6265 31 4471 5978 18 4447 4211 17 5191 5579 22
4147 5355 24 4072 5237 25 3057 4069 14 4496 4563 21 5083 4014 23
5645 4960 26 5019 4324 21 4844 5307 16 5825 6186 33 3201 5682 20
4953 5377 23 3822 4662 18 4204 3678 14 3382 3879 20 4939 5625 30
3926 4342 19 4492 5146 19 5134 4946 22 5222 4870 18 5271 6193 41
4307 4410 21 4213 3516 18 5076 4872 19 3559 5803 20 4067 5498 33
4136 4356 15 5318 5539 23 3773 3348 18 5002 5530 28 4305 4684 23
5550 6534 26 5161 5307 25 3897 3803 12 4990 5424 29 3534 4951 19
3384 5079 22 3355 4033 16 4090 3778 18 3913 3805 14 4552 5395 31
3223 5459 27 4427 4761 19 3976 4673 20 3880 3381 21 3963 3435 17
4711 6354 23 5759 5547 26 4893 4263 13 5279 5431 24 4000 5013 16
4081 4172 17 4577 3471 13 4775 5523 23 4880 4516 23 4728 6368 19
7428 5488 23 6224 6846 31 5027 4747 15 4120 5640 12 5281 6703 31
5576 4622 22 2791 3590 19 3831 4860 28 2593 3393 15 2912 4028 22
3340 4471 14 6235 5562 28 4564 4821 23 5148 4328 18 4778 5729 28
3363 4976 16 4554 4926 13 6862 5066 24 5086 5970 28 4230 4978 23
4225 4613 24 3648 4932 34 5052 5652 20 3173 3108 7 5925 6353 22
5151 6290 26 4602 4690 15 4215 3406 19 3865 3493 13 5064 5608 28
4735 4873 17 5602 4746 28 4596 6034 24 4630 4077 21 4864 4931 18
4560 5029 21 4811 6412 35 4906 5299 28 5162 4113 15 3484 3365 7
6033 5395 20 5638 6924 31 4477 4505 16 4861 3203 12 4208 6382 31
3607 4843 22 4855 5282 22 3946 5051 23 4594 4432 31 4308 3457 14
4857 4926 15 4060 5070 30 3569 3959 15 5548 4469 16 3685 5570 25
4015 3994 15 3110 4487 36 2745 3955 10 4032 4179 10 2919 3337 9
5582 5192 26 4387 5175 28 3228 3749 17 4001 4207 11 4725 5482 21
5092 5124 39 3532 4007 15 4418 5591 17 5752 6046 25 4641 5097 26
4235 5780 25 4448 3748 25 5128 4435 21 5236 5167 18 4374 4930 19
3704 3069 12 4487 3359 15 4006 4942 32 2837 3370 16 3043 3702 13
4936 5603 18 5135 6024 36 5460 4094 22 4698 5943 16 3775 3481 9
3318 4077 23 5446 5284 19 4606 5210 18 5304 6222 34 5152 5477 28
3820 3974 15 6068 5218 30 3576 5764 24 2290 2656 6 5559 5025 22
5736 5425 26 4377 5634 26 4761 5694 25 3990 3717 16 4666 4795 16
4820 6370 24 6910 6343 23 4115 5116 18 4388 4896 22 4562 4976 27
4487 5463 15 4631 4979 29 4892 5017 18 3632 3665 9 4777 5977 25
5919 5304 18 4520 5127 17 4765 4003 21 5440 7270 32 4976 4519 22
4714 3556 17 5574 5878 16 4296 4743 20 5523 5757 25 4006 6283 35
3849 3991 16 3841 4533 19 4818 5643 22 4025 4637 28 5222 5105 21
4609 3761 15 3566 4089 18 3672 5727 33 3678 3595 13 4652 5307 22
2028 3083 14 3729 4448 21 3804 4206 26 3363 5141 28 4649 4104 16
5058 4706 21 3354 3063 12 4330 4831 16 3928 4398 20 3701 5131 33
4050 4878 20 3246 4949 30 3657 3270 10 3670 5034 23 4574 3691 10
4455 5061 24 3470 4054 11 3881 4486 16 4997 3572 18 3536 5467 34
3191 3361 15 3143 3637 13 4173 4365 27 4174 5471 26 3812 3681 16
4420 3538 15 4134 4611 20 4140 4648 18 4644 6480 24 5962 4718 33
4719 3845 17 5391 3313 15 3875 4773 18 2710 4821 19 3641 4641 28
3829 4232 33 3626 3771 16 5101 4536 20 3970 6020 23 3631 4696 14
4904 5661 17 3541 5369 18 4786 5087 19 6275 4952 25 4809 6134 28
2977 4124 17 3469 2906 14 4258 3435 21 2754 3947 20 2873 3311 25
4656 4582 20 4647 5561 18 4987 5887 24 6130 5172 27 3307 4774 25
4590 5050 11 3769 4088 9 5546 6075 31 5114 5083 13 5178 4842 23
2896 3395 17 4840 5153 22 5484 4569 28 4275 5132 24 3712 3697 18
3115 4250 14 7307 7510 34 5577 4051 18 3690 5634 22 6899 5695 28
3855 4448 10 4410 4789 25 4211 4394 21 4929 6071 27 4009 3563 11
5606 7474 33 5046 5136 19 5809 5703 33 4418 5793 19 5413 4106 10
7112 6763 27 5711 5166 21 3801 4935 25 4535 4416 18 6041 6345 18
3769 5096 26 2737 2956 8 3447 5161 27 4726 4083 19 5024 4957 21
4921 5449 23 3721 5287 23 5091 4387 20 4254 4576 26 5052 4064 14
4126 4133 16 5271 5428 32 3024 4070 18 3640 4507 11 5340 6137 27
4346 5537 24 4739 5030 12 4374 5568 28 5297 5257 25 3682 4181 24
3383 3294 15 3072 4254 17 3444 4006 13 5124 3368 14 5156 5519 43
4932 6676 22 6124 5142 25 4439 4430 9 4559 4638 18 4484 5153 28
5685 6977 34 6358 6184 19 5627 5046 18 6197 5333 25 3208 4431 19
4274 4479 15 5280 4979 19 5044 5430 20 3343 5405 31 5486 5470 25
3044 3230 13 4131 4197 21 4075 4438 26 3774 3660 14 3176 3630 21
4348 5024 14 4329 7290 44 4740 4414 13 4423 4423 17 5423 5402 20
5083 6235 29 3939 5679 17 4381 5469 18 5110 3767 21 4694 4992 21
5690 5570 25 3390 4586 20 6838 4690 22 2255 3856 15 3825 4911 25
5109 4722 20 5329 4365 19 5359 6451 24 5808 5698 25 3775 4580 24
4535 3910 17 5208 5400 24 4063 6381 35 5291 5778 25 3993 3432 15
5881 4991 26 4843 6965 27 3742 3150 11 4632 4958 24 5092 5526 27
5228 4803 12 3917 4195 14 4866 5619 25 4247 6015 31 4905 4764 26
4267 3907 19 3112 3828 11 6337 3743 20 3725 6139 24 4092 5081 27
5188 4105 20 4560 5545 31 4528 5272 14 5397 5621 22 3970 4515 25
4228 5118 17 4904 4705 15 4083 5002 20 5993 5484 28 3831 4595 19
5931 5622 30 3724 4456 26 3882 4421 11 3136 2619 12 4860 5781 20
4106 6858 26 2782 3048 8 4128 4243 25 5925 5776 29 4926 5069 16
5162 5090 23 4777 4279 20 3822 4593 19 3920 4888 24 3410 4511 17
4797 4003 13 4700 5668 27 4069 5125 16 4567 5329 20 4861 4813 22
4310 4797 15 5350 6840 36 5655 4661 18 2995 4534 24 3792 4219 21
2709 4681 20 4622 4266 21 3715 4706 37 3500 5273 21 3560 2748 14
5175 5401 26 5188 6621 35 4943 4967 19 3861 3092 9 3910 4828 15
3846 5156 22 3578 5674 26 5225 4814 27 4503 4200 7 5642 5590 23
3890 5884 21 4454 4402 16 3963 6075 25 5000 5963 26 5647 3469 13
3202 3213 15 3587 4136 14 5160 4703 14 3674 3868 9 2647 5003 40
4314 5442 23 4178 3688 17 4933 4483 18 4133 4820 22 5048 4168 20
3231 5787 36 2161 3220 6 3770 2505 10 3456 3420 11 2610 3811 17
4130 6064 30 4200 3970 19 3213 2826 12 3999 3409 19 4141 4859 26
4564 4521 23 5727 4436 20 5553 6971 22 5721 5485 20 4663 6065 31
4522 4810 17 3970 3661 16 3730 5359 32 3696 2861 15 4277 5208 15
2864 3781 12 2943 4308 14 5255 4396 28 2725 2766 18 2843 3557 21
5283 5245 16 4050 4257 22 6749 7237 34 4826 4782 23 3039 3201 8
2647 4674 22 3612 4902 17 3403 3350 12 3939 2943 16 4113 4755 30
5216 4575 31 3400 3190 13 4851 5936 28 3118 4007 14 3038 4289 10
3434 4271 20 4655 4755 21 4501 4638 24 3921 3081 15 4833 6194 23
3953 4576 16 4058 4837 26 5309 4859 25 3478 2850 8 2425 3325 14
5646 6780 30 4342 4084 23 4197 4752 14 3794 4449 21 4823 4487 17
4162 4871 18 5786 4311 25 3632 4478 26 4394 6365 18 4374 4775 24
4297 3762 18 4211 6285 35 4345 4618 18 5004 4609 23 4749 4243 24
3578 5127 16 2606 3365 18 5813 5189 14 3793 3457 19 3979 4914 24
3267 3278 15 3138 4817 26 3329 4025 15 5043 4003 15 2483 4199 23
3845 3473 10 3311 6286 32 4511 4526 16 4914 4022 16 3079 3781 15
5890 4813 23 5290 5215 26 4777 5975 26 4320 4774 16 6235 6284 27
4873 4658 24 5484 4998 28 3187 5212 20 4316 5244 17 4979 4761 10
4315 5262 14 3398 5734 32 5051 4180 20 3982 4618 23 4725 5107 22
3689 3690 14 5285 4744 22 4035 5112 18 3812 3823 11 3989 4522 32
6422 6413 29 5205 5855 32 4596 5319 19 3729 4547 14 4273 4727 26
5211 4594 13 4449 7060 33 5123 5559 36 3433 3857 10 5460 5552 24
3250 3920 23 5446 5958 25 4666 4572 24 3178 2720 6 3938 5161 33
4654 6239 32 3248 2856 17 2770 2471 17 4636 4562 21 2959 4110 15
2472 4427 19 3925 3357 12 4994 3898 24 3006 3755 24 3383 4688 14
4397 3015 14 5176 6402 31 4678 5320 21 3022 3475 12 5008 5553 18
4472 3264 11 3713 4829 22 4650 4051 19 4099 5022 20 3698 4518 20
3756 4308 24 2263 3545 6 5203 4048 15 6198 4418 24 5412 5699 23
6994 7110 32 4703 4492 23 3512 4738 12 4265 4435 18 3269 3326 16
5319 4853 19 3191 4826 38 3899 5082 13 3347 4612 18 6119 4953 21
3034 3743 12 3587 5907 36 3376 3421 14 3724 3191 14 2808 2824 8
3292 3312 12 5135 4969 28 3764 5194 22 5154 4704 23 4665 6053 29
4765 4594 26 2824 3471 13 3128 3544 12 4083 2679 10 3705 6514 41
3020 2998 15 4245 4814 26 3467 4791 24 2650 5205 19 4105 4005 10
6130 5709 27 4942 4984 22 5040 5261 29 5734 6544 22 3161 3941 14
4241 6151 29 5507 6042 30 3796 3858 9 4269 4553 17 3657 4054 19
3284 4647 8 4969 4610 24 5639 6657 32 4662 4000 16 4362 3855 14
4442 4573 25 4103 4802 16 5021 5540 22 5861 5098 24 4603 5710 24
4728 4893 20 3943 2771 16 3897 3707 27 3748 5501 24 3355 2794 17
5432 5548 23 4522 5555 23 5887 5962 19 4727 6227 25 4332 4056 16
3682 4351 17 2917 4312 21 5223 4913 19 6000 6593 36 4347 4754 16
5901 5209 12 6694 7152 32 5876 7036 25 4326 4129 14 4412 5970 26
4572 4389 18 4840 5273 19 4336 3871 15 4128 4301 32 4134 5738 11
3417 3490 8 3043 4803 25 3845 5582 33 1848 2547 7 3907 3628 16
4650 5858 20 4226 4288 24 6347 5273 18 5460 6231 22 5360 5758 24
3321 4720 26 3799 3960 20 4162 3434 18 2902 2923 13 3075 4078 18
4421 4142 19 3428 4452 14 5846 5921 31 4610 5107 22 5155 5384 22
3318 5303 23 4003 3942 22 4401 5306 21 5813 5757 24 5481 4595 21
5300 4978 21 5508 5803 23 4912 7717 36 5655 4818 22 4639 4568 21
3685 3332 12 4245 5348 24 4777 5820 27 3624 4028 22 5472 5400 30
4153 4868 22 5018 6377 31 4167 4263 22 3900 3952 16 5505 4261 18
4616 4172 11 4893 4433 22 5104 4869 24 3270 3672 15 5119 5671 23
3893 4023 13 4691 5017 24 4267 5254 25 3754 5206 34 3299 4016 18
4729 5826 40 4059 4773 14 4477 5225 12 4349 4351 12 4267 3872 10
4925 4888 22 6270 5109 25 5299 5587 19 5403 5930 14 3309 5035 22
5946 4799 22 5136 5028 13 5065 5573 28 4744 6418 16 3901 5158 26
4343 3082 18 4254 4327 16 5062 6282 32 3590 5019 25 4135 5150 22
5447 5001 26 5131 4610 16 2325 2258 12 4390 6896 31 3267 4528 24
3410 3504 15 3279 4106 24 4039 5505 32 3526 4641 18 4018 4309 25
3828 3686 12 3550 5764 31 5053 4307 18 4192 4760 18 4350 5213 19
5321 4778 22 4598 6230 32 4839 4411 15 4817 4521 16 4947 5792 17
4872 6048 35 4951 5281 22 5691 4992 17 3916 4767 21 3967 3360 10
2992 3691 12 4988 6016 28 5354 6504 27 3498 3700 17 4734 4742 21
4475 3222 7 3867 5240 34 4698 4372 19 2579 3893 12 5118 6231 19
4054 6215 16 5013 4848 18 4818 4576 22 3178 4058 12 6102 5815 32
4984 5303 25 3753 4515 15 4463 4564 24 4114 4527 21 4245 4404 19
3023 4123 22 4550 4246 18 4422 3129 12 4815 5280 24 5418 5650 26
5086 5114 21 4454 5351 20 5765 5208 27 4417 5708 24 6049 5469 18
3691 4793 20 3438 4859 27 2322 3053 7 4889 4094 24 3229 2972 13
3252 2520 13 5481 5750 27 2834 3415 13 3642 4573 33 3909 4026 16
4375 4361 21 5409 5064 21 2766 6690 38 2719 1848 6 4586 3505 12
3970 4518 17 4500 5181 25 4975 3800 15 3938 5103 15 4426 6411 31
5247 4670 18 4999 6127 28 5052 5049 16 5042 5440 24 5289 5064 28
5014 4677 23 3540 3173 6 4594 4405 24 3269 3678 19 3425 4948 25
2837 6098 33 4881 4702 20 4387 4904 19 4253 3721 11 2558 3658 6
3358 6242 35 4722 4312 19 4059 3644 14 4581 3839 18 4529 5016 24
5151 6202 30 3864 4974 21 4584 3502 16 3297 3334 20 3230 3405 12
3576 4400 12 4098 4823 10 4332 4659 13 6062 6318 34 5332 4695 20
5252 4337 25 4589 5426 11 3495 4135 27 3557 4315 15 2787 3879 16
6249 4824 24 4580 5713 23 4407 5454 30 4067 4444 17 4705 4695 18
3587 4000 16 4833 4431 18 4346 5831 21 4991 5564 27 5442 4646 25
4064 3479 15 5124 5803 25 3059 2852 10 3617 5506 34 3049 3595 11
4470 3410 8 3308 4698 15 2916 4953 27 2614 2437 16 4181 4617 22
3018 3952 28 5496 5110 20 3935 4905 19 4715 4831 18 4344 2911 12
4433 4229 11 5949 6507 29 4679 5818 19 4096 5955 23 6418 4691 25
4992 6593 20 3270 5380 31 3462 3253 8 4932 4262 16 3452 3092 13
3433 4840 28 4245 5418 24 4652 4932 17 4360 4048 18 4795 4801 26
3796 5638 27 4754 5480 23 4995 5752 22 6106 4232 18 4787 4286 21
3886 3874 13 5429 5961 26 4865 5391 24 2972 3821 6 4053 4136 12
3994 3733 20 2963 4426 30 2932 3029 11 3755 3881 12 3806 3813 16
3994 5324 21 5670 4951 22 5093 5417 15 5516 5571 28 5567 6982 26
3325 4383 17 3699 3450 13 4769 5440 22 4548 4619 20 3256 4522 21
5143 6946 26 4815 5066 15 3248 3527 17 4632 3820 20 3425 4160 24
5895 4788 21 4996 5901 23 4295 4926 20 3220 3326 18 5473 6372 25
4218 3783 13 4310 4833 17 2898 5342 26 5135 4355 14 4729 4599 19
3404 2776 8 3023 4888 31 3861 3786 18 1752 1674 8 3421 4782 22
5153 5350 21 4377 3561 12 5162 3945 17 5251 6591 23 6232 7183 34
5974 5537 32 4125 6627 27 3734 4262 17 5008 6202 20 4741 3865 16
4812 5173 21 5533 3699 26 4522 4747 15 4555 5430 24 4914 6622 25
5608 5004 16 6677 6524 23 5722 6978 25 4658 4756 22 5208 6300 30
6222 4431 26 5073 5433 18 5174 4901 22 3679 5492 20 4318 4548 16
4982 6365 33 6910 5822 33 3879 4967 16 4340 4451 16 5202 4695 22
4806 4716 26 5096 4706 24 5851 6836 29 5113 5110 18 4173 5677 21
4335 3653 16 3410 3451 10 2680 3541 8 4071 4808 29 3390 4433 20
4996 4719 21 4399 5985 30 5862 5564 18 3530 3407 14 5175 5162 22
6348 5543 23 3393 5007 14 4276 5510 36 6014 5041 13 4873 5598 17
4150 6166 37 4163 4985 19 3157 2825 13 4281 3835 22 2930 3514 6
5048 4359 27 4389 5306 23 4432 5968 24 4076 4071 22 3685 3624 10
5671 5721 21 6589 6580 26 4674 5385 20 4434 5242 23 5758 5290 28
3572 4358 16 4779 5184 31 3320 3817 11 4232 5326 28 4945 3725 28
5506 4650 13 4569 6695 16 5281 6625 22 4969 5007 25 6268 6611 33
2850 4073 17 3303 5495 16 5786 4556 22 5424 4338 23 4069 5166 24
5543 4695 20 4373 4881 24 5082 4614 25 3985 6022 23 4859 5801 21
2406 3127 12 4704 4451 10 4344 2736 10 5353 6206 33 2724 4865 26
5233 4543 25 3405 3806 11 3043 4591 25 3755 4572 25 4327 4160 24
3511 4341 13 3998 4476 13 5326 3476 21 3343 4073 14 1826 4357 26
7106 6321 30 4964 5879 28 3987 4236 16 3984 4601 14 5889 6297 26
4597 5625 28 5295 4922 20 2566 4083 17 3586 4855 14 4579 4604 27
4185 3855 13 2884 3004 8 4018 4091 17 4553 6923 33 5392 5427 16
3840 5801 32 3306 3542 16 3219 3300 9 3823 3972 22 3811 3369 10
5711 5672 23 5176 4283 18 4283 4575 16 5477 6008 28 4133 4488 18
4426 5779 12 4491 3929 27 4774 4809 23 4951 5112 23 3880 3382 14
5918 5740 29 3792 5759 23 5354 4761 22 5307 5095 22 3471 3908 16
4488 4132 16 4075 4590 21 4335 5064 25 4031 4725 17 3194 3562 20
3796 3672 18 6268 5947 38 3523 4280 20 4102 3308 22 3037 4313 13
4254 4362 19 4865 4592 16 5391 5380 31 4669 5370 15 5135 5111 16
5051 4446 23 5211 6415 22 3643 4401 17 5174 6816 28 5275 4633 22
3816 3409 15 5599 5062 22 4211 6466 29 3859 5878 20 5523 3949 15
4862 4574 14 3509 4204 11 3475 5045 31 4241 5381 17 5859 4662 20
5024 5307 24 3918 2916 12 2882 2862 19 4001 5999 36 2389 3869 11
6341 6395 21 4748 6226 26 4278 4973 11 5399 6147 30 4570 4898 14
4691 4991 13 5365 6108 33 4129 4854 15 5064 5924 26 6017 5101 16
5275 6239 17 5227 6935 36 5644 5415 24 4758 4313 22 3425 3704 6
3598 3505 29 2200 2182 6 2308 3213 12 2072 2603 16 2213 2560 15
4076 5341 29 2251 1969 8 3279 2669 8 3499 4382 16 2511 4381 20
3479 3860 11 4019 3573 24 3570 3886 33 3975 5612 23 4527 4497 12
6328 6927 25 6859 6608 35 5399 5719 21 2857 4141 9 5271 6016 29
3174 5271 32 4368 3136 10 3175 3305 6 3882 3907 15 3074 3249 15
3200 4012 27 4666 4070 16 3863 4134 16 4108 3695 17 4902 6466 37
4786 6243 28 6491 4784 19 5977 6101 19 6608 6248 27 4431 6029 24
4844 5824 27 4948 4090 16 3262 3743 22 4210 4806 29 3314 4396 9
5746 6241 24 5820 4994 22 5718 5215 21 6733 7084 23 5757 6000 29
4927 6340 21 4191 4360 27 4808 5229 25 5444 4791 25 3943 4544 16
4017 5097 21 5115 4372 30 3217 3731 19 3999 4943 17 4640 5026 18
3687 3590 16 4426 4052 14 4496 4184 20 4917 4763 27 5009 6828 31
3614 4419 24 5307 4357 24 5119 4952 20 5684 6719 28 4684 4171 19
4646 4554 22 4761 4815 12 5089 5739 25 4786 3655 19 5707 6912 28
4502 6098 25 5795 6916 27 3303 2672 8 5103 5878 23 6002 4963 21
3577 3883 10 3468 5663 23 5361 5183 23 4526 3527 10 6045 6584 33
7282 5922 25 6151 5834 24 5236 5155 22 5272 6771 28 3795 6036 17
4646 5451 21 4207 5490 22 5956 5206 29 3412 4206 14 5316 5878 23
3796 4648 13 6171 4908 25 4115 4739 18 4734 5459 27 3246 3826 18
3825 4030 18 5973 5063 23 6403 6009 29 5180 6128 26 4700 5816 25
4054 4057 13 4257 5678 26 5318 5029 25 4095 5499 33 4639 4265 14
3666 3473 16 4252 5435 23 5107 4129 20 3949 5839 23 5381 6036 24
5658 4679 19 2967 4212 14 3731 4021 15 4305 5410 36 4112 4332 17
3168 4918 18 2869 3017 18 4861 4682 27 2862 3691 16 4257 4637 24
3766 4923 24 3933 3874 24 3646 5158 10 3501 4670 16 3692 2788 12
4719 4160 17 3906 3046 16 3426 3690 15 4075 7037 33 5735 5745 25
5355 4213 17 5162 6048 24 2240 3681 23 5681 5353 27 4430 5613 29
5233 4359 19 4691 3561 12 4498 5454 29 3742 4902 16 3621 5065 25
6713 5554 26 6388 4746 23 3817 5556 17 4113 5599 30 4202 4610 15
5892 5363 28 2629 4051 12 6004 4551 17 4021 5005 27 3690 4930 22
2214 1879 7 2646 3283 10 2904 3585 16 4170 4864 27 3806 4924 33
2926 5579 18 3592 4906 15 4204 3590 25 4453 2986 20 4165 4400 27
3785 4743 31 4151 4032 14 3859 4514 16 4160 5253 24 2775 3745 14
2581 4012 13 1987 2478 9 3332 3402 12 3200 3609 25 5556 4470 20
3753 3268 16 2808 3701 14 2872 4524 33 1623 2727 10 3097 3306 13
4913 6521 30 3647 4737 13 4199 4232 14 4328 5332 24 5422 3952 17
5493 5859 27 4668 5071 21 4585 5117 16 4701 4929 22 5406 6622 24
5419 6039 29 5324 6077 23 5361 4869 23 4968 5968 18 5540 4391 18
6869 6306 28 4061 7074 35 6594 6531 18 5035 4855 22 4831 4660 16
3552 4698 18 3641 3487 19 4016 3888 27 4782 4713 20 3701 5229 25
4040 5485 27 5391 6669 28 5594 4133 15 3411 4658 22 4234 4522 22
5517 4965 22 4802 4874 17 4919 5089 17 4023 5370 33 4624 5109 22
2348 3026 12 3072 4441 24 2992 3508 13 3938 3262 13 3169 3704 19
4695 5096 23 4821 4825 20 4274 4983 28 4853 3986 18 5664 4913 20
2589 2855 6 4432 5944 18 4968 7273 33 4963 5825 25 5540 4463 20
4331 3722 20 3499 3918 19 3666 5623 26 4647 4442 24 2424 3524 16
3523 4162 18 4144 4642 25 1447 3999 16 3573 3623 16 3285 3886 21
4593 6449 36 4262 3655 19 4090 4607 14 5240 4994 24 3316 3649 12
4945 5140 23 3857 5502 24 4929 5871 22 6007 4669 22 4282 4493 23
3905 6422 26 4022 2265 15 3331 2418 13 2612 4268 9 4230 4380 31
2093 3341 18 4348 3727 11 4690 5482 25 3836 4828 21 4203 4257 15
4185 6608 36 3821 5049 20 5178 5161 16 3289 4207 9 3800 3283 15
3854 3580 14 4758 4290 14 3696 4268 20 5355 5757 31 4642 5600 24
4296 4199 13 4795 3947 15 5316 5770 30 3565 5073 23 3581 4369 16
4763 4985 19 3604 3857 29 3736 5285 21 3938 4220 18 4251 4594 18
4027 4841 14 5635 4287 16 6068 6887 24 4244 4275 12 4377 6329 36
4161 4719 24 4688 4799 15 4366 3594 17 5159 5505 24 3946 5919 29
4053 4756 26 3192 3944 18 4091 5446 28 3837 4221 16 6098 5554 28
4441 5773 25 3024 3624 13 5774 4893 19 3915 3408 13 3976 6470 30
4998 5469 16 5649 4796 21 4324 5766 19 4034 4717 26 5094 4871 22
4091 3206 14 4328 4351 11 3685 4847 16 5539 5551 31 4140 4100 16
3597 4754 22 3287 5280 33 4236 3902 18 4443 5183 23 5733 4772 18
4643 4551 18 4101 3587 12 4579 4930 17 4839 5475 18 3768 5759 36
5230 5780 26 3430 3948 11 4811 3288 16 5666 4307 18 4033 6881 32
4647 6551 37 4070 3732 14 2758 3205 11 4813 4397 15 3032 3366 14
3624 3932 14 3396 6401 32 6402 4757 26 3004 2534 10 3010 3958 21
3850 4066 22 4652 5584 21 3120 6115 26 6661 5017 23 3114 2365 9
4563 6583 35 2877 3266 13 4097 4777 17 5825 5464 25 5251 4052 21
4596 3885 18 5627 5155 25 3176 3313 8 4487 6260 36 4922 5404 19
4668 5103 24 4554 2998 16 3763 4388 17 4220 6146 26 3598 3763 17
4761 5117 31 5832 7565 28 5828 4160 15 4854 4759 18 3884 3716 13
3850 3230 12 2928 3813 13 3178 2466 6 3429 3204 12 2357 5690 40
5057 6438 42 4427 4170 18 4664 6425 22 6546 6431 24 4896 5035 15
4954 5393 25 3443 5313 19 4927 4741 25 4314 3807 23 5007 5333 21
3349 3223 14 2775 3710 10 5170 4742 19 4425 3480 18 3268 4999 30
4972 5447 19 4568 5163 16 4702 6052 24 5219 3580 23 4262 4383 15
4047 4187 17 4292 4621 19 3882 5415 35 3757 4382 22 2791 1813 10
5343 6031 27 5999 5398 18 3223 5316 29 5418 5024 16 3689 5327 23
3802 4727 38 4626 5346 13 3573 3161 12 4208 4273 14 3334 4353 14
5226 5165 27 5972 4527 19 3530 5170 23 5715 5828 28 3443 3477 12
6190 6434 24 5918 7027 24 4843 5297 16 5345 4315 19 5107 6755 30
3249 4696 31 3890 5307 22 3272 4448 17 4900 4517 17 3261 2825 7
4751 5250 14 3014 3647 14 7504 6800 35 4391 5223 16 3798 6044 31
3056 4136 24 4567 3489 16 4741 4408 24 3299 4049 10 3335 4041 18
2298 4433 17 4548 4915 21 4152 4707 15 4473 4023 21 3758 3660 18
5219 3874 15 3811 3450 24 3567 5532 21 4104 4636 24 4334 4347 16
4544 3893 19 4205 4428 19 4834 6741 26 3252 4759 24 4939 3038 18
3947 5420 28 4507 3795 12 4230 4590 17 3660 3843 17 4981 5248 18
4786 5530 13 5053 4162 17 3920 3439 16 4219 4768 22 3275 4767 28
4254 4739 15 3549 3541 16 4396 5396 32 4558 5454 24 4515 4606 16
6357 4719 18 5067 6113 20 4186 4963 22 5322 4791 16 4952 6448 29
3677 3392 12 3274 3701 24 2856 6251 23 3968 2781 16 5035 5433 20
3039 2325 6 3622 3933 26 4657 5019 24 2282 3461 12 3773 4117 12
3277 2437 11 4883 3811 20 3725 5152 34 3386 3287 20 1541 3140 11
4448 4579 22 4590 4869 17 6334 5707 31 4016 5624 25 5309 5576 17
2981 3974 13 3992 2757 11 5332 3531 20 3199 4325 21 4356 6152 26
5171 5848 17 3048 4073 20 3859 3857 19 5010 4847 14 4782 5264 27
2721 2701 7 5260 4623 18 3334 5365 30 4402 4993 16 5234 6239 22
3434 3693 16 2414 3362 11 4178 4444 20 1987 2891 13 4197 4949 27
4530 7051 41 4196 5480 28 4676 4414 19 4673 3144 14 3494 4487 20
5333 4602 14 3853 4656 26 4129 5032 20 3819 3793 24 3030 4313 9
4734 3866 18 5011 5540 34 4375 5553 16 4793 3667 13 4455 4978 23
5025 5734 18 6025 5915 26 4558 4275 18 3385 5037 22 3956 4173 26
5791 4535 15 4143 6415 31 5154 4544 21 3935 4349 15 5033 5078 19
6146 5288 23 4558 3378 14 4589 5472 24 4534 6244 25 3677 4656 20
3134 4501 26 4505 3990 16 2842 2754 10 5035 5045 23 3514 5365 30
3615 3874 20 4144 4519 14 4601 4697 22 4895 4898 23 2247 3403 18
4948 5370 18 4701 4830 26 5886 4872 25 4571 4701 19 4284 6042 28
5527 5581 28 5060 5566 26 2538 4497 16 5539 4969 20 4523 5251 20
6305 6779 26 5266 4959 23 4223 5259 16 6269 5555 28 5570 6988 19
3246 4360 25 3730 4738 19 4480 3135 18 3450 4093 8 3295 4109 23
3439 4486 20 5409 5447 26 6033 5260 24 3752 3570 10 4632 5948 33
4379 5304 27 3971 3850 22 3184 4319 14 3843 4068 20 5902 5363 23
6086 6158 27 3417 3068 12 5140 5125 22 4569 4967 20 4263 7275 29
4145 4543 18 4635 4471 22 3564 3352 11 5767 5373 29 3070 4230 19
4320 4935 16 5528 4927 24 4062 5086 19 4496 5816 20 5376 5589 32
3355 4327 10 4553 3922 29 4931 4957 21 4330 4625 17 3668 4615 19
5111 4449 20 4331 5214 22 3043 4828 24 2534 3513 9 4959 3312 15
4213 4319 11 3724 3665 9 4565 4617 12 5343 5324 32 5518 7425 30
4623 5019 15 5759 5722 21 4471 4341 24 5307 5491 22 3309 4339 10
2945 4432 26 5438 4733 18 3333 3606 13 4618 4135 14 3510 4774 20
4222 4560 22 3259 3556 15 5387 6229 32 4847 4171 18 5487 5371 17
5664 5437 20 4252 4151 10 3228 4566 13 4584 6375 40 4189 3912 14
4421 3548 19 5500 5812 38 2990 3704 16 3926 3385 10 2999 5106 20
3390 4842 20 4984 6256 25 4413 4801 17 5264 4921 20 5085 5562 27
4597 5090 23 5601 6389 23 4787 3899 19 4384 4028 24 5671 6867 24
4488 5893 26 4061 4724 26 6093 5231 19 4631 5367 22 4698 5326 22
3811 4154 22 5820 6586 29 3676 3789 12 4413 5117 19 4426 4919 20
2508 3979 18 3878 5241 32 3495 3499 8 4018 2418 9 4407 4437 23
3340 4442 16 5710 5147 21 4225 4479 22 4424 4978 22 3617 4539 30
3629 5212 25 5207 4819 30 4700 4890 22 3641 4344 22 4005 3427 10
4393 6407 21 4136 5807 33 3711 3403 18 3423 3816 20 3719 3393 10
4692 4699 21 4685 5019 25 4269 4882 19 6094 5221 22 4831 7468 33
4916 6386 28 4626 5639 27 5064 3738 17 4638 5111 20 6162 5828 18
5237 5622 30 4413 3521 16 4222 5275 34 4092 4202 14 4044 4456 15
5160 5091 41 3360 4548 13 3866 3870 9 3414 3657 16 3580 4547 22
3592 3677 11 2865 4511 17 3620 4592 27 4037 4415 27 3409 3158 6
5204 4540 19 3499 4480 12 4742 4772 27 3977 5172 26 4123 5171 23
3479 5175 22 5937 5983 30 3536 5842 20 4822 4324 17 5490 5189 23
6528 6798 29 4737 4981 23 6109 6679 26 5299 4284 10 5510 5991 20
4109 3384 8 4935 5026 30 4858 5248 19 3821 5098 24 4085 3768 13
3624 3994 14 4151 6126 29 4605 4081 16 6235 6313 33 4970 4531 15
4185 4326 16 4408 3538 18 3529 5885 32 2957 3512 11 4842 4064 17
3764 3616 15 3540 3948 13 4500 4834 36 3356 3479 16 1608 3123 9
5684 5765 20 5468 4543 15 4976 4785 18 4909 4843 22 3189 4751 23
3762 4678 16 4909 5391 32 3857 4694 14 5361 4029 14 4783 4945 20
3837 3491 14 3268 6375 39 6334 7064 25 3510 2671 12 3983 3708 13
4211 3647 14 4644 4397 20 4904 5182 24 3981 5472 28 4991 5042 26
5458 6834 25 4330 5926 21 4655 5094 27 5399 4250 17 4678 4775 23
5089 4131 21 4638 4366 15 3001 3850 12 4143 5026 23 2755 4574 28
3846 5447 37 3529 3207 15 3454 5341 19 4746 4057 11 4601 4890 17
2822 4190 17 3018 2793 6 4180 5206 18 3630 3444 8 3034 4443 32
6229 6939 30 3196 3409 11 5720 6716 26 4803 5202 12 6896 6983 37
4222 5366 37 3205 2043 8 4543 6136 24 2537 3564 8 3737 4311 16
5220 5181 16 4873 4746 19 5368 4815 17 3857 4366 23 4624 6954 39
4759 5180 16 4111 3359 9 4397 5286 23 4788 6089 34 4785 4337 17
5878 5131 19 4517 7407 30 7443 6823 32 3950 4323 14 5368 5325 19
5779 4676 11 4843 6157 19 4347 4098 13 3323 3412 8 5038 6881 36
4606 4366 18 4929 4105 24 4266 4515 21 4625 4573 18 3277 5471 25
3668 3824 24 4434 4802 14 4596 4378 24 2731 3176 17 5133 4737 26
4927 4167 14 3708 4478 16 5022 5974 35 4178 5808 23 4079 3840 13
4157 5247 27 4464 3243 22 4030 3808 11 4728 4428 19 2906 3345 12
3613 2708 15 3458 4133 11 3685 4379 20 4522 4547 25 4720 4552 27
6458 6736 28 5655 6005 25 4773 6870 33 4805 5217 15 4782 4693 18
5625 5900 24 3769 4221 26 3315 6137 20 6016 4540 14 5268 5986 24
3340 3360 14 4931 6065 22 4064 5578 27 4128 4712 30 5589 4257 20
5649 6093 32 4897 4611 14 4782 4784 17 3370 4634 17 6245 7090 32
4633 3606 19 3102 5168 33 3639 3633 10 5092 4356 21 3648 6138 24
4135 6060 22 6031 6431 25 5714 4771 21 2533 5233 20 4944 4176 16
3665 6723 23 3401 4063 12 5243 4445 24 3710 3515 16 4750 4397 21
3553 5304 19 6022 4331 23 4999 7295 31 4394 4489 31 3887 3756 10
3094 4631 16 5869 4786 23 4385 3953 24 5134 5756 32 3896 4819 20
4763 4911 19 5675 6161 25 4376 4995 25 3635 4626 14 3402 3591 15
4141 4201 28 4209 5099 24 4254 4888 16 2837 3615 10 3367 4721 16
3141 2893 12 3435 3188 7 5096 6034 40 3279 4093 14 3489 4116 12
3690 3339 15 3105 5364 35 2896 3239 8 4288 3638 20 4513 3478 14
5114 4303 11 3856 3448 10 3324 5147 29 2293 5110 22 4794 4401 22
3836 4199 20 2340 2137 17 4341 4036 19 2999 2821 22 3931 4610 21
4209 5113 17 3485 4425 15 2577 2984 10 5059 4552 19 6072 6376 39
5126 4331 21 4576 4503 16 3673 4273 14 4233 5043 14 3669 6116 36
3509 4640 28 2987 3410 6 4559 5063 22 4573 5306 18 4393 3558 22
3852 3434 9 5320 5062 21 3924 6413 38 5281 5804 21 4107 3595 12
5227 5780 24 4572 4551 14 6238 5864 27 4179 4750 21 4351 4224 13
3992 5386 24 4748 4342 15 3075 5051 18 4377 3576 23 4167 3399 18
5913 5360 27 3990 3950 16 4313 5781 31 3721 4593 13 2952 3325 11
3758 3270 14 4691 4891 26 4613 4636 26 3914 4544 26 3703 5156 20
4224 4273 18 3959 6177 31 4278 3642 16 4766 4596 15 4603 5721 22
4417 4001 15 4174 4049 15 3459 4768 16 1833 3995 28 5193 3627 15
3616 4044 26 5188 6678 24 3384 3466 12 4073 3749 11 4793 3903 17
3909 4305 13 3472 4058 23 4048 4775 15 3835 3563 15 3108 4063 23
4148 6297 32 3826 3775 15 3795 2910 6 4393 5050 23 3733 4011 16
3661 3691 15 4413 4934 16 4530 4724 22 3369 4567 22 5129 5780 26
3070 3828 20 4524 3551 12 3752 5249 23 4779 5153 29 3887 4161 16
3353 3406 7 5257 4960 15 5943 6623 30 5448 4949 21 2963 5194 25
4651 4429 13 4353 4541 20 4308 6720 27 4220 3424 25 4090 4167 12
3392 3944 15 3749 4414 16 4073 4068 16 3399 3034 8 3383 5280 30
5248 6308 30 5156 4578 19 3965 5035 31 4560 4712 18 4191 4824 12
4799 5508 26 4059 3377 16 3618 4590 10 5359 4859 25 4449 5958 26
5150 6908 28 4566 4428 12 3420 5520 14 5188 5954 30 5171 3403 10
3923 4335 22 3513 5336 27 3879 4377 15 4866 5089 21 5204 4515 19
3794 4394 19 4175 4532 32 3275 4973 21 4116 5511 12 5505 3649 14
4957 4296 26 4346 5691 31 2284 3954 16 4425 4179 12 4985 5016 19
3558 3410 13 3013 4008 22 4589 5483 20 4322 4438 26 4172 4233 21
5945 5281 15 5461 5984 24 5708 6274 28 5763 5091 24 5461 6119 30
3301 3924 5 3935 4847 14 4769 4300 14 5783 5472 25 4228 6254 34
3043 3844 12 4240 5413 34 3399 4791 18 4974 4051 17 3754 3416 19
5454 4672 27 5540 5516 27 4597 4940 19 4136 5251 14 4299 3761 18
5015 3999 9 3133 4817 17 4225 4482 18 6076 8102 38 5555 5173 14
5176 3973 18 4903 6033 25 4040 5927 27 5140 5539 25 4756 3716 12
3640 5786 37 3647 4627 15 3473 4466 14 6051 4451 16 4936 4717 20
5874 4583 16 3998 2988 8 3751 6828 40 2345 2731 10 3990 4804 9
4676 4545 30 5051 5227 17 4835 6149 27 5640 5597 26 3910 5114 15
5493 5322 26 3689 3690 19 3346 3415 13 4483 5924 30 3452 3824 14
6036 5205 26 5614 3904 16 3499 4464 11 5318 6623 28 5340 7599 33
3847 4914 26 5736 4637 20 3136 4160 24 3635 3400 16 3019 3519 9
3816 4847 15 3260 4618 22 4703 5249 30 3644 3631 12 3833 3628 12
3414 5233 25 6172 5281 22 5543 6155 27 4294 4786 21 4539 4337 15
4043 4775 25 6326 5462 29 4562 3477 16 3931 6854 27 4489 4418 13
3685 4002 13 3870 3595 17 3600 4691 28 4350 4546 19 5353 4662 20
2873 5016 29 3780 4256 21 4137 3243 14 3478 3177 12 4247 4318 18
5321 5470 28 5448 7209 28 4831 4464 16 3442 4994 21 6083 4932 26
5783 4146 20 4548 4288 18 3124 3872 19 4216 4257 14 5387 5938 29
3380 3837 14 3763 4561 13 3543 8247 44 3621 2862 8 4562 3982 14
5713 4653 16 5016 6342 30 2920 4368 30 5545 4315 23 4529 5069 17
3671 4091 18 3818 4858 30 4682 4091 11 4243 4237 15 3400 4941 20
4829 5524 15 4524 4198 15 4675 4166 13 5551 7724 34 3005 3842 25
4872 5741 26 5202 4498 8 6610 5893 19 4626 4758 14 4338 5966 24
3549 4016 22 3589 4388 22 3081 4465 18 3724 4682 27 4216 3686 18
2482 3768 22 4591 4637 14 4473 3927 16 4620 5002 28 3303 3960 16
5301 6404 33 4588 3558 14 4900 5497 28 3322 4120 14 3779 4380 13
4706 3597 16 3359 5607 26 3858 4314 22 5672 4295 14 3997 4177 14
4355 5101 15 4867 5570 27 4151 5040 27 4786 5093 24 4181 3930 19
3259 6118 33 5423 3927 24 4592 4462 21 4019 4937 15 5397 6023 20
3730 4662 24 4556 5094 15 4313 4388 17 2976 3017 12 5889 5683 27
5020 4061 14 3976 5736 30 4493 3752 12 4032 4482 18 3074 5506 30
2821 3669 18 5874 6487 20 4589 6091 32 5209 3863 19 5184 4870 22
2888 3407 8 2730 4589 30 3480 3373 15 4056 4503 8 3749 3844 23
4245 4836 16 4805 6414 33 4392 4757 18 4809 4619 18 4928 4020 24
4492 4254 17 7040 5702 24 5788 5491 29 4226 4675 15 3805 6668 32
5723 5964 19 2791 2522 6 3591 4500 29 2382 4115 10 3687 4923 23
5354 5896 20 4732 6359 30 5772 5736 31 4038 3936 11 4662 4202 23
4380 4427 29 3295 3511 10 2632 4184 13 3431 3608 13 3634 4648 26
3822 3924 19 3734 4260 16 4156 4466 22 3766 3501 22 4325 4679 20
3212 4098 20 3145 3624 12 2726 4653 31 5581 4615 15 3281 3805 16
3359 5283 21 4537 5385 20 5174 4195 18 3332 4898 22 5286 4571 21
5378 6230 18 5594 5008 25 3722 4308 15 3823 4873 26 4648 5294 25
3155 2635 8 4553 4830 34 5921 5017 31 3742 4894 14 5414 6026 22
4434 5763 27 4735 5467 26 4641 4702 18 4443 3939 13 5517 5347 23
3570 4295 22 2999 3828 19 4914 4715 14 4376 4028 18 3580 3867 13
4350 4114 12 3647 3673 17 3941 4146 17 2931 4456 34 3449 3534 18
3650 3924 10 3482 5229 30 2646 2689 10 3904 4243 15 4034 3667 15
4870 4359 16 4346 5070 18 6708 6261 22 4504 4830 20 4731 6436 29
5592 6042 33 5495 4815 17 3044 3763 20 3972 3334 20 3262 4325 8
4334 4048 14 3756 4948 29 4357 4231 15 3752 4490 18 3096 3739 11
4466 5898 15 3644 4228 7 4797 4638 19 4035 6043 32 4682 3447 15
3724 5546 26 5018 5399 19 4591 5102 24 5527 5341 18 6550 6168 28
3578 5219 22 5297 7037 28 4974 4828 19 3891 3797 15 4522 4308 17
4017 4414 20 4299 4858 14 5218 5254 22 4165 4949 21 6126 6287 31
4595 4300 15 5586 4599 8 5792 7226 27 4815 5357 23 5377 5196 23
3819 3991 22 3461 4270 30 3931 4489 23 2989 4282 15 4789 4082 17
4890 4324 17 5991 6059 23 4840 5473 24 4030 4983 31 4176 5609 18
3328 4013 6 3163 3873 25 3657 3264 13 4028 4077 17 4791 5302 34
4151 4677 11 4952 7510 42 3719 4003 8 4177 3344 11 4364 3484 17
4841 4948 19 5104 5563 22 5610 5937 28 4294 4736 27 3879 4422 15
3178 6767 47 5640 4782 23 4861 4560 15 3296 3340 13 4725 5814 21
3497 4275 14 4662 5358 26 5692 4437 22 4662 4998 19 3066 4669 24
2942 2708 15 3991 3402 9 2731 4574 24 3513 4700 26 5688 5965 17
3566 5391 26 3321 4324 13 4231 3197 22 4907 4549 21 4523 4021 16
4417 4357 31 4139 4319 17 4065 4941 21 3038 4250 9 3614 4249 20
5867 5385 24 4512 4542 24 5172 6068 22 5588 6719 34 3031 3302 10
2432 2596 6 3687 3469 13 4212 4457 24 3515 3812 14 4513 4942 30
4650 4921 25 4945 4063 16 3447 3806 12 3792 3697 24 2716 4464 24
3845 3862 10 5309 5167 24 3963 6855 35 5050 5086 23 4801 3208 19
3945 4682 24 5972 6069 33 3304 3368 8 5456 5758 24 4384 4099 11
3784 5872 26 3772 3086 14 4450 2762 15 3052 4678 24 4264 4486 16
5334 4988 27 6708 6934 28 4495 5216 16 4530 3660 11 3829 6461 28
5149 4876 15 5119 5353 15 3931 5802 16 5098 7025 38 6299 5531 20
4042 5085 30 2816 2876 12 4334 5277 22 3957 3867 22 3297 4111 12
3347 4140 23 4342 4766 23 3015 3650 12 4019 4439 18 4384 3259 18
4903 5950 26 5117 4560 16 6492 5041 27 3995 5902 26 3957 5274 25
3575 4231 22 3486 2740 10 4264 4590 13 4940 5329 21 4444 5347 32
6694 5285 20 4078 6681 35 5070 4407 17 2889 4412 16 4693 3718 15
4657 4904 24 2975 3613 13 2753 1740 6 4641 5468 28 3658 4503 25
5090 6027 22 4444 5777 34 4033 4107 18 5156 5560 21 4102 3989 13
4351 3597 13 5812 4518 24 3521 5007 14 5302 5667 15 4837 5983 34
4679 4654 27 4253 4055 9 6322 6627 26 5841 5995 23 3852 5767 21
6255 5710 23 3487 5046 23 5395 3891 18 5414 6121 29 5270 6415 24
5180 4664 24 4136 4696 13 5743 6187 36 3734 3591 13 4587 6046 21
4126 3252 16 4243 4692 24 5197 6313 33 4603 5009 16 6267 4883 19
3881 3770 11 4249 4624 25 5478 4779 22 4118 5873 26 5811 6718 23
3384 4189 13 4677 4823 16 2497 3421 25 5175 5748 19 5859 5234 25
4292 4619 16 4254 5283 34 6224 5838 21 5094 6314 23 5820 6021 23
4854 5241 22 4210 3573 15 4939 6621 10 3861 4669 19 5282 5498 34
3803 5085 21 4656 2437 10 4947 4897 18 2822 3896 7 4497 5747 28
2702 3406 12 4010 3872 10 4435 4762 24 4559 3914 15 3639 5851 30
4594 5667 27 6125 4893 22 5450 5551 22 5054 6345 28 5996 4669 22
4529 6410 32 4055 2824 12 3998 5082 23 4986 4973 15 4331 4490 17
5134 5585 30 4016 4221 17 4866 3889 18 3858 5269 16 3875 2866 18
5907 5673 26 5174 5334 26 5471 5148 27 4389 5999 24 5069 5242 16
3060 5313 33 3722 4082 20 4314 3782 16 1592 2259 9 4375 4623 12
4560 6552 28 4714 4789 23 3383 3377 14 4395 6736 31 5570 3913 20
4035 5722 27 4087 2739 16 4646 4089 26 2528 3811 12 3683 3908 17
5899 4690 24 5820 5369 25 2760 4261 11 4579 5739 30 3944 4092 15
5895 5608 26 4787 4624 24 3478 4320 23 3011 4157 13 4419 4217 13
3627 4922 22 4179 5232 23 3697 3307 16 4103 3967 13 4457 4900 23
2868 4126 12 5028 4147 16 5267 5359 23 3203 4257 21 4833 6080 38
3367 4636 28 4506 4666 25 4062 5280 18 2917 2079 12 3966 3303 15
2806 3374 11 2754 3305 15 4055 4026 17 2644 2584 6 3568 5980 37
3192 3783 16 3158 2513 10 2764 3206 11 2188 3254 27 4671 5266 22
4874 4223 11 4240 5006 21 4169 4967 22 4621 3670 16 3994 5685 26
4935 7249 30 6219 5600 32 4227 3430 16 4193 5183 17 5785 5450 21
4244 6265 23 7710 7674 31 4794 6059 14 5264 5333 21 5408 5161 25
3582 3323 14 3763 3635 20 3994 4951 28 4448 4034 20 4000 4746 19
3514 3175 18 3912 4667 21 5958 6488 30 5177 6408 21 5503 5339 16
3979 3857 21 5478 6380 29 5313 5382 25 4696 4660 18 4388 4720 18
2962 4899 21 4448 3930 19 4742 5303 22 5866 5157 26 2981 4449 13
4018 5282 20 4720 5971 14 4311 5133 28 3315 4253 14 6287 4454 23
4528 4208 14 5913 6205 25 3400 5487 19 5963 4539 20 4522 5497 26
4128 4422 26 4317 5295 24 4300 4042 18 3275 5052 18 4016 3805 15
5166 4889 18 6949 6334 33 3625 5493 34 4925 5412 19 2867 3477 13
4206 4135 15 4127 5495 28 4983 5658 23 3149 4631 24 5291 4100 12
3553 4377 24 4031 4250 15 3193 4580 24 4805 3633 20 3807 4465 23
3700 5092 17 3770 4083 8 3675 4408 24 3737 5426 29 4260 3300 10
4287 5244 22 5058 4357 16 4643 4606 17 4125 3588 16 4103 5463 31
2580 3564 8 4978 5065 17 4496 4120 21 3501 6026 37 5874 6261 25
6073 4475 23 5903 4513 18 5899 8630 38 5397 6841 24 4624 4308 19
5380 5903 25 5661 6865 34 3872 3975 16 3374 3838 19 4527 4785 19
3929 5524 26 4916 3373 18 3861 3949 16 3326 4710 19 3952 4501 20
3652 4620 16 4052 3597 21 5507 5772 20 4465 5266 27 5283 4191 20
4998 5165 24 4596 5242 26 3505 4515 22 4879 5086 25 4357 4117 18
5489 5840 28 3489 3288 17 5626 6024 25 4884 5692 24 5340 3862 14
4815 4857 18 3507 4405 18 4580 4398 14 5132 5756 29 4448 5655 15
3147 3813 9 3997 3653 6 5582 6968 21 4657 3219 8 5803 6469 38
5993 5394 30 4350 3873 21 4095 4006 7 4387 6815 30 4304 4623 20
4867 4320 18 4886 5400 12 6261 6158 31 4778 4989 16 6311 5858 28
4113 4581 18 4604 3896 14 3605 5740 27 5728 6035 26 4326 4383 13
4052 4187 22 3117 4684 24 5152 4177 18 2892 3693 7 3274 3447 22
3684 6437 27 4560 5394 34 3839 4197 14 4824 4217 14 4851 4039 17
6148 5915 22 4633 7380 41 6469 4935 16 2825 2708 5 4464 4186 14
5036 5388 29 3488 4396 10 4678 5387 23 3898 5963 28 3911 3291 11
3381 5059 20 5281 4425 17 4533 5383 29 5666 4117 21 4905 5289 22
3608 4421 21 3682 2827 12 4288 3706 14 3846 5151 29 4745 5992 26
3513 4700 27 4291 3611 19 3691 5182 25 3722 3254 14 4385 3369 15
4832 4505 19 5185 5860 32 3150 3289 7 3772 4856 18 5682 6782 29
5930 4783 22 3958 4865 25 5011 5423 19 3232 4009 24 5417 5584 23
4959 4347 10 3396 3796 29 3813 4070 11 4372 6217 26 4782 4250 21
4744 6077 27 5090 5276 30 3865 3891 11 4821 4037 21 4002 5275 20
3497 4922 28 3963 3720 16 3852 4611 19 5157 2903 19 3526 4763 17
5596 4962 19 4372 4628 18 3953 5357 19 5183 6110 37 3873 4284 12
3161 4334 16 5535 3649 24 4390 4729 17 4727 5517 22 5032 5539 23
4046 4137 16 4078 5806 25 3800 4923 28 4674 3477 17 4554 3816 23
4218 5126 17 5570 6187 18 3826 4244 16 3569 4887 28 5081 4128 15
4572 6620 29 4051 5694 27 4354 3569 12 4404 4001 10 4672 4569 13
3280 4058 8 3228 2442 11 3429 6320 34 4876 3083 18 3238 3728 21
5956 4660 19 4697 7754 32 4449 5364 22 6929 5480 23 3995 5034 16
4661 4682 15 5227 5541 31 4088 5268 22 4505 4255 22 3994 4536 11
4972 4995 22 4326 6201 25 4570 2864 15 2577 3666 24 3682 3867 14
5593 6130 30 6010 5163 26 3887 5999 28 3812 4675 21 6111 4833 20
5788 5412 18 4786 5222 27 4992 5553 24 5892 5744 24 5049 4395 24
3230 3957 16 5662 5695 24 4822 4756 19 4658 4337 15 3657 5854 30
3590 4210 15 3153 3269 11 3220 4739 36 3398 5136 23 3573 3729 14
4396 3497 16 3876 4004 16 4416 4960 24 4112 4940 19 2990 3868 23
5008 4479 22 2101 3738 12 5451 6554 34 6145 5705 28 3962 5449 23
4488 5376 24 4361 3757 14 5540 4752 32 4341 5028 14 3079 4818 13
2937 3273 12 3362 3197 12 4467 4347 27 4948 5430 26 2762 3831 13
4681 5156 22 4799 5396 26 4562 3245 13 4536 4860 21 4256 5682 26
3845 4455 20 2324 2824 9 4404 4668 31 3126 3126 20 4372 5180 19
4148 4652 19 3856 4550 34 3349 2921 7 4791 4559 13 2842 4146 21
4568 5798 17 2984 4805 27 4800 4170 20 5357 5548 16 4701 4831 24
5466 5676 26 4898 5435 24 5502 4905 19 3514 4806 24 5413 6124 18
4914 5395 32 4533 4704 22 5020 4485 14 3224 3655 19 3866 4889 20
4731 4000 14 4872 4775 23 3656 4500 22 3662 5809 27 3455 4030 13
5167 4935 18 4567 3839 18 4793 5935 30 3827 4738 19 4356 3584 9
4687 4836 20 5349 5279 18 5028 6679 28 2664 2991 14 5437 4154 21
4880 4706 16 4098 5645 23 4087 3979 25 2753 3187 10 3693 4159 17
3705 4675 14 4334 4211 31 2843 5206 19 3710 4306 11 3704 2705 6
5547 6531 32 5552 5581 15 5258 4895 13 5748 5949 21 6533 6516 25
4739 4405 21 4592 4820 32 3543 5437 25 4265 3964 13 2649 3797 12
3623 4583 23 6130 5330 29 4784 5786 21 3987 4351 14 4726 4463 23
2922 4594 25 3911 2849 11 4377 4560 20 4994 5094 24 2074 1677 9
4481 5507 30 2572 2907 16 4658 4697 18 4306 4539 15 4403 4131 15
4497 5877 36 4563 4023 19 4099 4571 21 4775 5576 21 4568 4837 14
5291 3377 14 5467 4048 21 4092 5739 28 3241 5040 26 3964 5315 21
6545 7365 28 3817 4903 17 4369 4078 13 6560 5273 22 3244 4666 27
5303 3884 16 3265 5748 38 4258 4534 26 4713 4574 17 4027 4348 19
2943 2943 10 2998 3687 6 3607 2800 12 2004 5222 34 3555 2948 15
4223 3298 13 5339 6123 35 5202 3288 16 3938 6849 28 4601 5435 21
6126 5604 17 4656 5981 22 4189 4647 24 4451 4288 26 3469 4952 25
4014 5891 21 4740 4702 19 5242 5775 16 5614 6352 29 4304 3840 16
3524 3906 14 4407 3936 15 4503 5798 24 4354 5558 26 5470 5366 31
3482 4878 19 5389 5298 29 4445 5170 32 4716 4721 20 5049 4125 16
5035 6002 23 4686 4828 35 3575 4883 14 4288 3793 13 3579 3364 15
3806 2815 12 3980 5007 32 3284 3396 15 3679 3366 19 3090 3641 13
4483 4790 23 3828 5284 21 3825 3979 17 4210 5073 26 3819 3936 21
4569 4332 21 2985 5251 21 6308 4988 30 4046 5053 19 6497 6491 27
3468 3124 25 3605 5449 26 2802 3407 14 3316 2954 7 3404 3028 13
3505 4299 16 5458 5905 23 4914 4647 20 4236 5157 30 3911 4528 20
4123 4896 30 4688 4710 24 3975 3863 21 4178 5937 17 4374 5031 22
3680 3396 9 3612 5026 23 4763 5193 24 3154 4353 20 3593 3259 9
2410 3909 32 2803 3377 15 3944 4011 16 4962 3373 24 2736 2728 13
3505 3751 16 4927 5655 28 5331 4882 25 3475 3872 22 3834 3184 11
3864 3498 12 5295 4443 19 3787 3428 14 3765 4785 28 4905 6027 26
4392 3320 13 2828 2646 8 4137 4025 12 3843 5095 28 2838 4744 23
5352 4798 24 3869 4143 12 3981 5405 17 4022 6362 37 4054 2997 10
2398 2666 15 6187 6125 20 4111 5612 24 3060 3731 16 5794 4930 22
4513 4405 16 4181 6794 30 4480 5212 27 4006 3986 16 4942 4097 19
5706 6785 27 4582 5208 27 3992 5221 23 4679 4779 17 5352 4061 18
5669 5664 26 3443 4345 15 4777 4537 23 4122 4368 17 3497 3887 22
4190 3826 17 5204 4258 16 4148 6022 33 3482 4943 20 4773 4728 22
4029 5880 32 3792 3717 18 4952 3643 19 4172 4411 16 2922 3219 13
3397 4174 11 4158 2691 17 3742 7398 38 3719 2960 7 3588 4338 18
4753 3721 20 3686 5239 24 2927 2744 7 3840 4995 22 3108 3636 24
4121 4011 24 4064 5080 30 3621 4786 11 4263 5077 19 5200 5268 15
5032 6418 18 4263 4836 23 3484 3467 20 5584 5018 24 4615 5624 27
3880 3758 14 5300 6247 34 4030 3540 17 3339 4101 12 3111 5130 21
4813 3886 22 2725 4393 11 5378 4818 20 3557 5509 32 5425 4683 17
6129 6204 23 5292 6485 20 4150 4692 20 4590 5469 29 5540 5176 22
3542 4639 23 3441 3812 18 3977 4424 14 5860 5073 23 5598 5642 18
2545 4741 15 6875 5105 23 3690 4232 19 4241 4962 31 4913 5637 15
4907 5078 24 5418 7817 32 6300 6205 22 5176 5079 21 4381 3919 21
4896 5840 21 4620 5660 19 6250 5574 26 5139 4533 19 4813 4943 27
4254 4357 17 4114 3937 15 4456 4611 25 3318 3389 12 2338 4360 26
4676 4583 21 4376 5874 25 3645 4339 27 4112 4080 18 4689 4080 18
5092 6679 33 4295 4193 22 4126 5270 25 5017 4877 15 4559 4521 16
3753 4935 25 5409 3578 18 3994 4902 30 4485 3928 18 4501 5267 18
4596 6357 26 3672 4477 15 3910 4396 17 5102 4706 27 4144 4099 21
2936 4871 24 4780 4323 15 4017 3921 19 4836 3608 14 5207 5516 34
3793 4297 27 3464 4418 15 6168 6705 34 3456 4227 11 4992 3596 14
2527 3433 18 3173 5418 31 3774 2865 14 5062 6401 29 4055 3317 17
5239 4928 18 5320 5084 26 4572 6538 30 4817 5321 20 5393 4641 24
4504 5025 25 3470 5139 24 4802 5583 22 3521 4430 20 3883 3440 12
4294 4658 23 4697 3571 18 3670 4442 25 3900 3883 16 2522 3662 20
4796 5129 22 4068 4005 19 3255 4571 32 4162 3406 20 3750 4476 17
5272 5782 26 5529 3932 25 4609 5903 23 3830 3985 14 4465 6398 21
3862 3957 11 3641 4582 18 5113 4079 24 3433 4080 28 2398 3345 10
5160 4631 13 3372 4042 24 5900 4811 21 5192 6128 15 3401 5020 21
5242 4730 27 4811 4894 19 5075 6951 18 6054 5976 27 5037 5102 31
4678 5209 23 4920 5736 26 4697 5025 16 2941 3570 6 4318 5971 35
3386 3152 14 3859 5166 16 3919 4513 26 5155 5780 27 6457 4893 27
3848 5452 33 4385 4661 20 5390 6156 21 5606 3141 19 4619 5199 14
5192 5841 31 5058 5072 20 4705 4167 15 5369 5312 18 3370 4138 13
4706 3631 16 4582 4963 22 2978 3476 22 3315 4399 22 4380 4749 27
4052 5253 16 5697 4041 14 4769 4394 10 4238 4864 12 5045 6788 39
5218 5480 27 3339 4190 16 3837 4260 15 5233 5723 24 5180 5224 31
5042 4912 19 5475 5267 25 4753 5596 19 3684 5756 23 7317 6012 21
4881 4925 15 4648 5358 14 6192 6264 30 5743 5137 33 4340 5373 20
3451 4795 25 4504 4518 19 3148 3555 20 4459 3969 12 4684 4739 25
3898 3852 14 5373 4982 25 4823 5379 15 3061 4829 22 3527 4706 29
3831 3946 18 4075 3832 14 3830 4622 21 3844 4662 29 2734 3678 20
6515 6731 28 4017 5629 24 5651 5213 23 4866 6205 27 4610 4374 8
2815 3243 10 5442 4187 18 5657 6933 38 3481 4024 13 5036 5757 18
4261 4251 22 4745 6310 30 3477 2916 13 4496 4232 20 4606 4172 11
5908 6470 21 3728 2557 12 3574 7092 36 4487 3886 16 3826 3644 8
4072 4578 26 4351 4643 24 3791 4449 19 4458 3894 24 2394 3320 11
3467 4982 25 4343 4006 10 4921 5033 14 4006 4487 22 4815 5134 22
5396 4985 22 4571 5580 20 4844 5613 30 3720 2954 10 2396 2441 12
5736 4895 22 4220 4052 26 5062 5091 24 2881 4340 13 4472 6010 20
3794 4551 25 5063 4658 16 4228 4809 23 4463 4387 16 4655 5169 26
3830 3380 14 4881 4884 31 4022 4104 17 4113 4678 22 3414 4880 25
4375 3561 16 4281 6279 28 4457 4936 17 4564 5011 16 5276 5058 31
3824 5277 23 4275 4366 8 3644 6091 38 4270 3734 14 4879 3805 15
3753 5450 19 4827 5023 24 4364 3678 15 5592 6339 29 3659 3839 10
3276 5489 25 3293 5114 25 5092 4232 16 3658 3920 24 5183 3375 19
4858 3509 20 4798 6477 29 4556 5498 24 3355 4643 21 4157 4041 13
5139 5322 18 4973 6136 24 4842 5022 20 5734 5812 23 5341 4644 27
5597 6025 24 4958 6094 21 3804 4490 14 5082 5753 23 5531 5974 28
4151 3656 14 3036 5353 24 4629 5264 26 4941 5632 25 3894 3503 16
3315 3465 10 6468 7176 34 5740 5341 25 3199 3763 13 4151 4858 16
4175 5064 28 3940 3976 19 5157 4504 22 4036 5663 20 4822 4130 16
2876 3841 26 4360 6274 22 3999 3248 17 3597 4003 12 3546 3259 10
4634 5233 16 3407 5388 33 4636 5269 20 4430 4087 16 3526 4438 20
3815 2976 15 4910 6522 33 3722 4496 17 3666 3209 13 3098 3707 15
5259 4882 24 4685 5929 24 3726 4307 22 5001 3954 18 4372 6040 16
4436 4039 18 5729 4594 17 5547 6016 35 3704 4247 9 3661 4842 16
4071 4407 21 2029 4201 20 4680 4464 21 5329 4737 22 4304 4549 26
5059 4006 18 5022 5180 29 3814 4627 14 5363 6344 33 3712 3383 9
5961 6475 23 4952 5876 28 3633 7105 29 5678 4631 12 4607 3564 13
3464 4225 12 3316 4157 25 2452 2742 8 4191 4315 18 4616 5224 31
3900 3010 11 3372 3205 13 2454 3145 12 3590 3286 11 3785 6552 39
4594 5762 22 5375 5952 21 4694 6291 24 6401 6039 19 5075 4603 26
5770 5103 18 5243 5860 25 4504 5158 12 3833 3116 16 5482 5896 28
5185 5771 28 5646 5471 21 3456 5683 18 7354 5796 29 4460 4427 15
3202 4548 25 3479 3093 8 4559 3941 22 2082 4138 16 3887 4158 21
5730 7168 26 4098 4431 16 4551 7174 28 6358 5440 30 4123 3923 22
4017 4150 11 3648 4872 20 6591 4832 29 4515 3797 15 4477 6574 31
4927 3870 20 4918 5776 29 4189 5742 28 4698 4116 16 3633 4156 14
4320 5346 29 2980 2956 6 4871 3718 16 3883 4531 25 3483 4321 20
4462 5634 25 5695 6019 25 4199 4727 9 5353 4489 14 4479 5618 21
5481 5417 24 4021 4629 20 5197 5113 17 3761 4259 26 5279 6522 29
4729 5468 16 4997 4650 17 4464 4048 8 4443 5807 32 4246 4062 13
3344 4175 16 4365 4189 14 3020 3209 10 4154 3689 16 3957 5193 30
3836 3556 10 4759 4809 15 3989 4510 7 4182 5756 32 4255 3217 12
5554 5073 20 3897 5172 19 5794 4754 15 3518 6411 29 5641 4441 16
4207 3245 10 3832 4360 19 3114 5745 18 4304 3648 16 3628 4102 29
4671 5031 25 5593 5366 25 4690 4947 19 4108 4286 15 4963 5193 21
5911 5592 25 4088 4650 15 5329 5290 26 3463 5290 25 3900 4287 17
4712 3827 22 4234 6165 20 5195 5686 24 4116 3183 16 5187 5253 28
4137 5051 22 5722 4896 18 4926 4795 18 5375 6462 33 4420 4123 16
4522 6498 24 5427 5691 30 5150 4761 14 4478 4483 20 3813 4938 17
3781 3927 13 5051 6381 31 5385 5275 16 4981 4459 19 3718 3906 14
4349 4436 14 5087 5230 24 3599 5578 24 3901 5317 28 4397 4392 23
4302 4670 14 3132 3613 15 3425 5805 40 3660 3464 13 4910 5697 19
4352 3392 16 4703 5936 26 3662 4451 16 4855 4972 17 4819 5104 25
3249 2163 12 2763 3245 15 3237 4032 22 2846 4207 14 3848 4253 28
3901 3499 18 2599 3811 21 3612 3872 20 4659 4515 17 4006 5964 22
4309 4551 19 4533 4887 20 4573 5332 19 4486 4832 22 4379 4325 32
3129 4167 19 2947 3095 10 4160 2990 12 3879 4244 18 2973 5913 39
4051 5133 21 3970 5874 19 3525 3639 17 5035 4989 29 4599 3610 12
4527 4377 20 4828 2735 14 3606 5160 21 4403 6107 29 3857 4695 22
2691 2601 4 4692 4320 21 4053 6242 29 4485 3934 21 3505 3137 14
4260 5463 14 4026 3297 16 5323 5999 28 3624 4970 25 4456 3838 20
3492 2429 19 4173 5252 20 3742 5020 26 4226 3694 19 2124 2581 12
5110 4786 17 5084 7376 32 5482 5592 15 4780 3483 21 4759 5346 25
6890 5769 19 3984 3706 19 3474 4609 18 3763 6033 32 4736 4261 23
3708 4941 14 3102 4731 15 4990 6431 31 6599 5682 29 4590 3462 17
4640 6399 33 4107 3453 15 2860 4138 21 3168 3003 7 4596 4061 20
5960 5707 20 3392 4925 24 4846 4280 15 3688 3030 14 5105 5705 29
4407 3010 15 3816 4044 11 4949 6315 43 4857 5045 11 3806 4879 18
4215 3482 13 4018 5734 30 4723 6026 26 4035 4476 18 3470 4477 18
4059 4836 15 4367 5987 19 4684 4152 32 5217 4255 16 4186 5045 26
3475 5434 24 4411 5331 19 6412 6264 26 5436 5209 26 5362 4682 23
3206 3838 17 3327 4916 17 2684 2401 12 3717 5253 33 5042 3317 18
4627 6315 26 7620 7164 31 5464 4799 11 5089 6218 31 3956 5417 20
5087 5630 26 4892 5157 21 4482 4706 27 4260 4796 17 5747 5871 22
5283 4128 12 4969 6461 35 3597 4541 19 3332 2910 9 3902 4548 15
4773 5093 21 4162 5041 22 6036 4795 15 4883 5569 17 3259 5240 29
3669 3379 19 3042 3162 12 2990 3699 17 4218 3807 15 3686 4795 30
4141 4988 16 2818 3911 17 4708 5919 16 4838 3372 13 4313 5177 32
5454 6458 29 5522 5030 17 3907 4897 27 4303 5388 12 5289 4981 19
4787 4853 19 5854 6614 30 4893 4071 19 5645 5500 19 4626 5654 24
5381 6731 28 6021 4488 15 6557 5269 22 3516 6016 27 3833 5038 24
3651 4521 19 4060 4606 16 4938 4379 26 4509 4623 20 3405 4841 28
4652 4526 21 4204 4357 18 3148 4006 21 3696 4208 19 3697 4082 24
4218 2845 13 3201 4831 10 4185 6707 40 3947 4600 17 5807 4485 18
4248 4133 7 5291 5039 21 4140 6820 37 5164 4699 15 5096 5887 18
4177 5292 19 4931 5821 31 4935 4252 16 4065 3850 13 5210 4463 19
5407 4944 24 4118 5965 24 3125 3063 12 5129 5578 29 3257 4093 20
4448 5064 25 3146 4255 14 3155 4118 14 3678 3407 15 6942 5693 31
5223 5678 24 3056 4831 26 5185 6033 30 5569 4922 20 4002 4897 25
2641 3641 24 5202 5592 23 4630 6019 27 4852 4095 21 3580 3294 19
4864 5119 20 4905 6347 16 5371 5445 17 3652 5809 30 5208 4886 17
4080 5075 14 4084 3406 11 3599 4250 23 4104 4686 23 4639 5887 25
3677 4787 17 3907 4500 17 5305 4122 16 3274 5619 37 3226 3712 11
4704 4276 24 4182 4336 12 4704 5992 29 3045 3487 13 4649 4084 22
3780 4863 14 4395 4422 23 5024 4325 24 2903 4547 14 4924 4880 33
3657 4702 20 5071 4592 18 3592 4305 31 5610 5844 24 4071 4590 11
5962 4375 18 5472 6020 24 3691 5388 20 4826 3657 17 4554 6187 28
4862 5531 27 3482 4516 16 5030 6245 13 4679 5404 22 6595 5387 31
3929 4162 14 5965 6127 36 4818 5845 22 4080 6251 31 4409 4384 17
3822 4710 16 4753 4455 20 4647 4589 29 4130 5530 16 5444 4958 21
3979 5045 15 5824 5315 23 5097 6035 34 5073 4666 17 3242 4206 14
3735 5232 15 4689 4384 19 3993 4404 16 3439 5078 29 3375 4391 25
2390 3697 10 3999 6042 31 3210 3316 14 4453 4889 27 4418 3555 14
3225 4122 6 3303 6685 37 3448 2645 12 5544 3127 13 1824 3655 8
5115 5757 20 3578 3756 12 4498 5151 18 5503 6199 35 5967 5248 21
3749 3049 7 4105 6200 31 4505 6343 26 2731 3049 7 4145 3652 17
5728 4491 22 4810 5693 21 3837 4592 12 5122 5125 23 3347 4778 26
5487 4786 16 3803 4905 23 4549 4159 16 5891 6950 27 4530 5916 23
5620 6110 13 3105 3250 16 5363 6893 27 3489 3056 12 5083 5609 31
2573 2768 10 5160 3666 12 4196 3935 17 4137 4367 9 1445 4513 33
4283 5261 22 4848 4611 17 3309 3778 11 4585 6238 19 5857 5355 36
3583 5202 22 4801 5334 24 3748 4046 12 3494 3283 27 4997 4651 16
3738 4992 16 3924 3660 12 6127 5611 26 4097 5439 29 6058 5474 26
4290 6070 25 4028 3544 12 5136 5180 23 4025 4690 18 6448 5676 29
3273 5419 32 4673 4390 9 5128 5005 23 3775 5046 12 5459 5004 17
4440 6187 20 1777 2295 10 4022 4110 21 5460 5177 25 4084 3752 21
4464 7655 31 5255 4047 17 4683 4676 23 5302 5026 26 4973 5741 18
3711 4902 21 4911 4932 21 3957 3437 19 4581 5700 32 4798 4459 21
3288 3561 19 2827 3605 9 3660 3289 18 4070 3590 20 3865 5921 28
3613 4616 17 3922 3223 11 4014 6811 38 5517 3954 19 2942 3414 14
3127 3023 11 2784 3106 9 3099 2918 11 4345 5776 38 3307 3329 10
4064 3622 16 4242 6144 14 4145 4200 16 3439 5292 24 5459 5180 30
3617 6283 24 3968 4152 18 3847 2755 6 2985 3473 24 3238 3525 14
5061 5545 25 4862 6771 30 4533 5102 24 5188 4347 23 4478 3790 18
5417 4871 19 4893 5994 25 4524 4522 14 4691 5446 18 4947 5011 32
4790 4706 17 5669 3986 19 4427 5824 23 5158 4198 15 5708 7937 31
3083 3306 10 5051 5125 21 2507 3263 16 4532 4461 17 3309 4392 28
6218 5110 24 4920 5168 23 4616 4204 9 4038 4545 22 3784 5446 29
3470 3215 8 3199 4656 26 4808 5788 23 4247 4024 12 4453 4741 19
4821 3329 17 4505 5502 21 3428 3940 14 2450 4340 23 4065 3669 13
4756 4299 23 3625 5508 19 6221 5021 25 3543 5616 27 4685 3517 20
4883 4313 20 3444 4107 29 3565 4727 21 4164 5143 16 3223 2855 20
4597 6352 31 5015 4700 20 4683 5692 13 5136 4573 11 3589 4320 22
4774 3347 17 5591 5656 25 3533 5487 19 5605 5382 33 2953 3927 12
4175 5043 32 2482 3381 10 3735 3580 11 4893 4787 20 4986 4498 15
5115 5281 32 2661 3208 5 4450 5168 23 3637 3591 13 2591 3996 19
4349 4485 24 4051 3762 13 2999 3231 26 4280 4559 18 3755 5258 19
5200 6061 23 3458 5676 30 5686 5179 20 4292 4324 16 4719 4881 25
4515 5231 19 4639 5501 22 4366 6027 34 5039 3947 16 5145 5090 19
3786 4153 24 3899 4034 26 1780 3113 13 4403 4664 18 4708 5039 27
3212 5110 21 3815 3557 18 2990 3829 15 5516 5119 19 4179 4010 31
5208 6210 32 4256 3158 10 3477 4357 18 4565 3688 14 3574 4104 14
6627 6687 23 4083 4383 23 5063 4601 22 4677 6204 28 5141 5671 19
5967 5527 20 5307 4429 20 4719 4905 15 2830 4734 27 3190 5241 19
4354 4521 16 6194 6257 28 4415 5719 38 3221 4128 16 4816 5835 16
3664 5624 22 6011 7688 30 5186 5469 18 4440 3015 16 4562 4500 26
3668 4558 16 4144 4670 21 5121 5644 31 3291 3095 19 4114 4001 20
5714 6379 24 5972 5126 26 4362 5070 18 5092 4924 23 3231 4624 17
5273 5612 26 5107 5952 16 3521 4860 24 5829 4848 23 5155 5139 18
3556 6105 28 5770 5299 23 4741 2489 11 3442 5569 32 4997 5631 21
4438 5997 17 4381 5326 21 5823 3151 21 5128 6232 30 4741 6527 31
3096 3791 18 3745 3498 25 3162 4256 17 3534 4752 22 4227 4614 25
4916 4839 13 3916 3473 12 3515 2633 12 3184 5114 24 5089 5859 30
4160 4295 15 4952 5696 20 4908 5122 22 4603 5314 33 3389 3753 17
3095 3018 11 4279 5198 22 4920 4558 21 5278 5267 26 4527 5162 22
3569 4237 26 2772 3064 9 2851 3617 18 5611 3799 16 5096 7559 33
2997 3771 12 3859 3703 12 3661 3847 20 4021 3226 13 3843 5841 29
2475 4372 13 5306 5249 32 4438 3296 14 4541 4692 21 3591 4184 7
5138 4352 19 3006 3058 18 4550 3825 18 3582 5239 28 4274 5251 21
4126 4991 26 5801 5713 24 3651 3985 12 5876 4898 27 3819 5283 20
4235 3756 16 4614 6785 32 5938 5004 28 4616 4941 17 4955 5124 17
5396 5436 16 4345 5545 26 3557 3411 11 4916 4016 28 4604 4558 24
5102 5147 24 5673 7580 25 4570 3370 16 4518 4192 14 4705 5093 33
5131 5737 18 6809 5033 25 4267 5172 22 5569 6435 27 5890 5643 25
4210 4036 14 3969 3778 19 3610 5406 12 3864 3828 20 3460 4186 30
4548 5698 31 4817 4631 28 3935 4610 14 4776 5428 18 3989 3716 16
4678 5457 18 5766 4734 17 4703 6747 28 4573 4194 24 4699 4489 22
3635 4387 20 3810 3652 11 4486 5302 20 4356 4971 21 5349 5903 27
4403 3576 15 3177 3795 10 3913 3249 18 5593 5235 21 3783 6826 33
3549 4680 17 3999 5453 19 5162 5041 26 5159 5205 16 5410 5526 26
4783 5064 22 5954 3795 21 3778 5419 30 4805 5597 21 4271 4091 23
4767 3611 18 5173 5572 19 5098 6024 26 2735 4135 16 3750 4593 21
6503 5020 23 4874 6376 21 4566 5697 17 4321 3839 14 5619 6257 31
5717 3870 21 3106 5453 29 3963 4972 18 4106 3957 22 3016 3699 18
3902 4360 25 4742 5719 20 3756 3912 17 5043 5206 24 5257 6004 24
4829 5289 19 4896 5089 19 3723 3647 24 5580 6172 37 2938 4464 15
5260 5738 25 4464 3948 19 3659 5686 31 5332 4244 23 2502 1949 8
5261 3850 14 4022 4691 24 4853 6043 19 5448 5348 24 3877 5452 28
4011 5421 12 3686 3697 13 4447 3837 25 3656 4137 24 3299 4090 14
4120 3771 17 4139 4723 20 4129 5114 22 4602 4786 28 4674 4999 19
5398 6083 23 5722 6080 26 4769 5311 22 4669 4074 16 4753 6605 25
4583 4301 21 5180 7532 33 6004 4983 25 4206 6474 20 5424 4835 20
6612 6456 21 5102 6311 35 5798 6144 26 5476 4997 21 4569 5820 21
3917 3869 20 2916 4056 14 3481 3901 21 5829 7165 34 4706 3912 16
5857 5882 29 3452 4081 13 4911 4749 27 5382 4743 19 4616 5491 20
2268 5168 26 3787 4870 16 5115 3367 16 5105 4781 20 4423 5791 25
4915 4648 16 6302 6072 26 3796 3480 14 4862 7525 25 5411 5123 21
2501 4217 20 3839 3398 9 3979 5301 30 3729 3913 14 3618 3981 14
5497 5899 27 4620 4716 23 3717 3465 10 4073 5225 24 4886 4303 26
4633 5129 26 4281 4482 20 5640 5673 23 3867 3692 13 4932 5631 25
5064 4739 17 5324 6314 27 4170 3207 10 3411 5291 24 5376 5322 24
5165 4963 24 5138 5173 20 3478 3761 14 4489 4568 21 5945 6563 33
4327 5282 26 4387 4602 22 5413 4952 23 3248 5021 14 5335 4709 20
3704 3751 17 3989 4362 21 3687 5356 27 3685 2642 14 4448 5159 24
5243 4856 16 4798 5458 25 3450 4807 22 5131 4416 16 4407 5051 23
3549 4544 15 4357 5440 19 4922 4661 25 4910 4915 24 3320 4637 26
4448 4902 15 3437 5049 32 4551 5366 23 3259 1813 8 4977 5616 20
5638 4342 21 2826 4438 33 2918 3529 12 4063 4232 13 3409 4528 15
4091 3370 11 3893 5345 30 4981 5204 19 5667 5763 24 5155 5716 23
4271 6071 31 5996 5236 34 2495 3701 13 2289 2082 8 3374 3335 8
3782 4588 12 4859 4435 14 4332 4897 31 3382 4425 14 5233 5788 24
5061 4889 20 3448 5296 22 6583 5462 31 4531 5542 20 6169 4808 23
5684 5376 35 3985 3815 18 3518 4469 17 4551 5762 23 3395 3560 15
4287 5071 27 4789 2957 11 3011 5795 25 4607 4656 18 4316 4670 20
4420 4581 17 5735 6372 31 4436 4340 15 4509 4251 17 4669 5241 25
5400 6973 25 5409 6152 17 5376 5594 28 4602 4413 22 5050 4379 27
5295 4754 20 4324 4785 18 3589 3992 20 5375 5415 23 3503 5294 27
3176 5935 30 4848 5081 22 4811 5617 21 5666 5169 22 4369 4042 22
4474 3902 13 4551 4080 15 4257 4177 11 4553 5694 28 4546 4999 25
3774 4923 21 5312 5042 25 3554 4155 21 4215 3248 17 2927 3857 12
3265 3942 18 2727 4449 18 5624 5621 31 4874 5165 19 3728 3610 14
3349 5420 22 3673 3449 11 5786 4936 26 4125 3357 14 3428 4023 13
4407 4165 22 3400 3251 19 4603 3681 15 4369 6907 34 3687 3312 16
4659 5686 27 4270 4448 23 4246 6248 27 4919 5168 25 4867 4399 13
3704 5077 27 4802 4882 16 5221 6202 24 5107 5783 26 4443 3594 15
5532 5064 26 3822 5491 22 4875 5787 27 3297 3769 21 3004 2660 9
3768 4020 15 3646 4858 31 3837 4527 24 2889 2667 12 3693 3539 14
3977 4922 13 5377 4192 16 4637 4089 15 3505 5150 24 4693 4774 27
4684 3231 17 3108 4958 19 4328 5744 29 2345 3151 17 3904 4527 30
5781 5968 18 3655 5260 30 4566 5498 17 4647 3847 20 4025 4769 22
3076 5313 32 3522 2668 9 3509 3794 24 1934 2071 6 3058 4003 12
5575 4420 19 4295 5827 33 2481 4095 18 5194 4268 20 4746 4192 22
4980 3925 18 4492 5220 19 5542 5129 22 3682 5699 27 3794 3523 17
4331 3659 20 3498 3331 11 5399 6362 29 4379 4406 21 4563 5934 31
5077 4583 15 4283 5054 22 4647 4547 14 3820 4252 22 4184 5595 30
3830 5637 29 5016 4431 18 3704 4190 10 4867 6157 28 5354 4339 18
6579 4926 21 5630 4849 26 4202 5920 25 5506 5242 31 3866 5820 22
4421 3471 11 4357 3789 16 3763 3477 10 5670 6579 30 4423 6270 25
5567 5222 18 5065 6537 28 3756 4547 19 3273 3134 17 4462 4740 20
3078 3992 16 4488 4047 15 4270 5325 18 3519 3817 15 4917 5774 34
3029 3228 21 3637 4959 20 4607 3994 20 3074 3500 10 2695 4110 21
3545 3681 13 4892 6246 25 5545 5752 28 5422 6172 37 3757 2525 10
3616 6012 23 4620 3425 16 5576 5233 15 5460 6063 25 6145 6920 33
4069 4485 27 5497 6028 27 4104 4361 16 3947 4354 13 3831 3758 18
4331 5450 19 5111 4480 20 4196 5013 27 4718 5328 27 4480 4323 11
3894 4402 13 4839 4214 20 3405 3936 23 3110 2190 12 1778 3624 21
3481 5689 31 5519 4509 16 5545 5770 28 3360 3684 9 2584 3464 12
3842 4465 19 3887 4741 19 6021 4464 22 5364 4674 22 3467 5757 31
3507 5400 24 4880 4935 20 4014 4670 25 3641 3526 13 4966 5755 19
4659 3857 18 4672 3408 11 3621 3260 18 2384 4112 19 2947 4461 26
4260 5257 26 6553 4895 30 3253 5399 11 3948 5006 10 5713 6430 23
3285 3747 13 4582 6557 35 4366 5081 21 4311 3962 15 5068 4327 26
3398 4020 19 4006 3838 15 4104 5725 27 5094 4956 24 5223 4528 22
4520 5755 25 5171 4873 21 2999 4055 12 4339 5075 18 4959 3890 25
3583 3423 12 3900 2689 6 3173 4446 18 1724 4143 26 4812 4012 22
3363 6172 34 4099 3633 22 3971 3990 16 4498 4413 24 3980 3622 6
3618 4218 31 4215 3680 19 3420 4418 17 6180 5210 26 2742 3303 8
3695 4328 15 3327 3073 16 3934 4456 23 4549 4922 16 4224 4627 26
4519 5989 22 5774 6659 33 4477 5345 13 4622 3368 18 5479 4245 14
4850 6056 28 3683 5262 30 3307 2303 8 4245 3893 21 3862 3004 14
4685 5235 25 4155 5401 24 2921 4509 11 5578 5310 24 4525 4469 14
5669 7052 31 6158 4896 24 4591 5763 23 3983 4861 16 5672 5090 25
3839 4515 15 4592 5581 20 4355 4576 19 4841 5160 15 5130 6068 32
3665 3440 11 3359 5110 28 3850 4550 16 4192 4752 20 4886 4053 18
5550 4903 22 3936 2885 10 5386 5386 23 3835 6000 21 4329 5355 29
3729 3293 11 3443 2196 8 2124 3544 16 2418 2613 12 2733 4771 35
5323 4673 18 4996 6091 26 3136 2263 10 4050 4233 19 3190 5423 24
3082 3972 8 4916 3918 16 3783 5075 18 4073 3591 14 3936 5679 33
