1589 2075 6 2426 3120 5 623 2106 8 1053 2494 6 1276 1414 10
1864 3360 7 1794 1992 4 2021 2665 8 1060 2486 10 1533 1905 8
1710 1666 6 1281 2321 7 1143 1881 4 1175 1568 5 1504 2553 10
1382 2543 12 1790 2394 8 1891 2003 4 2090 3406 7 1453 2016 4
1919 2894 7 2257 2834 6 1916 2893 4 2351 2862 8 2094 2394 6
1418 2086 5 1150 1293 4 2151 3124 6 2187 2161 8 2162 3567 9
1981 2248 6 1316 2165 7 1170 2107 6 1845 2422 9 1109 2544 6
1373 2884 6 2620 2725 7 1723 2626 8 1946 1678 7 1003 2199 6
1522 2335 6 1352 1984 7 1128 1962 5 2062 3564 8 1471 1542 6
1409 2538 6 2232 3237 10 1352 2888 6 1970 2591 8 1809 1606 4
1917 3754 11 2179 2612 8 1856 2251 4 1287 2269 6 882 1425 6
2056 2104 7 1536 2084 6 1396 2000 7 2031 3284 8 1686 3492 6
308 1239 6 1765 1714 6 1832 2789 6 1043 2258 8 2161 1606 8
1437 2084 6 1923 3311 9 1219 1626 4 3099 2758 4 1327 3394 11
1902 3001 7 1354 3258 8 1975 1739 7 634 1190 4 1927 2229 8
1618 1645 5 1166 2969 7 1899 1768 6 1653 2124 8 1197 2749 6
2149 2946 8 1097 2231 4 1885 1957 6 1223 2660 7 1672 1465 8
797 1571 6 1341 2044 11 132 1684 9 767 1526 4 829 1173 4
1908 2821 6 2385 3375 9 1388 2277 8 1683 2423 6 2258 2792 6
1012 1395 5 1544 1695 4 270 1986 6 1762 3134 9 1556 2102 7
2054 2509 4 1782 2785 4 1690 3305 8 2438 2538 9 1916 3553 12
1731 2232 6 1623 2311 8 1382 2637 7 2687 2883 6 1374 2369 6
916 1122 4 1172 2725 10 727 1143 6 1470 2324 8 1041 1633 6
1655 1964 6 2042 2819 7 1250 2028 6 1630 3413 11 1278 2241 6
1495 1811 4 1196 2862 9 1922 2235 4 1659 2891 7 1731 3019 7
1256 2155 6 922 1437 10 954 1990 10 1092 1875 6 1105 1923 4
1597 2515 7 1782 3087 9 818 2096 7 1556 2771 6 1776 1476 4
2533 2985 7 1923 3752 9 2086 2492 4 2321 2495 6 1128 1871 6
1382 3088 9 1238 1669 6 1559 1123 4 1017 1202 5 1308 3022 8
1882 2549 6 1221 4147 10 1934 2028 4 1659 2195 8 1417 1580 6
2196 3040 4 2431 2677 6 1214 2098 8 2272 3474 7 1743 2475 5
1127 2172 8 2218 2339 7 2051 3442 10 1651 2364 4 1615 2352 6
1731 2836 9 1533 2441 7 2008 3337 6 1659 1759 5 453 1528 6
2237 2276 4 1746 3486 11 1931 3384 8 1348 1523 6 2080 2628 6
2255 3140 5 2332 2976 6 1911 3052 8 1331 1343 4 1545 2105 8
1225 1988 6 968 3075 6 1883 2538 4 1695 1779 4 2527 3105 10
1465 2142 4 696 2927 11 1136 2036 8 1326 1417 4 1673 1965 6
1326 2144 4 2145 2914 11 547 2976 7 2273 2179 4 1021 2056 6
1527 1890 7 1862 2803 6 1596 2200 8 2315 3541 7 1530 2880 8
1605 2600 4 1394 2061 5 1635 2173 8 1707 2223 7 914 2043 9
1487 2810 11 1649 2004 5 2089 3436 6 1307 2145 6 2232 1662 4
1736 3247 7 1739 2370 6 1246 2409 10 1679 1362 4 2387 1868 6
1667 2931 4 1892 2093 10 1964 1679 6 2135 3050 4 2634 3324 8
791 1660 8 1203 1560 8 1032 3361 11 782 1070 4 1185 1344 6
1485 2470 8 986 2082 8 2274 1939 4 1770 2300 5 2480 4250 7
1879 2550 9 2175 2935 7 816 971 4 1532 2588 6 1170 2136 6
2835 4052 10 3119 2678 6 2515 2693 5 1791 2798 8 2347 3275 6
2561 2103 4 2234 2896 6 1309 3149 9 1895 2271 4 1355 2728 9
2453 2181 4 1544 2876 9 2455 3555 8 2178 2696 7 1355 1976 6
1600 2317 4 1201 3040 11 1526 2274 6 1269 2374 7 1830 1604 6
1870 2909 8 1980 2791 4 1753 1593 8 1089 2826 10 2057 1944 4
2154 3431 9 2317 3022 10 1287 1827 4 1216 1889 6 1140 1598 6
2121 2864 4 1474 1874 6 1940 2970 8 2037 3263 12 2199 2917 6
1928 2085 10 1040 2242 4 1290 2021 8 737 2840 9 1296 1599 4
1601 2521 6 2506 2746 6 1789 4347 12 1832 1850 4 2147 1548 4
2503 2563 9 2599 3720 4 2068 3954 8 2083 2612 6 2031 2642 6
964 2150 7 1702 2197 6 1226 1985 8 1500 1922 6 1201 2443 6
1441 4256 14 1251 1775 6 979 1662 4 1647 2059 6 1681 2122 6
2284 3201 4 2684 1310 4 1501 1910 6 2526 3461 12 1300 2913 4
2159 2685 8 1953 2255 10 1779 1812 4 1573 2276 4 1061 2623 8
1888 3024 6 1149 2899 6 1342 2047 9 1239 1339 6 1829 2875 8
1002 1909 10 2262 2947 6 1695 3022 6 1488 2592 4 2238 1612 6
354 1840 10 1201 2317 7 1679 2420 10 1015 1690 5 1636 2253 4
1491 1942 6 1408 3132 11 1421 2534 4 2427 2428 6 1978 3109 6
2251 2770 7 2153 2355 7 1885 2302 10 1009 2044 4 686 1529 6
1421 2280 5 1074 1451 4 1849 2662 6 1212 2028 6 1435 2375 14
1834 2258 4 1935 2503 4 2309 3229 10 2404 3121 6 2146 2809 8
927 1578 4 2598 3206 9 613 1640 8 1624 2389 6 1225 2934 10
1113 2013 7 810 2750 8 2091 2483 8 1392 1962 6 2004 2250 6
2263 3668 6 857 1198 6 1010 1907 4 1986 2801 10 1759 3662 10
2092 2177 6 1367 1289 4 1477 2714 11 1127 2484 4 1420 2374 8
1532 1778 9 1275 2140 4 968 2064 9 760 1141 7 533 663 6
1132 2769 6 2283 2492 6 1707 2482 4 1697 2650 14 1733 1904 4
1732 2172 4 2236 3530 5 1735 2393 11 1161 2661 8 1806 2851 6
1366 1418 6 1752 2239 9 853 2309 4 1032 2497 5 2379 2957 10
1847 2080 7 1136 1237 4 1156 1676 6 1777 3076 10 1654 2854 6
1738 1319 4 1738 2550 4 1874 3331 13 1257 2310 6 1719 3129 8
2086 3174 10 1980 3355 7 1746 2599 6 1884 2352 6 2303 2445 4
1121 1551 6 1781 2216 4 1248 2224 8 1244 2179 8 688 2322 9
2061 3296 7 1729 2457 9 1926 2413 5 1907 2577 8 975 1380 4
1900 2672 10 1359 2041 4 1897 2634 10 1923 3157 10 944 1419 4
1591 2212 5 1627 1478 5 1515 2414 6 1874 1818 6 1549 3351 10
1134 2849 13 1717 2454 8 982 1170 4 1118 1846 4 1452 1768 4
1441 1882 8 1246 2101 6 1250 2871 12 918 1316 4 1086 1600 8
1971 2885 7 1651 2402 6 1248 1570 6 2074 1862 4 1534 3205 8
1703 2473 4 1529 2864 9 1676 2528 10 1430 1866 5 1507 1576 4
2366 2940 8 1788 2862 6 1760 1782 10 837 1281 6 1555 2490 6
1362 2152 5 2547 3230 5 1919 2597 6 2412 2860 10 1752 3256 5
1744 2085 4 1882 2367 5 1931 1750 6 1042 1393 4 1938 4313 16
1254 1147 6 1287 2011 8 1841 2594 4 1637 2178 4 966 2157 10
2251 2488 7 978 1839 8 1986 2378 8 1150 2055 4 924 1705 6
1395 2398 8 1647 2251 6 1932 2798 7 2848 2918 8 1594 1823 4
2179 2656 4 1786 2728 6 1555 2692 8 1592 1580 6 1929 2840 10
2275 2807 6 1723 2895 10 2589 3495 6 1317 3106 7 2712 2575 4
1973 2130 4 1779 4509 14 839 1378 4 2084 2806 7 2247 2177 6
2164 2694 8 2020 2785 4 2348 2675 6 1265 2052 6 1540 2502 10
681 685 6 960 2023 9 559 1856 9 957 1558 4 1612 2137 7
1269 1732 8 1386 2872 9 937 1368 6 888 1260 4 1000 2017 8
1463 2419 8 1187 1969 6 1405 2504 8 883 1295 5 1602 2121 6
1020 1605 4 1715 3267 13 827 1542 4 1615 2930 9 1779 1728 4
1365 2164 4 1210 1437 4 1623 1873 11 2229 3601 9 1072 2084 4
2493 2200 6 1771 2430 6 1772 2602 6 1558 1797 6 1507 3338 7
2407 3162 4 1471 3164 9 2042 2931 4 1749 2282 4 2383 2315 9
944 1995 6 1006 2421 8 844 1778 8 1066 1153 10 1626 1959 4
1288 2431 7 1737 2470 4 1933 2906 9 1829 1727 4 1967 3170 8
1987 2570 12 2287 2378 8 1870 2834 6 1220 2684 6 1490 1721 4
1432 2175 6 2375 2650 7 1114 2004 8 1522 2620 6 1876 2436 8
1473 2409 8 1320 2041 8 1043 1935 5 1409 2309 8 1437 1527 6
1538 1947 6 985 1644 7 511 1932 8 1674 1988 8 1250 2036 6
1483 1200 4 1309 1922 8 1080 1729 6 1127 2954 8 1238 2201 7
2176 2157 4 1138 1873 8 1408 3739 9 2350 2863 4 1630 1999 5
1119 2111 4 2072 3500 9 1756 2444 8 1443 1681 4 1462 2076 8
1468 1639 7 622 1968 4 843 2240 10 1470 2552 10 1052 1212 6
1829 3037 6 1230 2600 8 1804 2775 6 1492 2239 4 2185 2811 8
2295 1830 4 935 1594 6 1440 2487 9 1241 1018 6 1503 3038 8
1826 2203 4 1399 3865 8 1892 2561 12 2107 1434 4 1691 2053 6
892 1039 5 563 2242 10 1370 1492 4 1994 1807 8 923 2056 7
1560 2025 4 2365 3060 6 1841 2684 10 2828 3113 6 1583 2529 7
1427 1647 6 869 1834 4 2030 2223 4 1486 2157 5 1569 3410 15
1868 1454 7 1182 2243 4 972 1705 6 2017 2042 7 1335 1934 7
1679 2097 8 1650 1966 4 1502 2976 9 2110 2671 4 1493 2760 8
959 1874 4 2119 2364 10 1731 2402 6 1379 2240 4 1386 2190 10
1724 2757 11 1230 2471 7 1919 1984 4 513 1102 6 2310 2673 6
1229 1606 6 1523 1783 7 1445 2126 10 453 1355 5 1823 3103 8
2002 1825 6 1340 2167 6 2814 3100 6 1049 2363 10 1089 2847 8
1445 2321 4 973 3108 13 1216 1888 8 1497 1651 4 1889 2143 6
1638 2038 4 1715 2205 4 1461 2996 10 1073 2123 6 1453 1776 8
911 1839 10 1043 2673 9 1549 1589 8 1231 1703 4 1205 2054 5
2001 2331 5 1723 2265 4 2228 3431 12 2214 3594 8 666 1748 4
1259 2045 6 1320 1628 6 1480 2367 4 2410 3141 9 1437 2199 7
828 1312 4 1384 2262 5 2312 2903 6 1934 2715 8 2320 2552 8
1794 3193 8 2512 2964 6 3060 2263 4 1845 2676 8 943 2361 10
1445 1612 4 1361 3558 10 1930 2269 8 1955 2361 4 2274 2447 6
2530 2631 7 1648 3302 9 724 1095 4 1736 2459 7 1110 1499 6
1277 1924 4 1792 3238 8 1151 2022 7 1887 2111 6 1706 2317 5
623 2485 15 935 2163 8 1521 2044 6 495 1671 4 790 1092 4
1005 2585 8 1895 2022 7 1661 2425 6 1140 2972 8 2811 2512 4
1255 2165 6 1017 2112 5 3069 2913 4 1263 2203 5 2825 3916 12
883 1644 10 1343 2078 4 1461 1837 6 873 2191 10 1300 1883 6
2023 3014 5 1479 2603 6 1611 1765 4 3249 4030 12 1861 2313 6
1053 2309 7 1329 2620 6 701 2663 11 1733 1217 6 1139 1536 4
1743 2619 11 1227 1322 6 1274 1198 6 1617 2430 6 1539 2912 6
1347 2008 5 1051 1838 10 456 1404 6 1587 1706 6 2077 3227 6
1507 2441 9 2500 3324 5 2025 3360 5 2367 1699 8 1854 2239 4
2057 2463 10 2283 3383 9 1775 2841 6 2562 2806 4 1012 2279 5
2447 3570 10 2365 3550 6 2107 2921 8 1982 2469 4 1560 1111 4
1415 2034 6 1122 2393 6 2086 2524 7 2619 3108 4 1791 2405 8
1352 2660 8 1657 2275 7 2054 2109 6 2181 2191 6 418 2189 8
1562 3294 6 2266 1725 6 1511 2333 8 1561 2647 8 2001 2688 5
1320 2443 10 1391 2453 6 1194 2029 12 1503 2788 6 1123 1652 4
1484 1934 8 1211 1836 4 1477 1667 6 1550 2709 10 1416 2182 6
1205 2289 8 1705 1822 4 1637 2745 10 1150 1461 4 1874 2214 8
2038 2765 4 1573 2390 4 1644 2677 10 2043 2925 10 1611 2741 8
2037 3663 10 2135 1940 4 2045 2423 6 2715 3228 6 1493 2877 8
2427 2726 10 2731 3492 6 1281 1948 6 1484 2029 6 1039 2499 6
472 1576 9 1195 1701 4 146 1422 8 1157 1260 5 1264 1848 9
2167 2790 7 2834 3582 5 1493 3424 10 3197 2117 4 2107 3019 4
1452 2466 8 685 1223 6 1544 2665 7 1767 2593 4 2280 2481 7
1681 2065 4 1408 2281 5 1676 2542 8 1463 2698 9 1865 1964 7
1192 1506 4 1750 3407 14 739 1636 8 1447 1783 4 1362 1470 6
746 1139 7 1232 1756 4 1178 1477 5 1785 3426 10 1387 2675 6
1216 2266 8 1323 1569 4 1196 2586 7 1274 2437 10 1464 1935 4
1803 1641 4 2826 3090 8 1175 2054 6 2083 2567 5 2298 3591 8
1206 2870 10 1120 2527 9 1670 1511 4 1072 1568 4 2007 2316 6
1063 767 4 2357 2843 10 1673 3476 11 1327 1151 4 730 2632 8
1419 2148 8 1275 2053 8 1402 2095 4 1194 1947 8 1082 2302 8
1303 2562 8 2195 2539 6 1917 1826 4 909 1768 4 1869 2861 12
2265 2994 10 1473 2505 6 1073 1732 5 974 1902 6 1585 1934 4
2928 3445 4 1670 3814 9 1235 2169 4 1719 2092 6 2769 2941 11
1234 2263 10 1758 1964 4 1557 1462 6 2255 3648 8 2506 2208 6
2235 2302 4 1236 2206 6 1702 3068 7 2618 2296 8 1093 1750 8
1560 2278 6 1603 3005 11 1546 2137 4 1505 1289 4 2277 3081 10
1294 2206 8 2272 2834 7 2849 4049 4 1829 1933 6 2232 1852 8
863 2430 9 1184 1319 4 773 1648 6 1660 2337 6 1702 2257 8
1359 2192 6 812 2196 11 1160 2023 4 591 1906 6 1642 2195 6
1404 2261 6 808 2345 7 1153 1924 4 1840 2803 12 1448 1837 4
1927 3357 7 879 964 4 1077 2409 7 1652 2301 8 1826 2176 8
1041 1850 8 1805 1877 12 1053 821 4 973 2475 8 1007 1372 4
1044 1496 4 2102 3406 7 2456 3501 6 2089 2715 8 1767 2749 8
589 2453 9 2083 2855 5 698 1321 6 2131 2187 6 2278 2381 6
1299 1882 6 637 1732 4 1103 2232 8 2091 2248 11 1479 2504 8
1712 2737 7 1376 2996 6 1449 1224 4 1196 1674 6 1751 2590 10
978 2017 7 1942 2137 6 1498 1489 10 1848 2253 4 1276 2168 6
1046 1765 7 1853 3331 9 906 1617 6 1580 1427 4 2060 3245 8
2157 2552 8 2056 2292 4 1874 2802 10 2054 2421 4 1723 3415 7
665 1304 4 2177 2422 9 2344 2710 8 2277 2799 5 928 2311 6
974 2607 4 1804 2196 8 1457 2589 7 1433 1972 4 797 2706 10
2303 2062 10 1264 2600 8 1117 2340 5 1809 2385 5 1143 1835 6
1523 1827 6 842 1232 6 1520 2254 8 936 1561 7 1579 2359 8
1522 2119 4 1722 2710 5 1324 2353 10 1892 2003 8 1582 2907 6
2416 2705 4 1650 1671 6 2668 4127 14 1315 2849 6 2489 2866 6
1612 2386 12 1602 2929 6 1990 2460 6 1088 1378 4 1409 1856 6
1933 2393 10 1250 1375 7 984 1725 6 1793 2713 4 1407 1973 6
1503 3231 14 2508 2897 5 1342 2348 6 1164 2035 6 1584 1519 4
1261 2021 6 2066 1318 4 1456 2031 4 1457 1930 4 1896 3384 16
677 1459 4 1943 2011 10 1923 2358 6 1429 2456 8 1866 2521 6
1892 2015 6 793 1445 4 1223 1648 4 939 2503 14 1899 2300 6
1975 3600 7 1684 1587 6 1882 1704 7 1781 2368 4 1754 3210 10
777 1442 8 1275 1806 7 1432 2323 4 1422 3148 7 1278 1278 8
1506 1927 4 2455 3363 8 2890 3237 6 2222 2840 8 1125 2138 6
1885 2326 8 633 2305 6 2121 2817 8 1620 1583 4 1405 2371 5
1238 1822 5 1405 2010 7 2167 2142 4 1617 2213 4 1855 3055 10
2151 2024 6 1724 2720 4 998 3889 11 1477 1447 4 2399 2006 6
1726 2018 4 1713 2312 4 852 2464 15 1543 2106 6 1822 2524 6
1457 2394 11 1532 2171 9 1587 2165 4 1521 1966 4 2595 3726 4
1025 2274 7 1210 2493 6 1241 2583 10 1905 1623 6 2049 2555 5
1276 2337 5 1090 2193 11 1533 1989 6 1192 1828 5 1982 2014 4
1229 2148 5 2525 3055 6 1292 2276 8 1106 1745 7 1906 2399 8
1807 3102 6 1977 3560 9 2167 2578 7 1830 2513 6 1335 1779 6
2303 2946 4 2343 3936 7 3399 2441 7 1619 2600 8 1581 3237 4
1555 2994 7 1689 2985 7 1754 1998 8 2426 2498 8 1519 2146 6
1702 2208 6 1824 2989 6 1450 2449 6 1770 2311 7 2501 2795 8
1256 1671 9 1825 2758 8 1763 3005 7 827 1822 6 1566 1495 4
1013 2286 8 1449 1940 11 1762 2057 5 771 1579 6 1645 1636 4
1488 2040 4 1833 3023 8 2222 3261 8 1095 2185 8 1909 2010 10
1836 1827 4 818 2143 4 1284 3583 12 1684 1736 6 1992 2724 7
2266 3137 7 1391 2234 4 1183 2604 11 1335 2071 4 2316 3028 10
2004 3145 4 2381 2708 10 1518 2555 5 1651 3009 7 1418 2036 6
1815 2631 7 1172 1701 8 698 2203 8 1782 3056 8 1338 1425 6
2595 2605 4 1198 2236 6 2325 3421 8 2509 2382 6 2271 3399 12
1582 2041 10 1484 2864 6 1309 2819 7 2317 2509 6 1398 1715 4
1703 2928 11 1421 1375 6 1278 2435 4 1751 2250 7 2094 2183 4
703 1340 6 1652 2232 8 1563 2678 6 2066 2179 6 1444 2297 7
1866 2733 4 1856 3788 9 2055 2394 7 2067 2104 6 1478 1669 6
1517 1576 4 1449 1156 6 1357 2154 7 1233 2487 4 2219 3412 11
1263 1779 6 1825 3139 7 1792 1151 6 1840 2993 8 2064 2500 6
2328 3927 15 1738 1633 5 1859 2049 4 1358 2456 4 1139 1936 5
2239 1659 4 1190 2486 8 2077 3188 8 2545 2146 4 1166 3433 10
1199 2497 6 1247 1616 4 1466 2764 14 1720 1350 4 1202 2188 8
2930 3254 8 2286 2163 5 2193 3408 8 1885 3046 6 2174 3242 6
1210 1515 5 1568 1723 5 2341 2568 7 2107 2906 8 3092 3852 6
1489 2733 7 2279 2450 8 1522 2407 9 2649 2863 4 979 1110 4
1896 2089 6 1685 1574 4 1215 1859 4 1505 2045 9 941 1857 10
1747 2406 4 1847 2999 6 1200 1855 10 2036 3032 6 2539 2325 8
1337 2056 6 2690 3276 8 1165 2394 5 2308 1796 4 1986 3490 10
433 1692 6 1002 1584 10 1106 2717 10 1129 2107 4 1869 1987 4
1052 2368 10 623 956 4 752 1938 11 1879 2741 6 900 2022 4
825 1838 4 1693 2169 8 892 1107 8 1438 2156 4 1351 3213 12
2713 3548 10 2401 3166 7 1488 2767 6 1266 2822 4 2634 2238 6
2880 2537 4 1587 3499 8 1565 2039 10 1907 2079 6 1387 2841 8
1319 3275 7 2436 2028 4 2363 3153 10 1707 1887 8 937 1755 6
2912 5063 11 2182 3072 4 2161 2146 4 2283 2515 4 2038 3047 10
1458 2096 6 758 1412 6 725 2386 12 1112 1652 4 1504 1337 7
2250 1351 6 658 1974 7 1592 2382 6 2369 3663 8 1020 1355 7
1576 2285 8 2974 2124 4 1828 2081 6 1031 2506 9 2309 2798 4
1756 2035 4 1913 3427 4 1541 2887 4 1982 3092 7 1996 2193 14
2430 2519 6 1333 2312 10 1000 1966 12 671 1434 4 1506 1747 4
1625 1721 8 1009 1823 6 1243 2627 8 1995 2775 10 1213 2101 4
2079 3962 10 1793 1818 8 1455 2380 6 1717 1276 4 1427 2791 4
1829 3302 8 1588 1517 5 2005 2627 10 1125 2046 6 1324 1447 6
1340 2433 6 1474 2772 10 1419 3002 8 1928 1444 7 1515 1975 4
1403 1715 8 2198 2708 6 1624 2565 5 1775 1747 6 1133 2339 5
1119 2599 8 2592 2686 6 2741 3129 8 1896 2062 4 2061 3314 8
2922 4333 7 1598 2035 6 1741 2623 8 2626 3351 8 2634 3109 4
1363 2008 4 1718 2564 7 1295 2065 6 2086 2423 8 1923 2615 8
1218 2968 10 1585 2326 7 2137 1388 4 1362 2095 4 1511 3129 10
1751 1898 4 1847 2464 6 901 1704 8 1815 2618 9 996 1760 4
2174 2198 10 1712 2354 8 2195 1475 4 1026 1353 4 1419 2966 8
1006 1303 4 1534 1964 9 1034 1102 4 1275 2847 9 1935 2431 6
1457 2013 6 1647 3103 4 1860 3264 9 2064 2514 8 2086 2461 6
651 1678 7 1243 2117 11 445 1566 4 1185 1431 6 1414 1971 6
1473 2690 8 2014 3150 6 1325 1714 8 1339 2261 6 2035 2751 8
898 1283 8 1514 2600 6 1712 1716 8 1557 3070 5 1316 2264 6
2321 2052 6 1944 2810 7 1157 2733 6 1485 1999 8 2243 2746 6
1481 3021 10 1760 1462 4 2521 2310 6 1749 3356 4 1809 2489 10
1292 2317 6 1403 2575 4 1206 1727 10 1310 1929 4 1605 2179 12
2547 5086 8 2503 3249 4 3142 3117 5 2870 2833 8 2510 3051 4
1559 2853 4 1330 2669 7 1924 2461 10 1609 1817 5 2614 3043 6
2330 2985 4 2232 2933 8 1436 1924 4 1563 2713 6 2885 3830 10
1360 2030 7 1102 1350 6 928 3143 9 1634 1669 7 1014 1919 4
1115 2648 14 1958 1773 4 1511 645 4 1163 2074 6 931 2235 6
1221 3051 6 2000 1931 4 1347 2249 10 2856 2907 4 2272 2991 10
1947 2507 5 1189 2664 6 775 1319 5 1386 2102 8 2071 2370 6
2200 2339 8 1379 2699 8 1263 3048 11 1732 1919 4 649 1202 4
2234 3548 9 1835 1887 7 2157 2887 6 1395 1672 6 1143 2313 6
1885 2706 4 1851 2911 9 1195 2076 4 2475 2260 9 1546 3059 9
1792 3389 14 1562 1878 6 816 2039 4 965 1914 4 2440 1954 6
1997 2531 4 1223 2203 8 1464 2031 6 1794 2423 10 1932 2250 8
1842 2390 8 1818 2647 8 1782 2832 5 2630 3380 10 1333 2225 4
1738 2307 4 2148 2500 6 2012 2182 4 1515 1720 8 762 2044 10
1173 1039 4 1383 2515 9 436 2064 7 1778 2347 6 1920 2151 6
1875 1546 5 1162 2414 18 933 1939 4 1073 1452 6 1197 2349 4
2096 3473 6 1193 1461 4 307 1128 6 2815 3696 7 1540 2049 10
1714 2632 9 1253 1221 8 1051 1702 4 1157 1486 6 1420 1632 6
1274 2631 11 1208 1297 4 1309 2024 7 1517 2881 7 2432 2687 4
1907 2222 8 1268 2917 9 1166 1780 4 1917 2707 6 1719 2133 6
1728 1773 6 1836 2495 4 2220 3028 13 743 1244 7 1209 2558 6
1755 2377 8 905 1486 8 1849 2457 7 1168 1678 6 1253 1442 6
1014 2021 4 2325 2860 10 1376 2269 9 1378 2416 6 1640 2321 6
2543 2786 4 1862 3204 12 1957 3568 5 2400 3360 6 1255 1836 6
1595 2156 6 1218 2436 7 1879 1530 4 1010 3328 13 1396 2206 4
2018 2948 8 1798 1891 8 833 1426 4 731 1992 8 1024 1852 8
2261 3412 11 1041 2470 8 2009 2235 4 1935 1915 6 1924 1738 4
1623 3053 6 712 711 4 1771 2671 9 1362 2380 7 1716 2279 8
2076 2680 8 1478 3213 6 2687 1528 5 1248 2935 5 1374 2029 6
1278 2231 4 1717 2711 4 1926 3539 10 2970 2791 7 2072 2892 6
1757 2052 6 1722 2075 5 1841 2211 7 2131 2227 5 1472 2507 6
1707 2524 10 879 2048 4 2859 2538 8 2703 3251 5 991 1924 4
1302 2438 9 1420 2333 8 1491 1676 6 670 1300 4 1313 1990 6
1950 2304 6 1236 1722 4 2346 3713 8 1591 2152 7 1497 3354 8
1912 2834 7 1474 2659 6 1361 1697 7 1440 1332 4 1556 2449 10
1964 2417 6 1344 2182 7 1001 2565 5 1812 2502 8 1432 1983 6
2263 2427 5 1530 2204 8 1214 2313 11 784 2281 4 2485 2369 4
2774 2997 7 1379 2577 6 1561 2878 12 1048 1784 6 955 1009 6
2094 2645 5 1558 1401 6 2388 3258 10 1406 1831 6 1457 2941 6
2584 3477 11 1212 2281 4 2532 3244 7 2613 2691 4 1102 1663 4
1468 1620 4 1480 2249 7 1248 2676 4 1942 2111 8 1225 2023 10
1700 2295 10 1949 2158 6 858 1327 5 1059 2384 6 1022 1876 8
1450 2336 6 1619 2481 4 2002 3165 14 2245 2455 6 2178 1843 4
1878 2998 8 2037 2621 8 1127 1656 4 1084 2886 8 1743 2273 8
2188 2709 7 2111 2463 4 3038 3312 6 2367 2959 7 1714 2968 8
2169 2663 6 2340 2442 5 2515 2875 6 1485 2305 7 1706 2931 6
2065 2321 6 1259 1913 4 1270 1609 4 1448 2215 6 1295 2921 16
1067 2072 4 2244 2602 6 2509 2564 6 646 1070 6 2398 3760 12
1031 1765 5 1628 3030 7 1471 2249 6 1362 2578 8 1491 1515 6
801 2661 8 1611 2318 11 1733 1879 4 994 1105 4 2203 3120 8
1499 2081 10 1906 2291 6 1543 2046 6 1682 2632 4 2028 2466 10
2314 3874 8 1387 1899 5 2343 3817 4 2864 2361 6 1758 1263 8
1154 1583 4 1498 2198 8 1751 1873 8 1075 2447 8 1752 3291 8
1796 3249 7 1531 1846 6 1665 3143 8 2122 2064 4 1892 2555 10
2363 2445 5 1097 2064 9 1430 3214 8 1729 2177 5 1149 2061 6
763 1682 6 2526 2357 8 1292 1720 4 2045 2491 8 710 2297 7
1723 2920 9 1693 1640 6 1638 3158 10 1706 2575 5 2453 2686 4
1040 1916 9 1448 3796 6 2737 2162 4 1809 3652 6 2521 1893 5
1907 2590 7 1028 2205 8 2294 2581 4 1991 2959 8 1364 2093 7
1528 2254 4 1387 3699 12 1777 2403 8 1200 1242 4 2528 2474 8
1682 2387 4 3083 3760 8 2450 2265 5 1807 2791 6 1700 2469 6
1804 1631 6 1330 3268 8 2059 2486 6 1621 2703 9 1253 1188 4
1494 2120 4 650 2647 13 1763 2113 4 1557 2316 4 2121 2182 7
2489 3422 12 2077 2090 6 1699 2424 6 582 2134 4 1229 2008 6
1257 2181 10 1547 1229 4 1387 2256 6 1601 2131 8 1089 1668 7
3251 2648 8 1511 1636 8 613 1787 6 1965 3175 8 1195 2708 4
1140 3015 10 2210 3256 6 1031 1573 4 1349 1280 7 1481 2019 4
2577 2595 6 1263 1829 6 1912 2843 10 956 1773 6 1459 1849 6
1386 2211 5 1821 2131 4 2282 2505 8 1882 2659 6 1499 3696 12
1760 2701 11 1061 1627 7 2090 2157 7 894 1612 4 1051 1666 4
974 1318 7 1533 1453 4 987 3114 11 1431 2556 8 1607 1613 4
1469 2045 6 1075 1810 8 2161 2868 6 2334 2412 5 1612 3018 10
1452 2292 4 1007 1815 7 968 2556 12 1711 1296 4 1952 1611 8
1985 2635 7 1040 1227 8 946 1924 7 1000 2080 6 1395 1812 8
1403 3280 8 1322 1496 4 1732 1629 4 1760 2770 7 2070 3423 10
1799 2223 11 1132 2293 6 1640 1837 6 1869 2629 6 1286 2115 4
2101 2464 8 1949 2134 4 1247 2594 6 2095 3100 6 2105 3845 11
1639 2787 6 1496 1954 8 1744 3528 15 1189 2273 4 558 1569 4
1565 1508 6 1469 1672 4 1740 3500 8 2188 2149 10 1368 2447 6
1036 2004 4 2354 2800 6 2325 2483 10 1566 2005 8 1804 3674 6
1738 3451 8 2643 2490 8 2414 2659 6 1696 2280 6 2254 3556 6
1868 2476 4 1023 2387 6 2581 3264 8 1414 2986 10 1686 1890 4
1315 2498 7 875 1887 5 2525 1756 6 1776 2110 8 965 1445 6
1525 1759 6 2152 2319 6 1823 3740 9 1567 2260 6 1280 2043 8
1600 2752 12 1446 1993 6 754 1062 4 550 1565 8 1906 3006 6
1676 2351 4 2321 3001 6 1411 2634 9 2174 1215 4 981 2454 8
1363 2900 7 2492 2227 4 1266 3393 12 1546 2127 7 2028 1495 4
1667 3786 13 2183 2832 6 1521 2618 5 2242 2531 4 2889 2631 4
2858 2327 6 1631 2481 4 1200 2234 6 1590 2242 8 2232 3266 9
1694 2332 6 1751 2200 8 2043 1752 4 1302 2960 9 1755 2111 6
1550 3046 10 2117 2315 4 1191 1958 5 2324 2439 4 1324 3023 7
1660 1860 6 1802 3043 5 1780 2719 8 2233 2392 8 2082 2629 6
1422 2706 4 2392 2821 10 1228 1117 6 1311 2639 8 2222 3018 6
1397 2212 8 1511 3298 8 1307 1767 6 1252 2247 10 802 1260 4
1283 2470 5 2096 2143 9 719 2296 6 1471 2622 10 2453 1934 4
2376 1824 4 2073 2959 6 2127 3718 8 2674 3841 10 1655 1751 4
1029 2444 6 899 938 4 1646 2535 9 1882 1740 4 1983 3044 10
2408 2928 8 1553 3679 8 2184 2544 4 1510 2823 7 2237 2207 4
2110 1804 6 1425 3064 7 1181 2596 6 1892 2263 8 1075 2769 8
1691 2139 6 1492 2091 8 704 1417 5 1933 1504 4 1154 3261 9
1313 1705 6 1607 3356 11 2240 2821 6 1740 3072 6 1804 1355 4
1765 2900 6 1012 1336 6 2080 4017 10 2488 2696 7 1688 660 4
1400 1845 4 1438 2064 6 1432 2106 8 2302 2874 8 1143 2279 9
2546 3268 10 1445 1698 4 2663 3672 6 1810 3011 10 1056 1929 4
928 2101 4 1574 1741 8 1888 1824 4 1296 3884 13 2062 2936 7
1595 2117 8 814 1806 8 948 2031 8 1013 2191 6 1297 1507 6
1271 2573 4 445 1924 6 1600 1705 12 1523 2008 6 1861 1618 6
1233 1822 10 1698 2975 9 1121 1931 7 1429 2444 4 902 1753 4
1656 2502 8 1562 2980 7 2085 2582 6 1650 2275 8 1412 1465 6
1202 2259 5 1101 3303 8 2215 2076 6 2537 2578 8 1110 1894 6
1939 1568 4 1661 2918 10 1433 3221 10 750 1729 8 1765 1461 4
2328 2973 9 870 2037 8 1930 2853 4 2305 3303 6 1091 2210 6
1452 1980 4 1661 1627 7 849 2587 8 2370 3601 8 1430 1988 6
1845 3330 8 1474 2556 4 1743 2535 9 1806 1779 4 1427 1736 8
2385 2229 4 2173 3099 6 1636 2876 10 2111 2728 8 2011 1920 6
2155 2966 6 2365 3058 12 1742 2136 4 1549 2318 7 1678 2646 4
2629 3369 10 2050 3096 8 859 1724 4 1513 1637 5 779 1855 6
1589 2722 8 1381 2235 4 2083 2536 10 1314 2686 8 2350 2768 5
1975 2982 7 2170 2590 5 1472 2733 9 2084 2539 4 1729 2403 6
1026 2024 11 1435 1935 4 2113 3046 9 1265 1709 6 1680 1435 4
1067 1474 6 897 2087 8 797 1907 8 882 1730 6 1603 1884 8
1091 1878 4 720 2276 9 1591 2060 4 1275 1602 7 1601 1944 12
757 2997 14 1130 2128 4 1589 1837 5 1173 2097 8 1580 1947 6
2064 2304 6 2149 2540 7 2356 3008 4 2237 2780 8 2541 3604 7
1825 1699 6 941 1772 8 1075 1240 6 1500 3128 6 1923 2365 9
1788 2802 6 2288 4054 8 1802 2256 4 2508 2514 12 2034 2521 6
1725 2355 6 1830 2527 5 1947 1911 6 1906 1412 4 633 3062 12
1339 2670 4 1173 2252 6 2253 3081 10 1664 2904 11 1677 1679 4
483 869 4 1239 1835 6 1206 2950 5 1425 2541 14 1155 1977 6
987 734 6 1229 2058 4 1213 2128 7 1256 1893 6 1007 2176 10
1105 1459 4 1294 2855 10 2044 2256 7 1977 2540 9 2260 2335 4
2023 3120 4 1195 2431 6 1868 2398 8 2059 2561 7 1551 1599 7
769 1097 8 1139 2976 7 1257 2141 4 1685 2344 6 2571 2549 8
2467 2600 8 1359 2325 4 2189 3243 10 1719 2073 4 861 1686 7
821 1450 4 2646 2672 5 1271 2613 9 2254 3386 8 3044 3346 4
878 2449 5 1312 2530 4 2459 2153 7 2019 1740 5 1166 2184 7
1470 2208 6 1751 1717 7 959 1983 6 972 2316 6 2016 1945 7
1852 2883 6 1309 1903 4 1709 1936 5 1598 2831 9 1808 2909 8
2102 1809 4 1453 2881 10 1487 2441 7 620 1538 6 1650 1874 7
1113 1452 4 2176 3377 14 1166 2528 7 1485 2134 4 705 1736 5
824 2539 10 1374 1087 4 566 3169 10 896 738 4 1905 1955 9
1749 2613 7 1314 2151 5 2355 2803 8 1653 2526 6 1871 2782 4
2225 3475 6 1602 2404 5 1998 2488 8 1183 1637 4 2889 3589 10
2538 2671 9 741 2296 8 1741 2302 5 2055 2943 8 908 1355 4
2010 3020 6 1187 1564 6 1893 2383 4 1193 2225 13 1132 1239 4
1083 1823 8 1139 2405 9 1466 2315 8 1449 1529 5 746 1196 4
2889 3345 9 2380 2619 6 1806 2413 4 1795 3893 8 1232 2126 4
2136 2942 8 1631 2211 6 1505 2869 6 1780 2644 7 1693 2300 6
1418 1717 4 1325 2982 9 1574 1583 5 2324 2179 8 1711 2721 6
723 1644 10 1131 1784 6 1164 1768 4 2133 2084 8 1568 2614 6
1579 2829 6 567 1220 4 2541 2493 10 1573 1947 8 1689 2949 6
582 3080 11 2124 1838 5 1982 2761 4 1691 1817 5 1622 2024 6
2379 2719 8 1718 1542 4 1529 3347 9 1563 2344 8 964 1504 4
1603 1486 4 1934 2240 6 1880 3753 8 958 2057 6 1578 2553 10
1892 1739 7 1307 3845 17 492 1423 4 1191 1732 4 1424 1245 4
1219 1830 6 2073 2183 11 1431 2151 4 1374 2732 4 1195 2601 7
1627 2035 5 1900 3114 4 2567 2303 6 1523 1603 6 2335 3746 11
1745 3148 11 1999 2819 4 1466 1393 6 2637 3182 6 1862 2313 6
2065 3087 13 2075 2884 8 1586 2770 6 1341 2460 4 1973 2014 6
1486 1534 9 827 1937 6 1157 2981 8 2318 1930 4 2251 3412 6
1933 3031 6 2144 1849 4 2207 2779 4 1811 2760 11 1629 2174 6
1499 3168 9 1928 2524 9 1133 1623 6 2313 2401 4 1045 1950 4
1173 2377 8 1798 1684 4 1170 2663 6 1318 2064 8 1696 1658 10
1596 968 4 1743 3030 6 1598 2293 8 1664 2542 8 1500 3197 7
2533 3064 10 2686 3116 4 2230 2597 5 2171 2769 6 2117 3954 8
1602 3238 8 2161 2795 4 2333 2963 8 1056 1197 4 1789 2471 8
1429 2452 6 1571 1804 9 1514 2605 7 1252 1584 6 1558 2096 8
1410 1757 6 1112 2423 5 1691 2105 4 2194 3308 12 2006 2894 6
1620 2055 8 2162 3112 6 1291 3246 12 1897 1277 4 1884 2136 4
1916 3441 6 2719 3038 7 523 2038 4 2366 3002 6 2528 2671 8
1567 2190 8 1025 2027 8 1061 2624 7 1367 1179 6 1798 2024 6
1722 2532 8 1601 1436 6 1353 2190 4 2338 3764 10 1254 1699 6
1905 2759 6 1594 3221 8 1872 2196 4 1330 2306 5 2036 2921 10
2504 3136 8 1983 2851 6 1881 2001 4 1646 2856 8 1874 3058 7
1320 2626 8 890 2377 12 1229 1883 7 478 1050 4 1668 1954 4
2004 2981 7 1769 2531 4 1354 2215 6 1746 2323 6 2333 3009 10
1426 1444 6 830 1567 6 1897 2236 4 2187 3373 11 2270 2416 6
890 2723 8 733 1660 6 1432 1668 4 1444 2139 7 1576 2012 8
747 1125 4 1351 2182 8 1731 2675 7 1203 2245 6 2147 2369 10
1903 1856 5 1220 1572 4 1171 2295 13 1275 2600 4 832 1654 5
1484 2327 4 1492 1625 6 1806 3027 4 1100 2525 9 2728 2217 10
2201 2889 6 1582 1936 10 847 2053 8 1311 1840 6 1329 2208 5
1388 2193 4 1970 2533 4 2366 3076 10 1777 3198 11 1986 2034 4
1217 1053 6 1775 2407 8 1305 2680 7 1742 2683 4 652 1605 8
1122 1756 6 1080 1849 4 1856 1267 4 1820 3291 11 1422 2211 8
1924 1759 6 2396 3521 6 1738 3584 11 1261 2489 6 1170 926 4
2060 3271 6 2863 2606 6 1780 2884 9 1835 3419 7 2096 2176 4
1697 2120 4 1605 2706 10 2156 2471 6 1659 2781 6 2190 3325 7
1956 2240 4 2204 2929 9 2388 3814 10 1329 1701 4 1607 1740 6
981 1223 4 1530 2667 6 1228 2151 4 1962 3066 14 926 1009 4
1221 1890 6 1512 3818 14 1805 1936 4 953 1877 4 1537 1835 8
1453 1815 6 1241 2491 6 1382 2160 8 2406 2686 7 736 1781 8
1654 3964 6 2203 1985 6 1157 1562 4 2045 3331 7 2106 1869 8
2104 3526 8 2278 3599 8 2250 1892 5 1688 2579 6 973 2058 5
1575 2928 8 1227 2497 6 1171 959 4 1745 2306 8 1529 2810 7
1392 2828 6 1443 1894 8 2351 2254 4 824 2151 10 2247 2469 5
1916 2518 5 1796 3265 6 2713 2546 4 1834 2963 7 1298 2895 7
581 1678 4 1683 4127 10 2336 2444 9 801 1189 4 872 1877 6
2925 4118 5 2408 3321 6 2286 3260 8 1805 3381 8 1914 1724 4
1931 2140 6 2305 3709 12 1320 2425 4 1316 2313 6 2561 2496 6
2402 1964 6 1817 3074 9 2933 2615 4 821 1362 4 1583 2264 6
1967 2449 10 1329 2823 8 597 1540 5 1944 1408 4 634 1916 6
1156 2369 9 2699 1579 5 1122 1888 4 1938 2750 6 1712 2820 8
1513 2196 4 1415 2296 8 1208 1470 7 1799 2702 8 1002 1986 8
1630 2343 6 1985 2355 4 1159 1863 6 1257 2986 16 1489 2651 6
1975 1958 7 1916 2277 5 1811 2753 6 1603 2832 8 1922 3210 7
2225 2288 6 1609 2560 6 2251 2225 6 1998 2500 9 1362 3031 8
1821 2272 6 1254 2310 6 1314 1411 6 1814 2234 8 990 3076 9
2513 2719 5 1525 1574 4 1842 3697 7 1832 2673 5 1996 3662 11
1447 2738 6 1282 2105 6 1849 2467 11 1556 1631 6 1272 1339 5
1882 2268 5 2005 4054 6 1200 1431 6 1550 3444 6 2559 2491 8
2072 1623 4 2481 3334 8 1308 2613 7 2271 2824 6 757 1811 6
2620 3086 8 1940 2648 8 1461 2057 4 1977 1938 4 870 2838 9
1149 1959 7 1778 1615 6 1125 2470 10 905 2345 6 750 1701 8
1715 2049 4 1606 2322 6 3011 2768 10 2111 2749 4 1198 2958 7
2180 3006 6 1991 2386 8 1530 2893 10 1953 2234 6 883 2724 6
1147 1657 6 1789 2299 6 1473 2562 10 1465 2507 4 1836 2614 6
1277 2577 7 701 1524 8 1456 1571 6 1467 1843 4 2078 2500 8
1307 2219 10 1617 2326 4 1435 1075 5 940 2044 6 1045 2492 10
1723 2072 7 1484 2060 6 1123 1969 8 1206 2531 8 1229 1156 4
1326 3018 8 2073 1724 4 1178 1997 8 1054 1600 4 602 2677 12
2365 2830 8 1546 2521 7 2545 2734 6 2107 3089 5 1545 2927 8
1673 1543 8 1563 2610 7 1840 2953 7 1813 2971 6 1431 1993 6
2731 3664 7 818 1747 4 2355 2523 7 2108 2479 8 1959 2613 6
1278 2422 4 1237 1110 6 1139 1794 6 2401 1981 14 884 2422 4
1792 2420 4 1325 1838 6 772 2026 8 2493 2645 6 2136 3341 12
1460 2594 9 2670 3412 7 1795 2151 4 1826 2641 6 1762 2664 8
1165 2496 8 1795 1996 8 2562 2453 4 1511 2472 6 1948 2805 6
863 1457 5 1478 3005 10 1695 2255 6 1642 1503 4 2016 2758 7
1922 2761 10 1370 2102 7 2167 1759 4 1077 2662 6 1357 2154 8
1975 2604 6 1391 2495 6 2361 1894 6 1561 3666 10 1677 1818 6
2460 2808 8 2130 3714 7 2508 2804 6 2113 2433 4 1250 2726 6
1948 3023 6 2092 2285 5 1629 2421 8 1879 2577 6 1736 2442 8
980 3519 15 1230 1541 4 1861 1361 5 939 1405 7 1188 2152 4
1603 1561 6 2305 2860 9 1638 2381 4 1260 3329 8 1926 2764 7
2452 3596 10 1012 2655 4 1344 1339 8 732 2207 4 2541 2152 6
1311 2091 4 1487 1867 10 1095 2045 4 1632 1403 6 1110 2971 12
2045 1834 4 1109 1783 6 957 2792 15 1346 2207 6 454 1618 4
1600 1585 6 673 1994 5 1583 2807 7 2413 4375 9 2458 2377 4
2264 2484 8 1250 2203 6 1435 2106 7 1211 946 4 1656 3341 6
770 1943 8 1396 1235 4 738 1484 7 2011 2218 8 851 2051 7
946 1841 6 1958 2616 14 1122 2368 8 1906 2477 4 925 2043 4
1408 3151 8 1287 1757 4 1608 2221 6 2051 2275 8 1947 2998 10
1149 1497 4 1681 1699 5 676 2086 8 1659 1982 6 1972 3220 10
1026 1469 10 982 1032 6 771 1680 6 741 1941 8 610 1517 6
2055 1983 6 1577 2661 8 1466 2539 6 2194 2569 6 1080 2103 6
931 2182 10 2077 1674 4 2324 2985 8 1633 2636 6 1036 1992 4
1768 2220 7 1954 3342 6 1848 2041 7 2262 3069 6 1837 2060 6
1712 1712 4 3022 3770 8 1372 2670 7 1700 2095 8 1950 3197 8
1263 1846 4 2356 2945 9 969 1973 4 1281 3791 13 2476 2598 4
1774 2051 8 1818 3368 7 1697 3014 6 2307 2706 8 1526 2236 4
1356 1926 6 639 1770 4 914 2051 13 1326 2015 5 808 1809 6
1759 2687 8 1033 1627 4 1151 1995 5 1808 2765 11 1365 2083 6
1352 3188 6 1778 2212 6 1692 2015 7 1341 2016 8 1350 2014 10
2096 2088 10 1888 2587 6 1510 2135 6 1709 2690 4 2161 2703 6
2069 2770 10 1091 1758 4 1747 2778 6 1443 3199 10 2447 2544 6
1899 1868 5 1898 3730 8 930 756 4 1905 2742 9 2104 3346 6
1746 1941 4 1867 3031 10 1544 2999 9 2157 2650 6 1985 2844 6
1833 2788 4 2490 2647 6 2035 2503 7 1573 2338 6 1270 2040 7
1234 2293 8 1240 2670 11 1140 1970 4 1808 1350 4 1867 2581 8
2234 3000 4 2477 2342 8 1207 1416 10 2297 2348 6 1447 2787 4
1468 2733 9 1057 1971 10 1199 2394 6 568 2264 6 1896 2068 6
2071 2409 7 1992 2902 6 631 1655 6 1520 1630 5 2315 2953 8
639 1758 9 1836 2314 8 1357 2042 8 709 1432 4 1127 1774 6
704 2799 6 2200 2522 11 1545 2563 5 2252 2131 4 1241 2170 6
2926 2560 8 1489 2436 5 1463 2627 4 2888 3783 10 1017 1778 4
1115 2395 7 1876 2020 8 1315 1303 4 1340 1770 4 1306 3162 12
1880 1880 6 1758 3159 11 2344 2643 7 1130 2022 5 894 1645 4
1595 1595 4 1083 3582 14 983 1486 4 1447 1978 6 2056 2254 8
1622 2011 4 2419 2758 12 1522 2716 4 1221 2053 8 2276 2868 6
1384 1809 4 2393 3026 8 2554 3600 8 2324 2806 8 1510 2542 6
1032 1770 6 1271 1503 5 1212 2601 13 1371 1607 8 1298 1966 4
1175 1957 9 1256 1912 9 1336 2514 6 1039 1229 4 1179 1589 4
1890 2942 8 2353 1927 8 1214 2410 6 1437 2533 7 2105 2216 4
1804 2769 7 815 1258 4 1916 2767 10 1410 2364 6 1584 2256 8
2975 3267 9 1743 2709 6 1326 2209 4 2239 3301 8 2293 3243 6
1273 2464 8 1515 1850 8 1922 1742 8 877 1901 4 1232 3329 8
1456 3307 9 1953 3161 8 2318 2663 6 1684 2662 6 1646 2206 6
1117 1751 8 2367 3176 6 2421 2345 6 1600 2655 4 1961 2626 7
1805 2703 10 1906 2699 7 959 1468 4 1414 1888 6 1440 1357 6
2113 2617 8 2853 3027 6 2134 2608 6 2165 2800 8 1463 2667 4
974 2559 6 695 1320 6 628 1869 12 1763 1920 5 1081 1792 8
1837 3051 4 1368 1515 4 1938 2940 11 1434 2378 10 986 2356 6
2501 3415 9 1736 2458 8 1924 1738 4 665 1580 6 1926 2700 6
1531 1663 7 952 2334 8 837 1284 4 1379 2607 8 1091 974 8
1459 1989 4 1606 3061 9 2053 3036 11 1904 1812 4 1162 1694 4
922 946 4 882 2213 11 1318 2056 7 1645 2376 6 1770 2796 6
2097 1710 8 1087 2037 4 861 2660 11 1735 1988 4 1184 2862 8
1330 2207 9 1971 2794 6 1077 1726 8 1238 2612 4 1811 1932 4
1233 1906 7 1971 2771 6 1446 3109 10 1866 2027 4 1590 2561 7
679 1171 4 1830 2788 4 2037 2852 13 2519 2653 4 1614 2975 7
1577 2535 5 1269 1573 5 1887 1489 4 2375 3439 6 2092 3601 12
1402 1796 6 2474 2773 9 2303 2979 6 1500 2996 5 2040 2162 4
1112 2055 4 739 1795 6 1322 2852 12 1394 1357 4 1766 3036 10
2347 3029 10 910 1938 8 2389 3650 4 2392 2828 4 2193 3378 5
1189 1450 6 1231 3186 7 683 1153 4 1689 2612 12 1342 1355 6
1492 2541 10 834 1523 6 1667 1541 4 2066 3503 8 2212 2029 5
1422 2169 6 2433 2740 4 2562 3567 10 977 1678 4 2368 2688 10
2005 2706 5 1867 1927 4 1506 2712 6 2338 4167 7 3492 3702 10
1468 2064 12 1773 2799 8 2163 2996 6 2193 3059 4 1367 2068 6
1833 3072 6 2079 3516 9 1941 1702 4 1664 2771 5 1684 2254 6
1098 2318 8 1315 1921 5 1696 2417 8 1057 1537 4 1218 2157 12
1761 2021 6 1181 2225 4 1862 3025 9 2386 2622 5 886 1713 8
2063 1763 4 1476 3552 10 1255 1985 4 1214 1739 4 3009 2989 9
1510 2806 8 2300 2168 4 1975 3193 6 2345 2259 8 1937 3631 8
2019 2624 10 1346 2873 6 849 1483 6 1584 2035 10 1347 2138 6
1067 1329 4 2072 2268 6 2438 2765 10 1682 2370 8 1419 3680 9
2335 2000 4 967 1893 6 891 2818 12 1015 2408 8 1243 2254 6
1860 2372 5 1838 2165 5 1055 2701 4 1416 2740 9 1322 2372 8
1024 1584 6 1155 2024 10 1110 1357 8 766 1778 8 831 1875 6
810 2118 5 958 2103 4 1521 1898 6 1596 2825 10 2363 2812 8
1350 1768 7 2317 2402 6 2046 3392 8 1291 1986 6 1566 1727 6
1746 2328 6 1465 2284 10 1219 2795 10 1617 1684 5 1336 2228 6
1605 1700 4 1625 3056 5 1639 2089 6 1464 2347 8 2777 3103 9
2293 2825 8 900 2391 4 2627 3722 4 2276 2905 8 2737 2733 8
1507 2120 4 1323 3205 5 2808 3484 10 1845 2310 6 1460 2130 8
2511 2026 4 1983 2993 8 1309 2870 8 2674 3366 6 2385 3471 6
1344 2461 8 1433 1637 4 1924 3095 7 1653 2652 11 1818 1767 4
2024 2041 4 2711 2763 6 2388 2658 9 853 1748 6 1566 2857 8
1146 1873 7 806 1724 6 1093 1238 6 1313 2382 4 816 1892 12
2874 3570 7 1373 2435 4 2551 3599 5 3709 3250 5 1863 2536 6
1980 2275 6 1159 1719 6 1200 1838 6 1511 3516 11 1396 2480 6
1357 1798 6 2306 2672 7 1229 2839 8 1096 2006 4 1732 2287 9
1830 2191 6 1009 1752 6 886 1125 6 1082 2481 6 1572 2892 11
1692 2127 6 1465 2344 9 1712 2290 4 979 2648 8 1562 2145 4
1611 2218 9 653 2426 8 1667 2209 10 1159 2560 6 1503 1461 4
1917 2312 8 1676 2211 8 2058 3120 8 1879 2488 4 297 927 6
1677 1603 4 1895 2706 10 1714 2661 8 1740 2378 4 1931 2215 7
1569 3159 8 1755 2381 6 1344 1407 7 2147 2205 6 2025 3069 7
1336 2140 10 1847 2662 8 1703 2396 4 1241 1708 4 1892 2647 8
887 2212 8 1442 1933 5 2387 3555 8 2322 3042 6 1310 1255 6
1996 3261 10 1216 1647 4 1143 2008 6 2253 2802 8 1421 2384 8
1318 2029 10 1515 1737 4 1057 2552 11 1242 1768 6 1321 2492 4
1672 1675 4 1229 2115 8 809 2284 4 3294 3658 8 2873 4287 10
1896 2656 4 2389 2828 4 1599 3821 14 1393 1450 5 1512 1628 6
1789 2004 6 2213 2802 5 1334 3406 15 1607 2450 4 1873 2028 6
2022 1603 4 921 2713 10 1393 2399 6 1882 2196 4 1810 2513 10
1837 2459 6 2494 3425 5 1775 2916 5 1823 1274 6 1986 2585 10
1858 2612 10 1509 2345 5 1477 1487 4 1160 2717 7 1916 2555 6
1725 2202 8 777 1970 9 1131 2243 4 1116 2773 12 1544 1701 4
1323 1149 4 825 1407 4 1482 2927 9 862 2890 12 1997 1971 6
1936 964 4 1608 2883 4 1386 3722 14 1283 1517 4 1294 2285 10
1638 1487 4 1245 2481 13 1568 2473 4 1551 2612 7 1730 1709 4
1725 2882 9 2325 3032 4 2011 2744 7 1914 2913 4 2405 2128 8
2095 1908 6 1708 2213 4 2070 3040 6 1666 3488 12 2321 1739 4
2098 2423 5 1421 2923 11 2383 2461 4 2125 2701 6 1624 2748 6
1834 3281 6 1843 2147 4 1910 2631 6 2788 2388 10 1005 3094 8
1662 1957 12 1582 2035 5 734 2147 9 1171 1573 4 1569 1468 4
1917 3300 4 1622 2338 8 1823 2391 8 2553 2914 6 1961 2228 4
1373 2007 8 1911 2150 4 1470 3250 10 1376 1387 4 1258 1858 8
1342 1410 4 1988 2337 7 1842 2585 6 1759 2993 10 2236 2665 6
2627 2865 10 2048 3807 10 1452 2045 4 1503 2492 4 1553 2656 6
2017 2979 7 1014 2855 5 2030 1220 4 1350 2531 7 1732 1889 7
1594 2573 5 1577 1663 7 1402 1851 6 2333 2132 4 943 2181 10
2846 3274 11 1418 2190 4 1071 3142 10 2174 3371 4 1794 2135 6
1431 2517 4 866 1291 9 1902 3583 11 1598 2268 6 1420 1015 4
2295 2902 7 1294 2089 4 2003 2812 10 1700 2543 7 1842 1752 4
1454 1613 4 2292 3361 4 1435 2544 12 2161 3283 8 1885 2167 4
2386 1706 8 593 1965 5 1480 1835 6 1438 3181 10 1445 2407 4
1792 2570 4 1093 3557 13 1328 1776 7 1546 1415 4 1320 2184 4
1457 2259 6 2157 1540 8 1616 3069 6 1080 1586 4 1485 2865 10
2047 3421 4 1515 2822 7 1826 2691 7 1917 1788 6 2600 2150 8
1842 2739 6 1340 2855 8 1976 1990 4 1911 2276 7 1155 1733 6
1492 2720 6 1408 1955 4 2074 2434 6 1802 2572 11 1832 2223 4
1696 2311 6 1725 2615 4 876 2460 8 1753 2123 6 1521 2530 10
1485 3207 6 1216 2361 6 1300 1776 6 1843 1985 6 1779 2157 10
2793 3274 9 1576 2545 4 2376 2875 4 1789 1852 6 1894 2671 9
2551 2338 4 2011 1807 4 1172 3547 10 2701 3087 6 1724 2422 4
2188 2890 5 2074 3455 10 1270 2370 6 1950 2726 7 2361 2644 4
1751 3250 8 1376 1574 4 1179 2185 8 2474 2674 8 1845 2384 6
1425 1792 8 1493 2683 4 2482 2931 7 2146 2743 4 2263 2316 8
717 1064 6 1229 2316 8 1470 2530 10 1293 1434 6 847 1293 5
1462 2398 10 2005 2208 6 2809 3318 9 1300 2346 4 2599 2732 4
2234 2222 8 938 2486 9 1610 2350 4 1496 1750 7 1003 1866 4
1453 2171 6 1110 2473 6 975 2123 8 1341 2299 11 1603 1686 6
1571 2299 4 2169 3228 6 1700 2602 9 2316 2606 8 1701 2225 4
2600 3340 8 2614 2904 4 1754 3106 7 1519 2199 4 1681 2814 10
1394 1882 10 1567 3098 7 1955 2102 8 1312 1660 5 1720 2852 6
1644 1562 8 2459 3315 7 805 1774 4 1599 2548 6 2139 2443 8
1159 955 6 1419 2726 8 2040 3095 9 1410 1685 4 1848 2893 6
1738 1424 4 2332 3519 6 216 647 4 1342 2965 16 1792 1872 6
1422 3306 13 1603 1757 8 1525 1584 4 2223 3012 6 1622 1779 4
1923 2267 6 1674 2372 6 2602 3090 6 600 1733 7 2120 3605 11
1483 2185 4 1293 1847 6 2576 3426 9 1896 2810 8 1871 2560 10
1240 1970 6 1593 2036 6 2560 4412 11 1517 1382 4 1838 2733 6
1411 3501 8 2079 1949 6 1216 1083 4 1784 2081 8 1614 2957 10
2640 2861 12 2096 3176 4 2451 2982 4 1832 3116 6 2656 3471 8
1772 2049 5 2332 2753 4 1376 3301 8 2895 2585 6 1367 2918 7
1848 2157 8 921 2163 8 1534 2860 8 1679 2488 5 1876 1926 4
1782 2647 11 2348 2700 8 1822 3502 8 873 1765 4 1384 1213 4
922 1324 8 1815 2249 4 2751 3554 4 1630 2475 8 1392 2935 10
1501 2516 6 2050 2711 5 1212 1958 8 2025 2842 8 1963 2930 4
1286 2534 8 928 823 4 1275 2137 11 1422 1594 4 655 2031 7
1054 2316 10 1815 2423 6 1224 2485 8 916 1788 4 1335 916 6
1946 2763 8 1445 2568 4 2144 2085 9 1801 2038 4 1475 2549 8
2791 1440 4 1729 2420 6 1617 2846 6 2050 4585 11 1625 2622 4
1628 2596 6 1030 1773 6 1855 3317 4 1633 2707 7 2827 3125 9
1874 3693 14 838 942 5 849 1727 5 1407 1671 6 1238 1477 5
1321 1791 4 2054 2295 5 1408 4225 13 1581 2731 6 1355 1463 4
2268 2144 4 1935 2983 9 867 1830 4 1147 2499 4 1418 2544 13
1974 1899 5 2160 3072 8 1626 2848 10 2325 3262 4 2527 2670 4
2318 1828 5 1652 2115 5 2040 2699 11 2580 3218 4 2649 3850 4
1877 2911 8 1433 2599 7 2493 2744 6 1638 1788 5 1381 2059 4
2137 3991 9 1569 2176 6 1503 3730 6 2289 1000 4 1402 2542 7
1433 2722 6 2019 1917 4 837 1944 6 2353 3163 6 2459 3664 7
1547 1883 4 1580 3035 7 1717 2694 8 1585 2768 6 1983 2033 6
668 733 4 1215 2635 11 1140 2488 8 1603 2208 7 1185 1777 4
1123 2173 6 1684 3017 10 1557 2051 6 2475 2563 4 1931 2416 7
922 2161 10 1031 1416 6 1137 2558 10 1002 1567 4 1664 2503 6
2010 3175 6 1757 2673 6 2389 2340 4 1896 3569 10 2017 2541 8
997 2161 5 1865 2279 5 1366 2868 4 3018 2456 10 2034 2193 6
885 1362 4 1455 1792 4 1881 3165 8 1451 1898 6 1678 3054 12
1405 3684 7 1325 3453 8 3483 3773 8 2429 1742 4 2760 4310 8
1475 2299 10 711 2238 5 1908 2449 4 2027 1671 4 1946 2826 11
1465 3285 6 1695 2824 4 2002 2733 6 1993 2050 11 2172 2064 6
1296 2577 7 1428 3228 9 1494 1978 5 2985 1919 6 550 2397 4
1406 2055 6 1277 2765 7 1694 2351 7 1651 3076 6 1149 1687 6
1995 2380 4 1659 2553 4 1884 3034 9 1779 1904 4 1877 3072 11
1966 2219 6 1515 2406 8 1703 2860 8 1139 2153 6 1969 1741 8
625 3185 15 1014 1111 4 975 1774 8 697 1110 5 1183 1690 4
2602 2629 4 1268 1908 6 1192 1475 6 1394 3365 5 3097 3344 10
1156 1741 7 1424 2270 5 623 2309 11 1267 1779 5 1151 1720 6
2337 3379 6 2103 3067 7 2081 2538 8 1280 2527 6 769 1671 6
1836 3669 13 1952 2490 6 1945 2748 4 2136 2487 6 2241 2312 4
1673 2453 5 1327 1637 4 1542 1373 6 1160 3203 8 2370 2640 12
1604 2307 8 2110 2041 5 1474 3114 6 1627 2354 7 2208 3152 6
1026 2763 7 1235 2312 8 2216 2345 6 1439 2475 5 2727 2303 6
1300 2485 6 459 1754 8 1142 2883 14 1415 1481 4 1476 2108 4
1890 3539 4 2411 3232 8 1814 2892 11 1777 2543 7 1771 2150 4
1225 2527 9 2140 2256 5 1084 1753 4 1315 2844 14 1491 1683 4
1882 2304 4 660 1010 4 2450 2120 6 1496 3947 11 1613 2488 7
2226 2745 11 1893 2160 6 1288 2142 5 1741 2161 4 2117 2977 6
1510 1404 4 1458 3113 7 1791 3001 11 1177 1498 4 1806 2351 7
1453 2330 4 2642 4243 12 2028 2675 11 2943 2585 4 784 1872 4
3010 3128 10 1733 2867 5 2174 2747 4 2411 3207 6 1822 2799 6
1472 3038 12 1783 1694 4 1762 2291 6 1848 3028 7 629 1578 6
1489 1769 4 709 1213 4 834 2504 13 1414 1967 6 2654 2910 8
1429 2560 4 1836 2996 8 1541 2498 6 1770 1619 8 2227 2296 6
1239 1920 9 2010 2419 6 1836 2833 6 2098 2310 7 1113 2007 4
1445 2646 6 1167 2644 5 1666 2218 6 1354 3074 12 2124 1367 4
1724 2738 8 3102 3614 5 1383 2349 10 2790 3000 4 2046 2567 6
1811 1678 6 1065 3147 12 1689 2255 6 1945 1601 4 1453 2432 8
1855 2632 4 1584 1762 6 1630 3987 12 2706 1965 4 2126 2703 8
1821 2753 7 1616 3595 13 1254 1857 4 2271 2502 6 2195 1917 4
1256 1606 4 1455 1784 4 619 2035 9 1477 2574 14 1364 1587 4
2041 2530 6 2908 4187 9 1236 2032 6 1409 2316 7 1734 2972 4
2702 3241 8 1875 2737 4 3143 2684 4 2876 4028 6 1868 3485 8
620 1496 8 1457 2064 4 2181 3182 11 1333 2826 5 2151 2822 6
1918 1952 4 1819 2730 6 978 2585 7 1980 2912 6 1393 2410 8
1569 1522 4 1427 2301 5 2036 3740 11 1689 1754 6 1214 1695 4
2185 2891 11 1160 2426 10 1269 2278 5 801 1662 4 1824 1625 4
1249 1849 7 1458 2091 6 1005 2624 10 907 2175 8 1437 1409 5
1179 2609 6 1870 1593 6 1436 2372 6 2787 1817 4 1966 3861 12
1454 2750 6 1033 2287 4 1126 1149 7 1224 2468 8 1591 2230 8
2231 2232 6 1563 2249 6 1806 2480 6 1797 3024 5 1703 2322 10
2119 3212 6 2364 2415 4 2080 3186 11 3177 2838 5 1730 2532 4
1897 2583 4 2964 4417 10 3067 2921 7 957 1229 4 1865 2510 6
2312 3347 6 1711 1887 5 310 1466 10 1822 2002 6 1036 2340 8
1961 2435 8 1936 3287 10 2062 2742 8 2037 2465 4 1317 2247 6
1988 2939 6 2094 3366 6 1231 2433 8 1767 1977 6 1911 2938 6
947 3059 12 1563 2212 6 1209 1226 6 1300 1361 6 701 1705 6
1425 3088 8 2051 2490 11 1165 1419 4 901 2428 6 2105 1927 4
1252 3072 8 1135 2503 9 1560 1592 4 823 1463 9 1426 1842 4
1066 1970 4 1952 3385 10 2012 3433 8 1770 1382 7 1469 2156 6
1542 1221 6 608 1435 8 1546 1746 4 1318 2335 9 1126 1984 8
2002 3579 10 1469 1380 4 904 3134 9 1105 1455 6 1753 2211 5
2162 3323 8 1365 2167 7 1517 1748 6 2529 3244 5 1890 2110 8
1528 2018 6 2182 2430 7 1779 3111 13 975 1357 4 1727 2458 6
2518 3292 8 2082 2691 6 1806 2493 4 1964 3636 10 1690 2011 4
1972 2169 8 1245 3167 7 2589 3220 5 1660 2142 6 1568 2141 6
1276 2773 6 1800 2416 6 1236 2211 9 643 1224 8 1120 1532 6
1519 1407 4 2259 2783 5 955 3024 10 1605 2547 6 1358 2431 8
1936 2836 12 1305 2233 4 1751 2820 6 2014 1905 4 1176 1785 6
1146 1445 6 2273 2733 6 2075 3013 5 2349 2480 6 1536 2317 6
1419 2791 7 1106 2183 6 1286 1813 6 2218 3562 8 2937 2785 6
1311 2736 9 1973 2169 4 843 1910 4 1913 2267 6 1292 2592 11
1953 2189 6 1529 2694 8 2253 2702 4 2443 3550 8 1229 2080 6
2080 2554 4 1102 2298 6 2159 2803 6 2336 2389 6 2162 3462 10
2224 2712 6 2675 2503 4 2439 3175 7 1186 3317 10 1183 1896 4
1540 1627 4 1589 2596 10 1781 2179 8 2072 2288 5 1521 2375 6
2393 2703 8 1268 2942 9 1572 2087 4 1796 2411 7 1093 1236 6
719 862 4 657 1564 6 1481 2322 6 1701 3106 12 2194 2256 8
2037 2107 6 1793 2600 8 1811 2051 6 1496 3236 10 1570 1658 4
1429 2277 5 2161 2171 5 1657 2592 6 2216 2920 4 2573 3680 10
1697 3212 9 1280 1358 5 1629 2221 4 2384 2900 8 1824 1846 6
1603 2305 7 1566 2892 4 1203 2713 10 1381 2553 6 2283 2901 8
1908 2098 4 1003 2208 10 1939 2375 5 2186 3516 8 1297 2690 4
1144 2159 6 1108 1841 5 1353 1811 6 2084 2931 4 1382 2923 15
1258 2077 4 1901 2257 9 1786 1616 4 1782 2077 6 852 2126 11
987 2351 4 1691 2490 6 2510 3186 7 1337 2544 7 2083 1981 4
846 1270 4 655 2213 10 906 2399 10 2788 2292 5 904 1783 4
860 1369 4 1893 2873 12 306 1260 4 1297 1692 8 1403 2038 6
974 2388 9 2940 2318 4 1010 2106 6 827 1290 6 1836 3317 10
1680 1974 6 657 2808 10 775 1339 8 1241 2036 6 1352 1556 7
2867 3741 7 2111 2353 5 2585 3372 6 2031 4174 6 3281 2746 6
2127 2204 6 1928 2178 6 1991 2965 8 1905 3294 8 727 2037 6
2510 1637 4 1607 2291 8 1663 2338 8 1000 2834 10 1325 2315 6
2519 3213 10 1455 2045 6 2057 3234 10 1260 2045 4 619 2140 6
1028 2300 12 513 1919 7 1630 1877 4 1225 1373 6 974 2096 8
1423 1443 4 1662 2169 6 1594 1774 6 1222 2962 10 1881 2847 9
2795 2812 6 2095 2291 4 1088 3361 7 2033 3061 9 2683 3077 6
2078 2919 6 1967 2522 4 2209 4202 12 2396 2301 6 1339 2072 6
2640 2911 4 1903 3065 6 1180 1968 12 1623 2831 5 1483 2544 7
1496 2403 9 2150 2729 7 1421 1614 4 1074 3305 9 2124 2731 4
1987 4165 10 1814 2309 6 1607 2384 4 1167 2913 6 3421 2211 4
2950 3513 7 2048 2634 7 2089 2212 4 1912 3538 6 2236 3082 8
1253 2490 8 1504 2242 8 1042 2330 7 1397 2262 6 1521 1781 6
1529 1850 8 1105 2222 4 997 2176 7 2117 2605 7 1164 1893 6
1595 2464 4 1743 2647 16 1541 1812 6 684 1356 4 897 1322 5
1394 2422 4 1534 2200 6 1405 1742 6 1373 2962 12 1530 2226 8
1625 1845 6 1763 2701 8 1801 2104 4 1700 2221 7 1738 2744 10
1794 2635 15 1083 2480 6 2176 2643 5 1070 1509 4 1630 2461 4
1134 1934 4 1650 2873 14 1647 2113 6 1463 2258 4 1830 2242 8
1723 3061 10 1752 1672 4 2301 3776 6 1996 2293 8 1485 2483 6
1253 2805 12 1513 2320 6 1417 1631 6 1157 1435 4 1583 1419 8
1361 2127 6 1411 2481 4 1597 1146 4 1753 3379 11 1238 1650 8
961 2052 4 2460 1872 4 2027 2786 7 2082 3190 10 1071 2058 6
1402 1622 7 1743 2428 4 1122 2561 12 1937 2322 4 1327 2043 7
1366 1560 6 878 1890 6 609 1200 6 2037 2549 10 1708 1710 8
1604 1834 4 2517 3022 4 2852 2703 6 1738 3079 12 1782 2826 6
1605 3537 10 2053 2160 7 856 1120 4 1752 2067 4 986 2338 10
2279 2445 9 1495 2081 5 1705 2321 7 1121 1330 4 1741 2578 6
1360 1919 6 1981 1933 7 1283 2170 8 1900 2335 4 1473 3328 8
1201 1785 6 546 924 5 1318 2435 16 797 1111 4 954 2169 4
2238 2682 5 2690 4256 9 1779 2559 6 1295 2161 8 2224 2740 6
1277 2093 7 2022 1866 6 1388 1808 6 1406 2101 4 1977 3288 12
3042 3047 6 2755 2832 4 1076 3268 11 1447 1772 6 2321 2393 6
1752 1603 5 804 1110 6 1070 2444 8 1547 1860 4 1582 2187 10
2054 2968 6 1954 3228 5 1168 2945 7 2877 3275 8 2849 2968 4
2236 2809 6 1968 2850 4 997 2068 12 1218 1625 4 1459 2495 8
1881 2669 8 615 2227 5 1641 2300 7 1851 2930 8 1796 1903 5
1566 2996 9 1655 1841 6 2297 2129 5 1583 2415 4 1511 1914 8
942 1654 4 2655 3160 6 1772 2743 6 1160 1291 4 1699 3013 10
1193 1079 4 972 1823 11 1297 1520 4 735 2602 8 1265 2286 10
915 2012 6 1905 2482 9 1972 2421 4 2031 1906 4 830 2370 11
2451 2726 10 2093 2202 5 1652 2670 8 963 2214 4 1070 2335 8
2338 2697 6 2145 4166 11 1961 2334 4 818 2000 8 1842 2653 6
1811 2252 4 1885 1912 6 2715 3587 7 1586 3345 8 1982 2306 6
1994 1697 4 1863 2366 10 1553 3356 10 2050 2085 4 2186 3424 6
1827 2761 6 3040 2720 8 1826 3138 6 1813 2198 6 1063 1996 8
2180 2530 4 1857 1914 6 1656 2547 6 2736 4075 8 2178 3123 10
2078 3126 7 2765 2530 4 1934 2000 4 2013 2930 12 940 2926 6
2522 2877 6 1222 2361 10 1154 2522 8 1478 2114 6 1229 1499 6
1336 1800 4 974 2034 10 1570 1976 5 809 2053 8 1036 1891 8
2623 3300 8 2014 3270 10 1205 1501 4 1464 1893 6 1636 2051 7
1611 1985 4 2086 2655 4 2288 2512 7 888 1750 8 1441 2719 9
1606 2051 7 1951 2163 8 1215 2715 4 1515 2722 9 2056 1907 4
690 3165 12 806 1093 4 2060 2348 8 1464 1946 6 818 1195 4
887 1792 4 2053 2529 9 2509 3407 11 1263 1562 6 1711 2537 4
612 1725 4 2427 2713 8 1433 1571 9 1643 2059 4 1909 3456 8
2620 1615 4 1417 1817 6 2370 2983 8 2343 4052 11 1409 1989 4
1968 1324 4 911 1595 4 1774 3353 10 2461 4138 10 2033 2416 4
2096 3560 13 1400 1912 4 1780 3764 5 2118 1741 6 1160 1463 6
1307 2158 6 2575 3665 10 1914 2386 8 1467 1815 4 2219 3759 7
2189 2097 8 1952 2475 9 1516 2828 5 1720 3024 8 1319 2281 4
1331 2051 8 1372 2206 4 1346 2491 12 1639 2542 6 1224 1801 6
1665 2515 6 1394 1300 6 1763 2421 4 819 2225 11 1879 2749 4
2446 1593 5 1673 3024 6 1745 2304 6 2995 3359 4 1737 3612 11
1172 1204 4 1427 2442 7 2370 3177 11 813 1393 4 1500 2653 8
2106 2218 10 1363 3206 10 1319 2017 4 1645 1805 6 1095 2436 4
1660 2837 7 1120 1303 4 1668 2495 4 1988 2814 6 2121 2424 8
1459 2079 4 1029 2388 8 1504 3149 9 1841 2095 8 1430 1220 4
1184 2004 8 1479 1432 6 1678 1916 6 1854 3414 7 1873 2480 8
2630 2230 7 1104 2056 6 961 2122 8 1457 2586 8 572 1830 6
1327 1882 8 2931 2832 5 1722 2682 5 1884 3048 8 1686 2564 5
1646 2512 6 2605 3308 8 1433 2327 4 2072 2938 7 2079 2887 8
2748 3418 7 2468 3455 12 2024 2592 4 1638 3019 4 2403 1558 4
1639 2475 5 796 2982 7 2318 2511 12 1815 2944 4 1628 1668 6
355 1028 4 1962 1556 6 910 2644 8 2028 2912 7 2554 2671 8
1838 3078 4 1798 1833 4 1355 2786 10 1881 2361 7 1174 1549 6
1402 972 8 1100 2514 6 1546 2666 4 2528 2454 9 1190 2331 8
1731 2168 9 799 1952 6 1444 2411 10 2238 2447 4 1153 1677 4
722 1109 4 2065 1855 4 777 2456 6 1910 2510 10 2708 3677 12
1270 2431 8 1161 2858 7 2394 3249 6 1596 2443 8 1892 1712 4
1811 1838 5 1413 2670 9 1971 2703 6 2937 3855 4 2616 2525 6
2319 2246 6 1109 2045 5 1652 3074 10 1076 2345 8 2270 2345 6
844 1675 7 1875 1931 8 1319 1764 6 1443 2928 6 1521 1354 6
2173 3339 11 2222 3097 7 1624 2783 5 1460 2214 4 1229 1179 4
2503 1722 4 1848 2146 4 1711 2738 8 2235 3124 14 905 2913 6
1220 2426 10 2103 2850 4 1365 2316 9 2357 2890 4 1872 2480 8
1452 2209 6 1341 2113 4 1930 1581 6 2012 3414 12 1321 1443 6
2444 2493 7 466 1129 4 1668 2409 4 1883 2736 11 977 1908 6
2150 2559 8 2009 3156 7 1935 3220 8 2332 2792 5 2802 2849 6
1644 2716 8 2048 3463 6 1638 2554 9 2485 2893 7 1165 1944 6
1855 2546 6 2509 2629 8 1739 2434 4 2306 4125 7 2445 2649 4
1945 3048 10 1153 1442 4 1663 3144 8 1788 3029 4 2142 2261 6
2647 3421 4 2143 4309 9 3054 3270 8 1483 1730 4 1611 2236 6
1760 3516 5 1247 2393 10 1273 1375 6 1444 1793 7 1624 1818 6
2177 3289 9 1637 1722 6 1582 2617 6 1860 1776 4 1908 3087 8
1356 2664 12 1120 1515 4 1235 2312 4 901 1464 6 2050 2356 7
2097 4047 9 1442 1467 6 2230 2581 6 1514 2028 4 1444 2420 8
974 1878 6 1184 2595 9 2321 2523 4 1656 2760 4 1698 2697 8
939 1593 6 1838 1786 4 1650 1736 7 1255 3219 11 1755 1632 5
1323 2093 6 1771 1543 7 821 2084 11 1542 2605 4 1509 2523 6
1163 1928 9 2053 2714 4 2215 2984 9 1094 1555 4 2015 2260 8
1305 1916 6 3503 3172 8 1335 2587 8 1787 3003 10 1815 2898 4
951 2102 7 1465 1585 6 1013 1904 7 1229 2680 5 1598 1682 6
1726 2774 7 1656 2659 7 1817 2163 4 1126 2007 8 1373 2343 7
867 1921 4 2529 2421 4 1797 2571 8 2173 3034 8 2765 3933 10
1588 1904 4 1935 2806 6 1762 2697 5 1882 3093 13 1466 1811 4
2042 3328 10 1568 3031 5 1664 2395 9 1840 2087 4 1204 1592 6
653 1942 6 1312 1944 4 1223 2011 8 1026 1544 6 2574 2920 11
589 3069 9 1868 2210 7 1010 1810 4 2418 2006 5 1518 2536 8
1654 2272 5 903 1153 4 1554 3588 17 1827 1577 4 1505 1827 4
1248 2112 8 2033 2920 12 1779 2801 4 1871 2678 8 832 1922 6
1596 3260 6 2098 2600 6 1185 2178 8 2231 3413 8 2272 2247 6
2266 2056 9 924 1468 6 1087 2031 6 1123 1765 7 1717 2381 5
1325 2078 10 1322 2256 6 1441 2535 6 2153 2433 6 1772 2129 6
1159 2175 8 1668 1805 6 2134 3403 11 521 1501 6 1241 1129 4
933 1644 8 1788 2180 8 1585 2194 13 980 1712 4 1814 1674 4
1620 1936 4 1638 1548 8 1151 2562 8 1843 2687 6 2027 3077 9
2177 3047 6 1074 2830 11 1212 1526 4 1063 1415 4 1473 2346 8
1294 1890 8 1907 2185 4 2724 3849 8 1788 2107 4 1986 2631 8
1592 2246 5 1583 1203 4 2080 2814 8 2050 3050 6 1857 3362 8
933 1694 4 749 1581 5 1009 2365 13 1833 1715 6 967 2494 7
1094 1879 6 1342 2980 10 1435 2146 4 1401 2512 8 2490 2692 6
1615 2206 10 1282 1990 8 1892 1569 4 1984 2500 9 1551 1983 4
1947 3088 8 1370 1806 5 1398 1481 8 2390 2528 6 1540 1956 6
1337 3132 11 2119 2994 8 1601 2419 6 2520 3250 8 1355 676 4
1720 1634 4 1486 2518 6 1574 3162 11 2224 3133 8 1721 1789 4
1974 3017 6 1736 3200 8 1772 2252 7 2336 2275 7 979 1794 4
655 882 4 1185 1312 4 765 2799 15 810 2202 8 1086 1318 6
2150 3537 5 1465 1834 6 2124 2903 8 1549 2380 8 1942 2502 4
1276 1605 5 1276 2201 10 1592 1652 4 1323 1674 6 835 2527 10
1282 1772 9 1057 2324 10 1045 1623 8 1313 1455 4 1501 2081 6
542 1732 5 1136 2064 4 2029 3134 10 2533 2423 8 1419 2593 8
1583 2245 8 2168 3007 9 1795 2534 7 2467 2800 6 2387 3074 4
1828 2139 4 2016 2991 6 2437 3435 8 2973 2688 8 1601 3066 8
2792 2525 6 1689 1913 6 1698 3561 6 1531 3456 9 2841 2532 6
795 1762 6 1442 1981 8 1028 1571 7 1343 1158 6 1550 3560 8
769 2067 4 2293 2574 10 877 1750 4 2745 3080 6 2008 2497 10
1072 1414 8 1300 2576 8 1310 3079 9 1732 1327 4 1993 1889 6
1088 2401 9 2355 3095 6 1826 2598 7 2173 2442 4 1565 1950 4
1669 2902 4 2765 2321 8 1972 2527 4 1442 4389 15 1007 1262 4
1828 2903 4 1552 3030 12 1446 2221 6 1575 1023 4 2286 2516 6
1389 2761 7 1349 1885 4 2021 3336 13 2083 2549 8 884 1867 4
1402 1171 8 1183 2698 6 1343 2078 4 594 1611 6 1653 2462 13
2725 2876 6 1981 2445 4 1609 2844 7 3049 3582 10 1471 2077 4
930 2260 5 1787 2761 11 1765 2481 8 2731 2709 4 856 1912 5
1593 1974 8 1678 3792 8 2364 3286 4 1774 2177 5 2541 2854 7
1055 1521 4 934 1149 8 1658 2587 5 1510 1080 4 2075 3316 13
1418 2404 7 1318 2250 4 1749 2911 8 1062 1403 4 1336 2049 11
991 1524 6 1210 1997 7 1114 1715 4 1272 1471 5 1085 2284 12
772 1341 4 2347 2318 6 1950 4861 16 1440 2172 4 1726 1824 4
1939 2581 8 1920 2695 11 1202 2310 7 1606 2242 4 1800 2010 4
1918 2199 4 1608 2458 8 2079 1749 6 1556 3386 10 1979 2164 6
867 2598 7 2190 3056 7 2173 2368 8 1753 2607 6 1709 2000 4
1339 2765 9 1234 1806 8 2543 1852 10 1087 1570 4 617 2161 4
1106 2222 4 2037 2566 6 1316 2118 11 1335 1393 4 1421 2366 8
2108 2730 6 1318 2541 7 1264 3021 10 1950 2461 6 2480 2636 6
1177 1871 10 1402 1587 4 1527 1939 4 1182 3168 7 1331 1911 7
1790 1239 4 979 2257 11 936 1964 7 1073 2381 6 1376 1771 4
1598 3599 8 2147 2141 5 2602 2244 8 746 2256 8 1633 1647 4
737 1868 6 2733 2441 6 1080 2966 4 1333 2935 10 1576 2003 8
2507 2411 4 1259 3292 7 1946 2666 9 1627 2722 9 1358 2431 6
2089 2598 8 1759 2489 8 1827 1900 5 1517 2431 7 2153 3245 4
1740 2460 6 1687 2318 6 1381 1479 6 1440 1194 6 1251 2988 10
1620 3068 4 1942 2125 7 1656 3350 8 3047 3542 8 1511 1914 4
904 1076 4 1203 2098 11 1253 1902 4 1261 1726 6 1099 2654 10
2396 2822 4 1326 3116 14 1895 1948 8 1497 2323 4 1679 3224 6
1546 3360 10 2098 2853 4 1523 3048 7 1308 1399 8 2393 2170 6
1300 1868 4 1531 1987 6 746 1530 6 1771 3278 12 1753 1749 8
838 2536 6 1922 1965 6 1329 2697 12 1641 2828 6 1475 1079 4
1365 2993 9 1182 2874 9 1875 1327 4 1553 1638 6 916 1605 6
1912 2592 4 2302 2875 10 2056 3526 8 1503 2139 6 1634 1483 5
887 1151 4 1332 2083 8 1708 3274 9 2275 2819 8 961 1658 4
1490 2180 5 1965 3236 5 1547 3095 9 1143 2833 10 1996 2434 6
1633 2829 10 1820 1731 4 1933 2324 4 2026 3059 8 1455 2618 8
2274 2255 6 1817 3125 8 2082 3096 8 1707 2211 6 1656 2227 4
1439 1517 10 1694 1495 4 1392 2299 6 1040 2312 4 1114 2463 10
1254 2516 8 1379 2490 5 1649 2031 4 2356 3434 9 2295 2159 6
2071 2565 5 1253 3398 6 1355 2436 4 3310 2301 6 2655 3923 7
1713 2491 8 1737 1960 6 1417 3047 8 921 2104 4 2542 2215 6
1087 1856 10 1595 1973 6 1718 2479 6 1813 2596 6 2110 2958 6
1046 2406 8 1987 2709 9 1653 1838 6 1275 1350 4 1373 2462 7
1369 1477 4 968 1493 4 596 1678 10 519 1834 5 1333 2446 11
1568 1733 4 1485 2073 8 1348 2364 9 2020 2309 4 1156 2394 7
2260 1781 4 1849 3595 8 1551 2611 7 3243 4006 6 2180 1984 6
1351 2176 8 1375 1857 6 737 2562 13 628 1544 4 1259 1578 4
1482 1846 4 1206 3013 6 1559 1922 6 1063 2046 12 1218 1240 6
2485 1984 6 1255 1833 4 1225 969 4 932 1730 8 2005 3415 12
2122 2917 6 2302 2101 6 925 2635 8 2371 3372 6 2126 2435 7
1452 2618 9 1592 1620 4 1834 2446 4 1919 2620 7 2621 3444 6
1057 2320 12 1607 2042 4 2154 2886 5 1500 2006 6 1158 2477 6
1889 2478 10 1639 3206 5 1785 2101 8 2928 2816 4 2077 2900 6
1398 2790 8 1763 1824 8 1191 1553 6 1192 1927 7 2084 1992 8
1682 3063 4 1170 1896 4 1487 1299 11 1440 2243 6 1128 2232 10
2151 3010 8 1643 1782 4 1567 1488 6 1718 3492 8 1147 1940 6
1545 1165 4 2086 2697 6 1980 3072 10 1429 2756 6 1457 2704 9
2108 2529 5 2341 2108 4 1452 3423 8 2284 2463 8 1513 1803 6
2813 2870 4 1333 2649 7 1592 1587 4 2089 3192 9 2345 3203 8
1854 2384 6 1598 2681 7 1754 1947 6 1690 1356 8 1396 2729 8
1264 2229 6 2114 3150 7 2763 3111 8 1519 3348 8 1886 2234 4
1236 1474 4 2221 3324 4 2781 3112 9 2201 2751 7 2781 3205 6
2033 2550 6 2069 2320 5 1569 3336 9 1199 1244 4 2676 3225 6
1353 2215 6 1661 1880 6 1780 3818 8 2059 2086 8 1928 2448 6
1971 2872 9 1580 2175 11 922 1074 4 1186 1639 4 1570 2162 4
1531 1673 4 2534 1484 8 852 2089 4 992 2539 12 655 2241 6
1766 2044 6 1372 1580 4 2434 2795 10 2759 3708 8 992 2523 6
1701 3273 8 1110 1135 4 1321 2669 7 2367 2639 6 1328 1724 8
1428 2266 4 892 1950 7 2056 2834 7 1068 1681 6 2104 2308 9
2090 1023 7 999 2490 12 894 2296 8 1270 1679 4 876 1471 4
1360 1777 4 821 1789 7 2144 1988 4 1912 2558 10 2060 3570 8
810 1966 6 2006 2020 5 1170 1991 10 2088 2988 6 1410 2463 5
1406 2125 6 1382 1747 4 2119 2616 4 2361 2587 6 2506 4129 14
1116 1830 4 1113 2493 9 881 1456 10 1170 1468 6 955 2068 6
1699 3440 6 1841 2286 5 2020 2137 6 1097 2174 9 1730 2224 8
1022 2329 7 1997 2654 8 1709 1450 4 1575 3332 8 2245 2244 4
1436 2419 7 1682 1909 4 2312 1581 4 1663 3811 10 1020 2218 6
2121 2522 9 2063 2886 6 2867 4242 8 1162 2318 4 2062 2146 6
1017 2229 6 1446 2144 4 1634 1983 4 1714 3293 14 1917 2364 6
2017 2337 4 1524 2582 9 2898 3733 9 1145 2599 4 1589 1635 5
1658 2854 7 2513 2145 4 1853 2450 7 2338 2563 7 948 1485 5
1914 3646 9 1062 1471 4 2822 2846 8 3442 3962 6 1633 2383 4
1314 2566 13 1998 2261 6 961 1593 4 1956 2909 6 799 2331 4
1244 1114 4 1593 2226 4 1851 3049 6 1615 2528 10 1412 2909 8
858 1551 4 1632 1835 7 825 1711 10 1796 2338 6 1662 1981 8
2031 3545 6 2267 2102 6 2656 2943 6 1213 2116 10 1742 2210 4
2550 2346 5 2143 3825 8 1300 2238 6 1098 1853 8 2034 2999 6
2037 3834 9 1569 2338 5 1873 2890 8 1197 1449 4 2187 3355 8
1354 2132 4 1512 1967 7 1564 1692 6 955 2812 10 1874 3017 6
1302 2396 8 1130 1352 7 1463 2594 6 1435 2310 10 560 1254 6
1409 3115 12 1073 2022 4 2207 2510 9 1890 1910 4 1343 2197 6
1613 1951 6 1151 2231 6 1282 1669 8 1385 1445 4 1378 2597 10
1102 1549 6 659 1574 10 1908 686 4 1077 2164 8 1088 2265 7
688 2206 11 1032 3369 9 1671 1894 4 1530 1798 5 1393 2062 4
1981 2259 6 2130 2037 4 1077 1370 6 1646 3697 7 1706 3061 8
2596 2352 4 1659 2608 6 1390 1906 7 2046 3190 10 1419 2461 6
2012 3170 9 1475 2635 6 2356 3032 4 2896 2304 8 1104 2178 6
1273 2437 8 2158 2088 6 1311 1438 6 2067 2690 10 1852 2070 4
1534 1957 6 1061 2610 14 1095 1895 6 1082 2027 4 614 1538 6
1169 2551 6 1402 1794 5 1497 2479 7 893 1726 6 2195 2145 10
1121 2330 7 1843 2856 6 1000 2169 8 1702 1818 6 2054 2844 6
1113 1917 4 1311 2596 9 1167 2432 12 2092 2663 8 1533 2338 4
