2813 4589 6 3529 2958 4 4203 5473 8 2849 4316 6 3548 3490 4
4454 5180 7 4466 5729 10 4299 5078 5 5077 4516 5 4269 4746 6
3183 2498 2 1677 2828 2 3444 3825 12 2460 3313 3 2316 2877 4
3823 3916 7 2980 4406 4 3815 4078 2 4162 5179 4 3978 4122 8
4110 4656 8 4620 5526 3 4181 4631 2 5009 5793 9 3532 3800 5
2914 3287 4 3341 3523 4 2473 3021 4 3567 3550 4 2141 3611 3
4252 3962 2 2748 3303 3 1802 3094 8 3468 3724 3 3449 4982 7
2298 3195 2 4199 4043 3 3033 4647 4 4552 4242 11 2380 3088 4
2950 2877 2 5555 5569 6 4836 5727 5 4089 6125 6 4481 5193 6
4318 5748 8 3748 4293 8 3694 3498 5 3031 4178 4 4257 4263 8
3255 3751 5 2540 2309 3 4203 5096 8 2863 4069 6 3807 4279 8
3553 4551 4 3501 3852 7 3560 4418 3 3982 5376 11 4699 4283 5
2696 3350 2 3200 4233 5 2390 3139 3 4317 4286 3 4845 5881 10
5145 5523 5 3034 2446 3 3173 4869 8 2412 2904 3 3912 4872 7
4009 4752 8 5584 6318 6 4899 4934 2 3612 5367 6 2830 2297 4
2049 3179 4 3100 3044 2 2607 3808 6 4368 3691 4 3092 4289 6
3573 4557 7 2374 2897 2 3246 4356 7 3690 4207 4 3054 3403 7
3363 4535 5 4316 4130 5 1521 2200 2 3330 3768 4 3642 4926 7
3572 3614 3 2787 3635 7 2622 4065 7 3193 3141 3 3761 3944 4
4381 4672 7 6333 6375 10 3286 4674 3 3186 4210 3 3176 4556 5
3693 4472 3 3683 3747 3 2634 3645 4 2005 2938 6 3694 2434 6
3665 4159 6 5170 5113 3 3882 5473 4 3544 3029 7 4481 5934 9
5473 4940 4 4562 5345 8 3382 4833 10 2148 3492 3 4046 2748 7
4044 4847 6 3899 4929 4 4874 5546 6 4819 3858 5 2153 3656 4
3566 4604 4 5306 4710 2 4308 4900 5 2832 4039 3 3593 4562 8
4903 6284 9 2828 4624 2 4852 4110 6 4269 5281 3 3090 2942 4
3952 4204 6 4399 4698 7 2967 4558 4 2500 3136 4 3625 4658 3
3326 4580 7 3332 4001 4 3603 3641 4 3409 4268 9 3753 3882 5
4579 4921 6 2958 3131 5 2809 4054 4 4357 4094 5 3527 4666 7
4989 5625 4 3899 4754 5 5108 5951 6 3853 4078 8 3382 4275 6
3290 2933 4 2876 4361 4 3859 5745 9 2417 3797 3 4681 3788 6
3073 5110 4 3856 4605 4 2468 3265 2 2598 4046 11 3704 2309 5
3777 3622 6 4492 4159 4 5100 5890 9 3471 5054 7 3788 5089 4
4821 6361 5 3673 4802 5 2841 3889 6 3990 3110 3 3933 4475 5
2899 3255 3 4082 3503 5 2865 3402 4 3903 5475 6 3042 4421 7
5300 6709 9 3516 2678 5 5039 5436 7 2982 2718 5 2575 3892 5
4020 4340 5 3282 3872 4 3884 4832 8 4351 5082 5 5866 6714 9
3389 4881 5 3779 3438 5 4522 4679 6 2977 4160 3 2775 4428 6
5673 5682 7 4702 6775 6 4561 3735 4 4876 5283 8 2252 3860 8
2869 4669 7 4785 4110 5 3903 4160 3 3032 4768 7 3674 4018 4
3525 3292 4 3721 4656 4 4836 6659 11 4641 4398 4 3592 4098 6
3637 2966 2 4062 3537 1 3760 3956 4 3104 4825 8 3451 4973 5
3530 4048 7 3358 3546 3 3189 4232 4 4564 5580 6 3618 3575 5
4310 5022 4 3135 3831 6 2824 3981 2 3044 3288 4 4438 4530 7
4496 4581 4 4609 4903 3 3185 3601 4 4327 4308 4 4211 6048 11
3951 4615 3 4284 5156 6 3460 4695 4 4232 4696 4 2990 3538 3
4811 5115 11 4407 3486 1 3085 3935 2 2542 5333 5 4480 4520 6
3992 3859 3 3615 5463 2 3278 3378 3 4226 4601 7 2418 3705 4
2783 4488 5 4355 3138 2 3746 3689 5 2226 3350 6 4008 5623 11
6665 6062 14 3636 4050 4 3765 6821 8 3409 3323 2 3300 3687 3
3365 4807 11 3708 4704 4 3628 2897 2 3553 3306 4 3255 4627 10
1717 4101 6 3053 2628 3 4398 3454 6 3514 2947 6 2238 3973 3
4665 4905 8 3506 4233 6 3348 3074 1 3121 4088 4 4318 5708 5
3518 5150 8 2683 2968 5 2028 4536 4 4702 4045 3 3530 3453 4
3448 3906 9 2292 3654 5 2870 4051 3 2283 2564 7 3581 4019 4
4193 5598 6 4778 5117 7 4941 5745 9 3422 3720 3 2612 2772 2
3279 4533 6 2438 2765 1 3244 4521 5 3850 3635 9 4078 4925 7
4632 4672 5 2814 4563 3 3545 4502 4 3113 3530 4 3142 4383 6
2157 4145 9 2995 3481 2 3201 4269 6 2224 2729 3 2811 2233 8
2464 3497 4 2418 2931 3 2962 3265 5 2939 4019 3 4032 4562 9
4802 5555 7 3989 4370 8 3458 4869 3 2821 2975 2 3264 3330 6
3808 5384 6 4244 4485 8 2621 3838 4 2956 3745 5 3036 2924 4
4570 5101 3 4420 4281 3 4154 3569 5 4658 5529 6 1665 3976 8
5714 5368 4 3760 3047 2 2230 5389 5 4737 6005 7 3174 3934 4
4210 5232 5 4238 4609 9 4006 4156 5 3471 3994 4 5378 6193 6
2109 3187 4 3701 3652 6 3225 3578 2 3960 4811 8 3522 3877 6
4370 4646 5 3907 4749 8 4645 5233 2 3455 3247 5 4178 4368 5
4633 6041 7 4982 4718 7 3090 3693 4 2880 4521 6 2524 2240 3
2880 2830 4 3347 3305 5 4324 4235 4 3616 4126 5 3128 5947 10
3677 5237 7 5021 5445 8 3118 4518 5 3680 3667 5 2919 2914 6
3916 4585 3 3882 6544 12 3630 5532 3 4716 3578 5 6827 5782 8
3970 4750 4 3505 5405 5 3472 3924 2 3770 3621 7 2705 3507 3
3933 4694 3 4168 5217 8 4068 4647 7 4650 5931 4 5113 5361 6
3297 4991 4 4298 5160 3 2510 3806 5 2655 3047 7 3959 4503 10
2059 2784 5 2574 5102 4 2856 2611 2 2546 3870 11 2682 2558 4
5401 5083 7 3910 4023 3 3936 4874 5 3781 4981 6 3819 4578 7
3933 4212 3 3203 3506 4 4154 4395 5 4655 6168 12 3539 4132 3
3153 4437 2 3918 3937 5 4764 5550 6 3563 4484 1 3287 3615 10
2948 3531 4 2737 2461 3 3811 5368 6 3858 3452 2 3287 4092 7
4729 4020 5 4076 3977 6 2615 2902 3 2887 4376 8 2687 4935 3
3356 3765 3 5723 4997 7 4828 4378 3 3817 4784 4 3624 6243 9
5471 6543 6 3684 3842 4 4701 4376 7 3165 4367 4 3487 4830 6
4736 4878 6 3004 3466 3 3904 4788 5 3335 4492 9 4911 5860 10
3549 4605 4 2733 3350 6 4010 3770 4 4458 5073 5 2648 4236 6
3570 5411 8 2885 3053 1 3605 3530 3 3960 4664 10 3063 3986 3
3954 4649 6 3728 2961 5 3107 4737 12 1910 2565 4 2945 3267 7
4441 5065 13 3798 4306 3 3031 4984 5 3392 2524 3 2764 4540 9
3881 4067 4 2207 2581 2 2877 4073 3 2112 2636 4 3975 4281 6
3322 3087 3 3146 2718 5 3373 4682 7 3148 4248 6 3180 4352 8
3979 4991 6 4673 6022 9 4650 5918 3 5230 4242 5 2843 4689 6
2369 3795 8 3065 2598 1 2860 4450 7 4319 3708 5 2414 3457 4
3372 3640 5 2891 3775 4 3452 3349 3 3399 4668 3 4773 4624 7
3301 3322 3 3052 3840 6 4860 7648 12 4534 4247 8 3178 3744 5
5413 6859 10 4522 5285 3 3654 5205 3 4558 4091 5 5278 5068 4
4117 4382 5 3083 2217 2 2716 4051 6 3068 3197 5 3064 4617 7
3074 3132 9 2834 3921 5 3091 4804 4 2977 4020 1 2465 2712 4
1811 4207 10 2534 2978 2 2381 2955 2 3319 3716 4 2461 2233 3
3905 4003 5 3482 4367 4 3688 4204 7 2317 3327 1 4007 4171 5
3111 3587 4 2587 3377 7 4895 5512 6 3367 5114 3 4422 5365 5
4619 4907 6 2745 3790 2 3113 3991 3 4066 3058 3 2898 4804 7
4310 5299 10 4308 4681 4 4290 4265 3 3461 3839 3 3570 4294 7
4554 5479 8 5152 5595 6 3137 3950 2 4490 4998 3 4867 5207 10
3633 4724 5 2625 3645 3 3839 4146 6 3133 3560 4 4601 4640 4
5252 4272 8 3757 5854 4 5415 5459 4 2383 3085 2 4168 5406 5
3352 4785 6 2776 3535 2 4437 6269 7 4038 3882 5 3634 3428 5
2759 3275 3 4196 4080 9 4003 4221 3 2676 4728 7 3944 3960 5
3064 2687 3 4830 4086 4 2294 3547 7 3122 4672 4 3164 4174 8
2687 3507 4 3802 3607 2 2740 4422 7 3640 5407 11 1649 2233 4
4663 4537 10 3485 2688 1 2706 4651 3 2860 3255 4 3549 5149 5
2690 3581 6 2108 2622 6 4106 4580 10 3398 3477 1 1963 2460 4
3102 4881 6 4236 5147 6 3505 3214 4 3238 2473 2 3264 4524 8
1711 2416 5 2051 3360 5 2424 4153 4 3551 2808 2 1690 2773 9
4479 4880 2 4843 5652 5 3461 3584 3 3343 3135 8 2767 5203 7
5017 5791 5 4504 5698 7 3209 3993 6 4727 4537 6 3148 3311 3
2011 4247 4 4233 3319 7 1783 3202 3 3001 3025 4 1534 2242 8
5153 5421 9 4604 5728 8 4511 6073 6 4342 5359 4 3908 3262 4
3251 1936 2 4540 3127 4 4173 4159 3 2712 5505 9 3160 5393 7
4105 5455 5 4557 4325 10 3270 5213 5 2967 3434 2 2740 2359 5
4452 5821 6 3904 5484 6 4154 4260 4 2663 3139 4 4182 4204 7
3956 3894 6 4851 4836 4 4202 5420 5 2750 4221 3 3627 4568 9
3474 5025 3 5114 6512 10 3834 4477 4 3785 3592 3 4186 3733 5
4075 5836 10 3071 4992 4 5165 3321 5 3169 3126 4 2302 3848 5
3381 4990 8 4326 5726 11 2667 2693 3 2560 2879 2 2681 3491 5
5293 6106 10 3759 4544 8 4611 4616 6 4870 5862 4 3228 4689 6
2822 4986 6 4656 5834 6 3473 3864 4 4083 3059 1 3247 4323 5
2770 3181 5 3838 1790 3 3434 5440 8 3574 3775 3 2998 4961 6
3874 4716 5 4957 4416 7 4024 4836 5 5788 5164 5 3854 5188 13
5364 6279 4 3899 3657 2 4781 5760 8 4030 4315 6 4667 5935 10
3953 6611 7 5103 4895 8 4583 4336 3 3288 4865 5 3728 3350 5
3851 4069 3 4679 4636 4 3539 3868 8 5161 5547 6 2904 4581 5
4329 6665 8 3228 3434 6 3409 3820 4 4825 4373 3 6137 5894 8
3804 2995 6 3267 3482 3 3807 6134 6 3381 5092 4 4225 3217 4
3758 4756 3 4481 4190 3 4051 4928 1 4094 5730 13 5337 5246 9
2852 2759 4 2754 3286 5 3150 5347 11 2451 3375 2 2462 2240 3
2721 3319 3 2809 3438 2 3144 4153 6 3295 3411 2 2744 4462 6
3686 4839 5 3716 3752 6 2823 4717 7 3102 4220 7 3856 3541 5
3424 3399 4 2477 3441 3 1072 1969 2 2549 3710 5 2924 4038 11
3588 5050 9 3620 4965 6 2259 2686 3 3730 2980 3 2989 3595 7
3898 5831 6 3265 3225 4 3616 3233 5 2759 4122 4 2846 3111 5
3453 4001 3 4661 4814 3 3721 4709 5 4261 4838 6 2891 4439 6
2904 5030 4 4055 4353 2 3424 3669 3 4059 4732 6 2961 3529 5
3133 4056 8 2985 3048 5 4066 4751 8 5158 5652 9 4341 4378 2
3573 3186 3 3069 4596 5 4774 6600 10 3192 3988 1 4575 4434 6
2690 3641 2 5598 5533 8 4389 4228 2 4524 5179 6 4125 5687 7
3004 3443 5 4158 5094 8 4987 5037 10 2178 2369 3 3127 4809 6
3482 5313 7 4484 3161 2 2562 3578 1 3357 5843 4 4113 4111 4
2760 3321 3 4322 3701 4 4511 4506 5 3641 4523 7 1680 3986 5
2290 3363 1 3197 3101 4 3603 4359 4 3985 3175 2 3705 5898 12
4612 4838 8 4822 5031 5 3461 3354 1 3676 4323 6 4464 6491 10
4419 4077 3 4513 4995 5 4940 5563 10 4741 5571 8 3950 4812 8
3836 2674 2 3872 4620 3 3451 4960 5 3832 5173 8 2611 3087 6
3052 3911 4 2249 3138 6 3409 3862 7 4049 3978 3 2556 3957 7
2305 3339 4 3608 3868 3 2604 4470 8 2409 3550 4 3052 2325 2
4784 4415 8 3003 4160 2 3423 4069 7 3118 4444 5 2983 3434 7
4412 4463 5 3412 4694 7 3170 3935 2 4211 4662 9 2046 2908 4
4344 4795 5 4074 5888 5 2965 3331 4 3664 3860 5 3472 3721 6
3585 3729 4 5073 5099 5 5618 6242 11 5063 5310 6 3287 4688 9
4666 5012 6 4314 4557 6 3298 4590 4 2933 4994 5 2565 2301 7
4745 5403 4 4666 5213 8 4449 5410 5 3627 3873 4 3364 3933 2
3338 2726 2 3457 3880 6 3958 4672 3 4305 6566 8 4091 4283 6
3904 4311 4 2602 2407 3 2627 4249 4 5436 5192 10 4865 5917 6
3142 4559 6 3598 4370 4 3552 4113 6 3890 3953 5 3356 4008 3
3527 3013 3 4125 5167 4 4019 4767 2 5316 6320 8 4853 5632 10
2664 4836 6 4210 4114 7 1770 2167 4 1873 2453 3 2725 3172 4
4535 4555 5 4291 5876 4 5346 6475 9 3505 4017 2 4320 4675 6
2428 3920 4 3626 4357 3 4094 4436 4 3688 3796 6 4647 4941 12
4646 5050 2 4854 4140 6 4240 5084 2 3092 4268 8 3139 5041 7
4172 4936 5 3007 3416 3 4403 4306 8 4162 4190 5 3690 5369 9
4367 4605 9 4121 3549 5 3063 4414 4 3150 4650 4 3393 3917 6
3536 4508 7 3311 2910 5 2954 4282 8 3722 3768 5 2837 4175 3
3897 3997 3 4341 5664 4 3692 5231 5 4756 5248 2 4650 4751 8
4304 4338 3 4773 6237 8 4910 5146 5 4862 6757 8 4585 4770 8
2678 3210 5 3574 3895 3 4050 3789 4 2206 3759 7 2348 3621 7
5113 5012 7 3066 3330 2 3518 5820 11 2681 5055 5 3723 2442 5
3509 3256 3 3554 4398 10 4359 4312 5 2749 3472 4 3243 5049 6
3459 3343 2 3031 3272 2 3143 3550 5 2932 5043 8 3596 4441 5
3838 4383 4 3009 2461 1 3894 3592 5 3702 4535 6 3378 5476 6
2404 3502 2 3237 3705 6 3545 3679 7 3096 2758 3 4811 5472 10
3636 4752 5 6009 5198 15 4240 4742 3 3606 4058 6 4419 6400 10
5151 6122 4 4454 5303 3 4189 4310 2 3566 4905 8 5255 4854 8
3348 3533 4 2394 3010 6 3041 3662 4 3264 2599 5 2856 4351 5
4071 5064 9 3366 2981 2 3632 5237 6 2667 3910 3 5369 5062 4
3506 3605 5 3553 3719 3 5160 6126 7 4182 4846 4 3538 5124 4
3847 4742 7 3771 5868 7 3998 3898 4 3353 3079 2 4007 4682 7
4927 5165 4 4348 5690 4 2896 4282 3 4937 4694 4 5091 5587 8
2480 2856 1 4096 5477 2 5004 4961 7 3425 4733 7 4222 4038 8
3897 3895 5 4649 4239 6 1653 2566 1 3729 5443 10 2922 3330 2
3765 4307 4 4627 4878 10 3281 3308 1 2709 4589 7 3754 3453 4
4408 5650 10 4754 5052 4 3554 4894 6 3223 2539 2 2872 4267 5
4550 4196 3 3624 3165 2 3602 5410 8 4079 4438 7 4611 5483 9
2822 3541 3 4260 4454 7 3162 3455 6 3007 3486 4 4329 4534 5
4317 4136 6 4113 3994 6 3389 5641 8 3263 3433 2 3773 4202 5
3730 4640 8 3402 3061 2 2905 4699 7 3530 3417 3 2596 3562 5
4299 4291 10 2970 3999 5 2641 4743 5 3078 2990 4 3318 3242 3
3100 3974 3 3647 4510 5 2746 3448 3 4115 5007 4 4212 4153 8
3929 3876 4 2715 2273 4 2526 3316 5 3452 4811 5 3398 5068 10
3565 3820 3 4313 4490 4 4890 4305 7 1656 3715 3 3168 4023 5
5900 7000 10 5237 6770 8 3363 4631 6 2716 4176 3 3614 1981 3
3040 3861 6 3180 4727 3 2786 4024 4 4038 3143 7 4673 4951 7
3145 4847 4 4022 3176 3 2942 3903 3 4012 4385 7 4097 4839 4
5381 5552 4 4351 4501 5 4302 4990 6 4958 4969 8 4466 5072 6
3993 3329 2 4547 4499 5 4482 5748 6 4001 6020 9 3461 3686 8
3156 3439 7 3622 2511 1 3010 3996 2 4107 5368 7 3040 4061 3
3849 4136 6 5511 4921 7 3976 4950 5 3296 5534 8 2521 2941 4
3264 4216 6 4978 4877 7 3807 4368 4 3243 4469 3 4821 5102 7
3414 3599 5 3938 4849 2 3163 5265 5 3483 3303 6 3670 3542 5
3123 3633 5 3279 4211 2 3223 3660 5 4142 5893 7 2847 2234 5
3178 4078 2 3623 3045 6 2524 4681 6 2863 3381 3 3816 3884 5
4155 3793 5 4562 6108 5 3090 5099 3 3850 3485 4 5073 4316 5
3302 4041 3 4879 5756 4 6057 6605 3 5741 5250 11 3771 5029 6
3273 3272 3 3578 4088 8 3886 4164 6 3130 4578 5 3137 3553 6
2887 3846 7 4050 4729 4 3795 4541 8 4766 3875 4 2706 4249 4
3633 5493 5 4694 4308 5 3804 4284 3 3425 4007 5 4437 5465 10
3076 3318 2 6247 4702 7 3527 3316 3 2874 3728 6 3064 5612 6
2396 3135 2 3586 4422 7 2971 3337 4 2765 4019 4 3028 2893 8
4057 5055 4 5595 5003 3 5094 6042 7 5264 5532 6 3921 4957 5
4619 4158 9 4404 4198 7 3508 5260 11 4963 3388 5 2040 4639 7
2959 3975 4 4301 3573 4 3576 3981 4 4064 4594 5 4496 6362 10
3434 4131 5 3369 4099 4 4837 5571 4 4615 3512 4 4414 6565 7
4007 4303 5 2996 3074 6 2223 3869 2 4217 4482 7 4164 5103 6
3012 3688 3 3666 4536 4 3035 4009 5 3907 4177 9 4178 4178 2
3428 5388 4 3334 4316 4 1796 3030 7 4877 4154 6 4094 3685 6
5480 5728 5 4346 4935 5 4361 5655 9 5640 5576 5 3765 4756 5
3411 3696 3 3450 3905 7 2704 2967 3 4015 3658 3 3180 5468 6
3947 3899 3 4476 5307 5 3955 4353 4 4232 4466 3 3500 4620 7
3319 3857 3 4072 3603 1 2611 3667 6 2225 3127 2 2867 3334 9
3073 3193 4 3253 4376 5 2898 4607 3 2935 3747 4 2956 3110 5
3666 5013 2 3561 4100 4 4568 5547 4 3659 2659 2 5132 5236 7
5768 6665 7 3768 4391 5 4333 4621 5 3241 4166 3 3954 5212 6
4987 6329 5 4928 3894 2 3674 4396 2 3513 4025 2 4961 6587 7
2050 3567 2 4617 4406 4 5185 4279 8 3415 5859 6 3556 3146 6
2938 2992 3 3938 4636 6 3560 3189 1 2655 4275 6 3655 4278 11
3785 4846 5 5562 6098 7 4426 5123 6 5144 6014 10 3289 4069 6
2358 3080 5 4166 3780 9 3266 3625 3 1823 3755 5 3209 3492 4
4379 4506 9 3477 4502 5 4673 5195 7 3278 3220 2 4205 5139 8
3356 4212 7 4617 4285 7 4836 2932 2 2065 3413 3 2253 4910 5
3580 4086 3 4495 5122 3 3921 4976 5 3394 3876 5 2618 3648 7
4200 4722 4 3133 5188 6 4886 5177 5 3770 4062 3 4634 4523 6
5489 6558 8 5388 5287 8 3577 4526 5 4515 4823 10 3802 5408 5
4144 4715 5 4975 5019 6 4334 4777 2 2585 2985 3 3637 5647 6
4251 5393 7 3267 3179 5 4042 5630 7 2977 4459 7 3406 3429 6
4729 5041 5 3833 5261 6 5521 5593 10 4148 3977 4 3411 4146 5
3558 3375 3 3223 4770 7 2697 2626 1 4043 3922 4 3988 5628 11
3034 2227 5 2664 3313 2 3864 4149 2 3789 3534 4 3451 5031 5
3934 4785 4 4392 3341 5 4405 6540 7 2690 4694 4 4638 4362 6
3272 3517 6 2599 3670 3 4082 4098 7 3618 5172 8 2763 3519 8
3164 3692 3 3365 4253 4 2373 3462 2 4180 4752 11 4698 4288 4
3527 4399 5 4350 4843 6 2911 4641 3 6153 6091 8 3926 4185 4
4565 4330 8 3322 4348 9 3791 3916 4 4358 4864 5 3262 4409 4
4593 4892 8 3067 3891 2 3378 4601 6 2935 4215 4 3845 3092 3
4874 5195 4 5644 5699 10 2217 3687 4 3543 5301 6 4453 3573 4
4593 3814 4 3099 3999 5 5547 6812 11 2487 4818 5 5414 4852 7
5623 6382 6 4272 4815 3 3221 3671 2 2995 5077 7 5031 5544 8
3165 4011 7 3371 4335 8 3950 4165 3 4946 4380 7 2656 3645 4
3716 4927 5 2073 3096 2 3743 4642 5 4194 3790 6 2462 2947 5
3339 3295 3 4986 4562 6 3262 4161 3 3940 4150 8 2804 4709 8
3929 4308 7 2828 3931 7 4978 4177 5 4177 5172 6 3711 6257 10
4493 4019 2 4007 5237 2 3625 4651 7 3893 4838 7 3980 4900 5
3101 3340 3 2387 4216 4 3564 4158 7 3108 3720 3 3481 3877 5
3424 4018 7 4016 4224 7 4624 4834 4 3566 3402 6 2593 5134 7
3465 4850 12 3931 4089 7 3771 4031 6 3652 4327 6 3525 4078 2
2175 3774 3 3215 2964 5 2818 3253 6 1467 2226 3 2718 3912 7
2477 3347 3 3559 5566 9 2784 2433 4 3508 3022 6 3693 3440 6
4457 4476 18 2983 3353 3 4723 5299 10 3490 3433 5 2602 4054 4
1931 2781 5 2121 3033 4 3823 4378 6 2322 2913 4 4090 4708 7
4956 3975 5 4204 4301 8 4103 4284 5 4099 5229 7 3150 4961 8
3224 2792 2 4318 4445 5 3816 5314 6 3441 3985 4 2901 4686 6
3743 4777 7 4418 4235 6 3621 4128 4 4206 4271 6 4640 5066 8
2317 3577 6 3372 4391 2 2593 3722 5 3659 3628 2 3232 3228 7
2912 3010 3 2631 3953 6 3913 4698 4 2195 3327 3 3022 3261 4
3214 3419 4 4035 4124 3 3301 3876 4 3956 4808 5 3457 4773 10
3456 4790 5 2247 2733 2 2309 3693 6 2763 2734 1 3265 3937 8
4018 4522 4 4452 5416 6 3850 4973 7 3221 2872 3 2514 3314 3
3434 3630 6 3787 3377 6 2973 4180 4 2775 3111 2 2691 3746 8
3782 3792 4 3123 3835 5 2989 5637 7 2316 2813 5 3721 3482 6
4733 4938 9 4373 4518 6 4089 3992 4 2299 3177 5 2802 4178 7
4796 4746 2 4434 5543 6 5103 6194 8 3929 4371 4 4334 4107 3
3452 4383 8 2245 3284 3 4092 3742 2 3204 4027 7 3956 3809 7
3032 3825 3 2171 3346 8 2424 2972 3 3539 4206 5 3232 3182 5
4001 4445 6 3374 2901 2 3857 5068 4 4561 3676 6 3481 5466 8
4319 4661 4 2718 3570 3 2119 3367 7 4715 5240 4 3396 3665 7
3167 2968 2 3071 3191 5 3434 5460 10 2168 3339 4 4683 4521 8
3839 4127 5 3292 3525 4 3796 5354 6 4961 4373 6 3563 4458 9
2245 3610 4 5076 4645 5 2407 2828 3 4738 4060 4 3282 4769 9
4022 4175 5 4861 4321 4 3985 4990 13 2702 4552 4 3566 3454 4
2513 3769 4 4458 4281 3 3543 3844 5 4304 4790 6 3093 4346 6
3714 4063 8 5069 5983 6 4331 5363 5 4226 4337 6 4962 5090 5
4185 4454 3 2736 4262 4 6046 4781 5 3491 4132 4 3855 5236 11
2996 3772 2 3392 4579 5 4365 4375 12 3897 4499 4 5093 6010 8
4434 4560 4 2843 2652 1 4526 5708 9 4539 4688 5 4000 5312 9
3560 3866 6 5163 5160 8 3612 4283 9 2683 3176 3 3947 4145 7
2508 4632 9 3729 2941 2 3917 4508 4 3275 4128 5 2768 3233 5
3651 3976 3 4086 3736 4 4590 5439 2 4003 5471 6 3469 4498 8
3012 4367 6 4370 4459 7 4247 3876 3 3770 4440 5 3198 4413 6
3465 3572 10 3164 3342 5 3142 4543 8 2864 3572 4 3561 3776 7
3082 4704 6 4503 5199 6 2841 3245 6 4887 5021 7 4357 4145 4
3440 5057 7 3863 4258 4 4153 3969 6 3903 4809 4 2957 3992 5
5537 5400 9 4447 5468 4 3409 3964 6 3262 4116 5 3051 4457 4
3213 4063 2 3457 4503 11 3697 3057 6 4323 5474 5 4248 4798 9
4010 5756 5 4273 4560 4 5903 5409 5 5451 6554 7 5061 4802 8
3397 4281 3 4743 4784 5 4096 4888 3 4963 4122 4 3261 4584 8
1874 3142 1 3874 4077 3 4457 4819 6 4476 6753 13 3484 2757 4
5169 5550 11 2685 3039 4 3604 4550 4 3738 4500 3 2580 3345 10
4826 4425 6 4819 5562 8 3204 4104 5 3799 5052 7 3742 3990 4
3544 4562 6 3620 3313 2 4179 4952 4 2924 4511 3 4323 4779 5
3322 4579 7 3244 2612 2 3979 4757 8 3863 3744 1 2874 4706 10
3059 4167 2 4483 3762 7 3940 4702 8 2472 3048 5 3052 4210 6
2618 3881 3 3032 4464 4 3430 3424 7 2892 2569 3 2625 4530 18
4204 5090 7 4432 5332 6 4313 4757 6 3975 4892 9 2850 3852 4
2690 4249 3 1985 2323 3 2937 3176 3 1991 3205 5 3154 3171 5
5332 5983 3 4974 4758 9 4407 4276 4 4368 4916 3 3485 4879 9
2330 3706 5 3388 4468 5 2862 2947 4 3645 3082 5 3610 4828 13
5513 5019 4 4407 5477 4 4037 4343 4 4044 5647 6 2840 3572 7
3959 5598 6 4209 4984 7 3816 3479 5 4413 4059 4 3280 4450 6
3138 4200 8 5227 5186 6 2436 3109 3 3093 3781 5 2909 3850 4
3819 4529 8 4046 4850 7 2764 3712 5 3428 3149 4 2626 3912 3
4710 4933 7 3782 4557 4 3882 4738 7 3852 4281 6 5009 5610 9
3653 4961 7 2507 3157 3 2934 4821 6 4153 4319 2 3297 3794 6
5549 5279 5 4318 4794 5 3681 4294 6 3856 5243 5 2748 3830 5
3128 3595 3 2387 3513 3 4337 5549 10 2733 3460 3 5480 5161 9
4263 5745 5 4290 4260 6 4688 5670 6 4275 4492 4 3832 3320 4
2556 2033 2 2172 2605 4 2825 3286 7 2800 5511 7 1663 1953 3
2513 2779 3 3032 4389 3 3559 4073 4 3213 3258 2 3882 5159 7
5303 5593 10 3745 4816 6 3732 3864 6 2918 3987 3 5462 5204 9
3622 3765 2 4114 3908 4 2620 3590 2 2631 5515 10 3573 4130 4
2657 4619 7 4665 4715 6 3453 4167 4 3734 3990 3 3122 3470 2
5335 3957 6 3921 6158 4 3386 4113 3 3309 3809 5 3296 3449 5
2708 3705 5 3703 3542 5 4252 4915 4 2573 3125 5 4284 5510 4
4425 6127 9 3369 4027 5 3573 3971 3 3490 3570 6 2573 2803 5
4450 4788 5 3318 3318 3 2766 3580 5 2486 3823 4 4854 4694 6
3693 3867 3 5189 5723 6 4515 5565 3 3541 4472 3 4318 5035 6
3839 4464 4 4837 6736 5 3811 4113 7 3394 4188 4 4852 4411 5
3591 3203 6 1833 3953 5 3740 4783 6 2320 3327 3 4095 4144 6
3668 3723 3 4115 4119 8 3764 5634 5 3521 5290 6 3938 3453 4
4008 5299 8 3241 3486 3 3126 4040 6 5023 3991 5 2659 4387 7
3364 3186 5 4169 4180 4 2309 4238 3 3107 5336 8 4036 3940 5
2402 3357 3 4064 4913 4 3980 3590 3 3499 4826 9 4090 4522 5
3816 3619 5 4585 4569 7 2946 4163 3 3580 4786 9 5136 5288 8
3456 3440 7 4567 5305 4 3669 3162 7 2345 4073 5 2825 4112 4
3247 4867 5 3412 4447 3 3641 5383 4 4724 4976 3 4209 3888 6
4679 4748 4 3806 4691 3 3161 4768 7 4171 4478 10 4004 4010 7
2904 5029 6 3411 3538 5 3053 3641 2 4558 5565 9 4411 4100 6
4122 4420 5 4380 5604 6 2867 4809 7 3378 3489 2 3038 3147 4
4707 6670 7 5128 4358 5 2897 3353 4 3543 4292 6 2792 3158 6
4533 5364 7 5366 5827 6 4680 5506 8 4557 5905 5 3754 3240 5
3525 3533 3 4023 4885 3 3888 5432 11 4875 4776 2 3163 3771 6
4533 5465 8 2810 4023 5 3930 4262 3 3500 3802 5 4610 5480 3
2718 3678 6 3115 3977 2 3581 4560 8 3838 3958 4 2932 2544 4
3353 4297 2 4863 5077 8 3277 4328 5 4625 5713 4 3073 3815 5
3149 5274 6 2553 3901 4 4171 5162 7 3199 2789 2 3074 3261 4
2241 3234 4 2482 3197 2 2284 3215 5 2725 3592 4 2638 2948 5
3073 5266 6 4689 4762 7 4326 6625 10 3842 3950 4 3864 3391 5
3356 4030 4 4215 4241 4 3544 3496 2 4233 5186 11 2055 3686 3
3293 4467 8 3220 2775 5 2453 3216 2 2273 2904 4 2606 3117 4
3644 2808 1 2801 4975 1 3707 4248 6 3848 4604 4 3157 3397 7
4586 5257 8 4524 4637 3 4013 3132 2 3087 2847 4 4313 6224 8
4104 4301 3 2579 4899 10 4565 4816 3 3122 4009 4 4358 3829 6
2799 3109 2 4551 4297 3 3708 5531 6 5694 5330 3 4162 5145 10
3143 5064 5 4630 5737 5 3213 2783 2 5363 4294 4 1789 3704 9
2723 4306 8 2825 4882 6 4112 4056 5 3445 3868 4 3803 3520 3
3345 3989 5 2124 3699 5 3956 4988 9 2857 3289 3 3473 3000 3
2349 4702 5 4404 5261 5 3116 4530 7 3282 2274 2 2880 2965 2
3483 4715 7 3895 4344 4 3608 3838 5 4146 5037 8 4559 4899 8
5425 5405 3 4613 6135 6 5321 6715 8 2784 3287 2 3312 4117 5
5159 5431 9 4918 5613 10 3894 4398 2 3664 5021 5 4509 4570 6
3806 4438 2 4169 4730 8 2847 3553 2 2740 2520 6 4231 5620 6
5994 5824 7 4341 4088 3 4266 4758 2 5062 4454 6 3690 6512 8
4085 3505 3 4275 6082 5 4850 6276 7 3515 3907 5 4524 4452 5
2395 3548 2 2542 2909 5 2711 3356 2 3856 3781 11 3722 5075 5
3736 4573 7 4532 4728 7 4220 4002 1 2884 4692 6 4241 4402 7
3506 4805 5 5851 6123 4 3416 3720 2 4502 4638 4 5421 5533 9
3365 4017 5 3178 2578 3 4904 4709 7 3536 4942 9 2686 3842 6
3382 3655 4 4160 5112 8 2991 3862 4 4540 4611 8 2598 4060 6
3548 2953 6 3055 3347 5 3029 4660 10 4051 4819 5 2849 3312 5
4917 4074 6 4648 4754 5 3570 5371 6 3239 4241 7 3347 3555 4
2711 5406 7 4293 4341 1 4759 5061 4 5052 4846 5 3931 4192 4
5021 5074 6 5029 4872 7 3421 3387 3 3615 4390 2 3246 5370 9
3750 5474 8 2492 4741 7 2943 2313 2 5412 4412 4 4770 6092 10
3048 4632 8 3623 4506 5 4057 6147 6 3518 3668 7 4420 3431 4
3949 5238 10 3984 4346 4 4188 3902 5 3056 4822 4 3612 4100 5
4869 5753 4 2956 3922 2 3910 4937 6 3776 3891 5 3351 4250 5
2508 5481 9 3935 4750 3 3103 2443 2 4647 4232 6 2695 2663 8
3733 5603 4 5958 4689 4 5293 5767 7 3456 5228 8 3509 3980 2
2712 3924 3 4663 4938 9 4917 3722 4 3694 4699 3 2904 4044 5
4520 5449 4 4378 5077 6 4410 4926 6 3435 3782 4 3844 4858 8
5502 6032 7 3726 4996 7 2481 3634 3 4336 3215 2 2155 3360 4
2484 4642 4 3859 4709 11 3663 3533 2 4109 4756 3 2807 2027 5
3647 5516 10 5223 4904 2 3815 5063 7 4652 5090 4 3527 3949 7
3545 5098 6 2906 4543 7 4620 4092 4 3801 4155 6 3897 3551 4
3488 4318 3 4410 4439 5 5848 6136 5 3857 5301 5 3398 4498 7
5052 4342 4 4114 5858 7 3381 4827 3 4537 5275 6 5205 5396 7
3492 4791 6 4769 4862 14 4582 4491 6 3037 3649 2 3264 5356 5
3703 5095 5 4371 4522 4 3297 3355 5 2758 3589 4 5035 4717 7
3410 5978 7 5019 5703 3 3348 2829 4 2931 3683 4 4565 3410 3
3436 4288 4 4086 4782 6 2966 3403 8 3575 4221 5 3683 4062 4
4421 4896 5 4595 4166 1 2908 4221 8 2803 3086 6 2275 3489 4
3297 5426 11 3593 4645 7 3444 3056 3 3507 2675 4 2875 4173 5
4439 3797 4 3917 4402 3 3370 3366 7 3205 4746 5 4339 5693 4
3483 4258 7 4639 4416 3 3442 4225 4 3873 3621 8 4593 6133 11
3362 3499 4 3463 4843 7 3198 4245 2 3927 4485 7 3006 3482 4
4049 5246 11 3586 5220 3 2684 3419 4 3125 3101 2 3666 2881 9
3388 3201 5 3172 4757 4 2146 3572 3 2632 3603 6 2983 3443 6
4830 5516 8 4683 4972 4 3897 4293 6 3976 4607 3 3171 4582 5
2320 3612 5 3367 4628 5 3974 5098 4 4876 5045 5 2772 2820 5
4743 5825 5 4314 5082 6 4053 4548 7 4751 4066 3 2695 4277 4
4268 5876 6 3448 5272 6 5906 4267 6 3786 5101 5 3069 3359 3
3860 5709 6 3863 3252 9 4738 5545 5 3022 3274 3 3980 4785 6
3579 4410 5 4605 4023 6 2564 2893 2 2489 3758 4 2772 3023 6
2901 3949 5 2824 3043 5 2908 3583 3 3981 4642 6 2432 3756 4
5310 4042 3 4873 4789 8 3755 4955 7 4357 5890 3 4447 6669 8
4266 4136 2 4372 5138 4 3193 3725 7 4295 4967 8 4577 5930 9
3085 4767 4 3793 5353 2 4777 4608 6 5325 4225 5 3338 4360 6
3775 4559 7 4879 5123 5 2359 3306 3 2080 3912 5 4136 3601 6
3331 4629 5 3519 5802 1 3236 2806 1 3995 4370 7 3214 3601 4
3743 4346 6 4704 4717 6 3997 3746 1 5835 5118 8 3670 7062 8
4291 4020 4 2605 3880 3 3021 3202 4 3823 5167 4 3235 4205 7
2525 3222 3 2896 3501 2 1875 2588 5 3056 4589 10 2950 4029 2
3020 2786 4 3006 3373 8 3893 4629 5 2106 3883 8 3210 3679 3
2704 2885 4 2946 4525 6 3055 3304 7 3664 4790 4 3404 3316 5
3062 3899 3 3345 3575 5 2785 3880 3 3670 3523 5 2599 3614 5
4261 4200 3 4163 5235 7 3908 4535 4 4622 4630 3 4214 5516 11
3597 3580 4 3425 4652 2 4581 3848 5 3297 4397 5 3070 5193 7
3586 3150 3 4075 5588 5 3481 3307 5 4668 5066 2 4201 6017 6
2770 4282 4 2822 4890 6 3269 2140 1 4258 5005 5 3407 3452 3
3488 3491 10 3340 3473 7 1617 2146 4 2817 4507 7 3601 3907 6
5038 4907 4 4469 4238 1 3607 3648 4 3704 5248 7 3511 3884 6
2870 3301 6 1883 2716 2 3250 3824 4 3062 3933 7 4260 4712 7
3240 3939 4 4028 4045 6 4541 4892 6 2677 3023 1 4283 5071 6
2658 2887 2 3102 4148 5 3162 4305 5 3646 4926 4 4921 4861 7
3643 4401 5 3971 5275 5 5025 6035 5 3719 4849 5 4994 4371 7
3679 4430 3 3527 3645 3 3795 4623 5 4106 5142 6 3684 3951 5
3995 3820 4 2488 3420 4 4406 4989 4 3457 4447 5 4175 5777 13
2292 4400 6 3137 2775 4 4191 4709 3 4488 4004 7 3717 4779 9
4091 6281 9 4113 4376 5 2801 4409 5 4166 3859 4 5136 3968 6
3175 3589 3 2660 3622 5 3174 4785 8 3126 3288 7 2579 3409 3
3135 2754 5 3664 4289 3 2354 4277 8 2774 4262 6 2411 2903 2
3700 3292 3 4614 4261 3 3974 4299 5 3046 5442 8 4685 4721 5
3323 3965 2 3331 3956 1 3330 4589 5 3603 3886 4 3555 4798 8
5583 7271 9 4083 4472 3 2449 2961 4 3993 3546 3 3830 4742 5
3618 4557 7 4632 6526 2 3987 4321 2 6212 5795 9 5783 5012 9
3721 4766 4 3405 4414 5 3451 4745 6 3663 3529 5 4399 4797 3
2654 3537 4 2513 2310 3 2648 3837 5 2719 3854 6 3745 3853 6
3129 4604 5 4520 4668 4 3715 4017 1 3119 3822 2 4311 5431 13
2698 4162 5 3001 3558 4 3813 3672 6 2357 3305 7 2780 3627 3
3550 3579 5 2780 3674 6 4231 5519 7 2310 2329 3 3548 5170 6
3645 4899 4 4575 5097 4 3482 4220 4 4098 5143 6 5266 3185 5
2622 4071 4 3947 3790 5 2938 3441 5 4051 4204 5 3612 5148 11
3577 3268 3 2719 3371 5 2951 3401 8 3029 4522 7 3951 5061 8
2906 3930 5 3544 5683 8 5343 3969 3 4292 4728 7 3445 4631 8
3031 3850 8 2400 3047 2 4412 4936 10 2342 3419 5 3315 2769 5
3257 4238 4 3146 5226 5 3956 4385 2 2923 3765 3 4289 4158 5
4853 4699 4 2619 3855 3 3706 3858 5 3867 3940 5 3599 5245 6
3321 3814 6 3474 4742 6 4164 6046 5 3766 3211 2 5153 4560 8
3289 5060 5 4408 5281 9 4584 4725 9 3152 4265 2 5566 4540 5
3326 4741 6 1877 3727 3 3498 3867 4 4982 4214 9 5056 4520 6
2755 4372 2 4351 5134 9 4628 5317 6 3892 4889 8 3854 4522 5
3326 5388 6 2334 3084 4 4280 4152 3 3672 3173 4 3400 4384 6
3325 3294 3 4013 4394 5 3482 3380 7 3740 4322 8 3834 5287 9
3023 3784 3 3935 2967 3 3432 4152 7 4723 4954 9 3731 6350 10
3536 3241 3 3090 4085 6 3412 4224 5 2678 3538 7 2912 4221 5
4609 4922 9 2724 3542 7 3133 2961 3 2119 2257 1 3011 4717 9
3517 5092 8 2821 3787 4 3024 2322 3 2829 3530 10 3765 4464 4
2456 4373 2 2826 4332 8 4370 3594 6 4361 4729 9 4178 4355 5
2833 3528 12 2519 4326 6 2931 4098 4 3618 3393 3 3639 3299 3
2918 4335 9 5543 4075 5 5315 5213 8 1636 2907 2 4712 5433 9
3905 3492 7 3418 4340 3 3694 4546 4 3443 4979 6 3905 4663 8
3058 5411 4 3098 2748 5 4360 5310 7 4641 3829 3 4611 4746 10
3077 3900 6 3744 4142 4 3648 5424 3 5024 4737 7 4151 4219 4
4818 4694 2 6233 7639 7 4796 4473 5 3125 3778 5 4261 5449 11
2095 5120 6 2619 4119 3 3771 2428 3 5442 5720 6 4107 4492 8
1999 3180 4 4811 5329 6 4138 4107 5 3728 3464 3 3110 3319 10
3275 3223 3 2640 3363 2 3241 3299 1 4166 5208 15 3745 4554 6
3361 2772 6 4088 6156 8 4345 4456 7 3002 3740 4 4394 3738 4
4613 5906 5 4893 4975 6 2655 3721 3 5288 4544 6 4322 4558 10
3957 3783 3 3960 4162 5 4313 4795 4 3206 4503 10 2525 4255 7
2503 4554 3 2231 3818 3 3547 4466 10 4573 3882 7 4305 3821 5
3998 4861 3 4153 4477 4 3089 4684 3 4425 6140 8 4657 5079 8
3604 4280 3 3448 3904 5 2650 3209 3 3983 5168 6 4359 5493 12
3315 2327 4 3014 4222 9 2941 4040 5 1832 3375 3 3343 2788 3
2045 4113 6 3230 5640 6 3965 3989 6 5289 4397 1 3336 3332 5
3131 5290 5 5446 3492 2 4466 5153 11 3992 6325 6 3509 3035 4
4030 3701 2 3104 3956 5 3784 4566 6 1975 2500 1 2953 4203 4
3068 3958 5 2977 3272 3 2964 4113 9 2862 3619 4 2588 2719 5
3726 3435 3 3128 3991 3 3038 3674 2 4492 4645 6 3349 4729 6
3195 2975 3 2695 3741 6 3811 4691 6 4273 5608 10 3000 3165 3
4422 4224 4 3100 3473 2 3852 5422 7 4105 3125 3 2810 4997 7
3372 3653 2 3832 3408 4 3859 5414 9 2871 3288 2 2423 2917 3
4952 5808 3 4488 4747 7 2563 4009 1 5095 5233 4 3573 3845 7
2864 2805 2 3291 4319 3 2867 4311 3 4149 3397 5 3842 4599 13
3492 4734 4 3402 2910 4 2490 3987 4 4088 3805 3 3892 4572 13
3669 4967 13 3008 3445 2 3006 3391 6 4189 3269 4 3744 5289 8
3894 4319 4 2427 3213 3 3998 4339 5 3543 3035 2 2740 5199 7
3647 5446 5 3880 4285 4 3474 4183 3 3430 3863 6 3847 3923 4
2420 2859 4 2842 3371 5 2641 3598 4 2707 3189 6 2906 3663 3
3889 5346 4 3834 4595 5 3609 4252 8 4397 3967 5 3347 3578 5
4612 5133 3 4148 3505 6 3257 3426 3 3725 5160 6 3473 5036 7
4244 6388 7 3607 3792 3 5317 6043 5 4239 4334 5 5601 4643 7
3358 3882 7 4195 4906 4 3529 5763 8 3652 4579 5 3433 3149 9
2437 2066 2 2674 3381 4 2131 2263 1 3212 5226 7 3144 4694 7
2357 3071 3 4120 3815 7 2332 3547 6 5018 4366 4 3059 4311 3
2623 3783 5 2844 2543 4 2489 3792 2 3431 4074 10 2950 3302 7
4848 5338 9 3554 4621 1 5160 5070 5 4342 5860 8 4414 5524 7
4823 5050 6 4814 6203 8 3847 5250 6 4807 4307 5 3163 3387 4
3553 4551 4 3313 3455 5 4156 5477 9 5539 5490 8 3436 4778 7
4338 4675 5 3594 3533 6 2135 3777 2 3206 4697 4 3081 3177 4
4288 5264 4 3401 4324 4 2420 3165 3 3861 4626 5 3915 4065 10
5506 6374 8 4210 5466 8 4919 6622 10 5014 3851 3 5126 5720 8
2817 3933 4 2949 2812 2 2650 4067 3 4075 3674 8 3136 4471 7
4570 5022 7 6031 5834 8 5382 5471 9 1962 2616 2 3665 5180 5
3318 3637 1 5296 5177 4 5491 5429 4 4316 5631 4 4549 5964 7
2427 3960 6 4634 3755 7 3418 4521 4 4079 4805 7 3580 3790 8
2380 2770 5 2833 4521 2 3073 3432 2 4171 3960 7 3782 5535 8
4765 3469 3 5257 5464 6 4033 5160 5 3992 4800 2 4346 6288 12
3383 6124 5 3323 3459 1 3697 4023 10 3424 3760 5 3132 2840 4
2947 4962 8 4355 4183 4 3816 5280 8 2762 4086 5 3862 2772 3
4777 3823 4 4051 3569 1 2906 5275 4 3900 5864 4 4475 5035 5
4436 5004 3 5622 4994 7 5213 4829 3 3943 5974 6 2974 5621 9
2995 3097 2 2978 3169 5 4412 5036 4 2656 3527 3 3908 5065 6
2420 3216 4 3467 3582 4 4492 4351 4 4062 4577 6 3604 4725 4
3596 3556 1 4587 3819 4 3064 4737 8 4164 4258 6 3398 5954 4
3816 3936 3 3743 5510 5 4621 3608 4 3665 4916 7 2120 2997 4
2248 3160 6 3633 3864 8 3196 3993 6 3092 4046 3 2593 3902 4
3960 3676 5 3348 3714 3 3836 3833 6 3980 4058 4 3554 5410 8
4383 4356 6 4436 3391 6 3669 4722 4 3678 5714 9 3678 4133 6
2512 3621 6 3420 2543 3 550 1835 2 1951 3521 6 2842 2827 4
4354 4215 10 4339 5473 5 3881 4441 5 2740 2905 3 3047 3983 8
3575 3884 3 2577 3608 3 3084 3373 4 4187 4405 10 3404 4953 10
3761 2737 5 4026 2953 2 2012 3510 5 2417 4915 10 3769 4757 9
4046 3304 3 3103 5065 5 3864 5235 8 3886 5061 6 3442 3130 5
3695 3664 5 4440 4003 3 2004 4346 8 3108 3406 3 3557 4362 4
4283 4487 2 4133 4451 3 4515 5622 11 2549 3506 1 2920 3816 4
4381 4613 4 3232 4231 3 4393 4793 9 3278 3929 7 3176 3667 7
4682 5500 5 4331 5870 6 3818 3366 3 3919 4473 9 3201 3765 5
4532 4389 6 4535 3951 2 2960 4422 7 2962 4271 4 3778 4925 8
4799 5920 8 3419 4107 4 4361 3587 4 4752 4352 5 3172 4981 7
2996 3804 6 4696 4831 6 3091 3954 7 3414 3539 2 3592 4477 10
4114 5516 3 3970 3375 6 2025 4052 6 4482 4577 4 4608 4406 6
4911 5580 6 2862 3925 3 3111 4764 9 3976 3642 4 3217 3631 7
2569 4355 5 3685 3807 8 2689 2240 3 3068 3466 5 2629 3368 4
2392 3796 4 2372 3383 2 4370 4170 7 3177 4829 11 3445 3331 6
3380 3854 4 4129 4387 6 5799 6662 12 3985 5093 7 2658 3767 6
2376 3367 5 5012 6963 8 2442 3932 8 3869 2854 3 4508 4078 7
5277 6216 7 5071 6050 7 4833 5338 3 3851 4493 4 3244 4218 7
3969 4953 4 6081 6224 4 5433 5455 10 4765 4644 4 4543 5989 6
2149 2340 2 5127 4772 4 3550 4657 11 3246 5091 8 4124 4387 6
3246 4874 5 3527 3316 6 4485 5154 6 3539 3881 5 3475 4396 6
3291 3601 3 4522 5590 7 4384 5872 9 4498 4936 3 4327 4434 6
3372 3987 4 3922 4676 8 3584 4791 7 4258 4169 7 3348 4133 7
2494 4177 5 3606 2775 1 4706 5384 11 4507 5598 3 3144 2842 2
3614 4198 4 4813 4773 7 4430 3410 1 4907 6470 8 4749 6392 10
4330 4239 2 4277 4909 3 5165 6203 9 4249 5440 7 4086 5527 6
3840 4236 6 3278 4617 3 4083 4465 5 4206 5586 9 4112 3819 8
5765 6851 6 4364 5707 8 4735 6371 5 3400 5213 2 5949 4228 5
3223 4828 3 3291 2755 2 3737 4022 5 3155 3739 7 3939 5014 10
2475 4467 5 3739 4218 6 3820 4420 3 4323 4055 4 4020 4440 6
2554 3210 2 2659 3770 5 3864 5066 12 4747 3677 3 3326 4134 6
4577 4409 7 4989 6471 10 4283 6260 6 3573 4434 5 5674 4251 5
4565 4630 6 4397 4986 7 3843 4262 4 4210 3554 4 5103 6437 10
5593 6083 3 3584 3763 2 4691 4869 6 3542 5482 4 5858 4706 7
3268 3016 3 3170 4102 7 3004 5448 8 3219 3207 4 3796 4295 6
3883 4205 4 3312 5069 4 3346 4552 3 3460 3347 2 5395 5917 7
3452 3468 6 2906 3584 3 3231 3061 4 3403 3573 3 4707 5527 11
3578 4343 1 3369 3239 3 2760 2689 3 3920 5152 7 3711 5225 5
3633 6733 7 4233 4573 4 5111 5039 7 3767 3196 5 4468 6298 8
3669 3117 3 3144 3679 4 2987 4809 3 3502 4495 3 4401 4332 8
2788 3522 2 3292 3489 2 3910 3806 2 4203 5290 7 3617 5131 7
3274 4295 4 4389 4033 3 3017 4723 11 3127 3872 3 3946 3313 6
4194 4836 5 3189 3040 3 2930 3247 6 4687 5055 10 1983 3237 4
3300 3500 9 3795 3915 3 2313 4307 6 3477 4237 3 2574 3313 4
4402 4971 6 3478 5305 3 2364 4219 2 6155 4561 6 3374 3797 5
4117 4339 3 3125 2794 3 3866 3723 7 3605 4974 4 3865 4742 10
3756 4385 5 4826 4911 7 2518 3400 3 4225 4580 4 2922 3309 4
3281 4138 5 3875 6580 15 3974 4995 8 3877 2960 4 2248 2484 2
3726 4671 5 4247 4555 5 5945 6640 6 3024 4117 4 3644 3941 5
4348 5311 4 4263 5118 5 3753 4425 3 3395 3617 6 3070 4030 7
4169 4230 5 2721 3619 2 4003 4726 9 4937 4926 9 4399 6071 7
4296 4654 4 5024 5549 8 4256 5097 6 3321 4485 6 3321 3365 4
1782 3153 2 2854 4067 3 2549 3307 6 2506 2943 2 3084 3305 11
4130 4960 7 5246 5222 4 2954 4089 4 2664 2676 3 2204 3254 5
4067 4061 4 2312 2608 1 2854 3708 6 3593 5029 7 2829 3662 4
4484 4415 6 3484 3473 1 4351 4624 5 3515 4098 5 4358 5792 9
3004 2341 5 4050 3665 3 3937 4340 3 3179 4725 7 3317 4808 10
2517 2900 4 2357 2691 2 2799 3296 6 1614 2073 3 1913 3612 9
3678 4222 5 4864 4915 6 3785 5339 5 4136 5279 3 3622 3496 3
4448 4286 5 3264 4590 4 3902 4420 3 3314 4834 5 2706 3665 6
4100 6767 8 4285 3414 4 3830 3417 2 3342 4573 5 3789 4088 5
3668 4459 6 2762 4413 3 4521 4872 5 3437 4450 4 2874 3366 4
2530 3735 4 2581 4095 3 2928 3869 5 3745 3892 9 2078 2895 5
1202 2864 4 2662 3893 6 4742 3889 4 4001 5188 7 3631 4196 5
4622 4820 6 3698 4685 4 2726 4209 4 4133 4830 4 3979 3506 6
3448 4875 4 3187 3460 2 3337 2925 2 4636 5658 10 4281 5772 6
3329 3695 3 2170 4222 5 2475 2826 5 4192 4523 8 3891 4178 10
2010 3648 4 3140 3305 2 3694 3561 6 3029 4317 5 3545 4282 11
4312 3590 4 4382 4158 4 3313 3400 5 3481 6450 11 3855 4332 3
3238 3580 6 1234 3270 5 3116 4942 8 2374 2358 5 3325 2627 5
4394 5454 7 4191 4004 3 2916 3673 6 3751 4428 4 3226 4563 6
5510 5335 13 3456 4726 4 2899 5031 6 2314 1793 1 3432 3952 7
5104 5631 7 2301 3202 3 4187 4093 3 4523 5397 9 2344 3805 3
4072 3825 6 4356 6030 7 4393 5291 6 4613 3761 3 2570 4109 11
1309 3429 7 2209 3104 9 2899 2283 2 3086 3371 2 3713 4359 5
3541 4448 7 4029 4913 10 3112 3554 6 3353 4390 4 2808 3274 7
4628 3923 4 3893 4428 3 3803 4784 8 2493 4641 7 3388 3225 2
3045 2867 6 2932 4160 7 3121 4414 5 2617 3845 2 2781 3068 7
3733 3694 6 3733 3961 2 1651 1839 2 2439 5020 12 3021 3361 3
2816 4562 9 3197 3656 4 3110 4854 8 2744 2218 2 4013 4500 4
3424 4172 5 3961 5234 4 4723 4797 4 2176 2835 5 4596 5219 15
3940 3614 5 2831 4550 6 4079 4399 4 3638 4379 8 3156 3132 6
5248 4879 8 5364 5064 2 2672 3019 2 2739 4222 4 3382 5448 8
4142 5215 9 4385 5723 7 3830 3752 5 3367 3973 4 4434 4358 3
4721 5357 6 4477 4709 5 3269 5213 4 5590 4772 3 3172 5028 3
3577 3630 7 3346 4410 2 3062 3085 3 2780 3846 6 4469 4568 7
3313 4066 3 4650 4346 7 2903 4428 9 3955 3051 3 1951 3346 4
1951 2852 5 1930 2917 2 3982 3818 7 2432 3429 4 2587 2882 3
3424 5271 3 3530 4475 4 4121 4090 4 3218 4892 8 5124 4021 4
5193 5339 7 3790 4410 2 2539 3123 3 3059 5338 4 5495 5000 4
2631 3621 9 2269 2637 3 1970 2655 3 2071 3671 5 1991 2855 8
3844 5666 9 2553 3330 2 3194 2460 4 3425 3913 4 2956 3869 5
6769 7469 8 4644 4241 5 3847 4788 5 4747 5802 5 5570 6064 7
3835 3054 4 4031 3439 4 3294 4787 5 4107 3941 1 4129 5461 7
3685 4140 4 4133 5344 5 4382 4582 6 2779 3604 4 5830 5907 14
3346 3952 4 4692 5221 11 3555 5121 3 5113 4621 5 3816 4228 3
3860 5420 4 3309 3336 3 4400 4605 3 3136 4182 5 3745 3496 6
4068 4488 6 5099 5637 7 2443 2995 2 3438 4091 2 3611 3375 8
3237 3020 3 4742 4886 2 3079 4098 4 4736 5392 3 2470 3794 8
2630 4055 7 3637 2902 5 3608 4541 7 3187 4092 3 3426 3770 3
2835 3600 2 4839 5366 4 3602 3509 4 4379 4180 4 3732 4997 8
5249 5181 3 4655 5838 10 4056 4204 7 3324 3509 3 3329 4283 8
3360 4409 6 3891 3696 2 2348 2840 3 2567 4177 4 2577 3982 8
2547 4033 8 5552 5327 12 3464 3382 2 3763 3980 4 2607 5014 5
4632 4989 3 3940 4343 4 4255 4589 6 5835 5912 9 5760 6421 8
4342 4357 1 3694 5983 5 4061 5602 8 4763 4375 5 4243 4092 8
4539 4317 6 3981 4520 4 2077 2906 2 3114 3817 7 3150 4692 7
2641 4775 5 2496 2789 7 3173 4731 4 4488 3857 7 2442 3251 4
4599 5998 6 4872 4706 5 2861 2123 1 3553 5594 12 3175 3005 5
2133 3432 3 2943 4300 5 2687 3978 7 2855 2856 2 2628 3782 8
4871 4888 10 3171 4249 3 4889 4866 6 2522 2599 2 4409 5719 10
5159 5943 7 5361 4447 3 3574 4754 4 5391 5420 3 4530 6291 8
4288 5700 17 4629 5980 7 3666 4439 4 3536 3596 5 4163 4077 3
4905 6761 9 5226 6106 10 2569 2498 3 4155 4048 3 2989 2862 3
3271 4632 6 3083 3624 3 3898 4634 5 2756 2939 4 3069 3455 4
3459 4101 3 4025 4377 4 3338 4503 4 1859 2431 3 3064 3877 6
3095 4267 3 5802 5505 8 4454 4692 4 3859 4850 3 4537 5859 9
3993 4994 7 3086 4270 4 4333 4594 3 3165 3044 1 3065 4468 7
2918 5830 14 4319 5773 8 5011 5225 5 2635 3202 1 3700 2491 5
2845 2847 2 2856 3637 4 4059 4792 7 3913 3614 6 3466 4524 4
3938 4267 5 4229 4089 3 3781 4178 8 3340 5128 8 3499 3375 3
3660 3737 3 2937 3354 3 3718 3977 3 3929 5642 10 2692 3464 6
3749 4140 4 3207 3771 3 2001 2299 4 4091 4513 11 3207 4763 6
2793 2596 2 5249 5046 8 2990 5058 4 5587 5210 6 2816 3949 5
2514 3572 4 2676 3600 4 2694 3699 12 3268 3410 5 3170 3588 5
4559 4296 4 2844 3626 2 5044 6270 6 3122 3828 1 4189 4601 8
4034 2671 2 4945 4604 5 3944 5679 7 4234 6121 7 2478 3782 4
3847 4057 4 3316 4509 3 4976 4239 6 4239 4542 4 4381 5713 10
2646 3659 3 3760 5812 4 4047 4241 6 3464 3500 3 3545 4183 5
3026 3656 5 4244 4237 4 4587 5236 10 3930 5192 9 3938 4511 6
4242 5230 4 3643 5312 3 4193 4912 5 5143 4493 6 4977 5634 10
4117 3950 5 3860 6255 6 4784 3461 3 4292 5534 7 2388 3446 3
2835 4454 5 3421 3844 2 3671 3864 4 3187 3079 3 4152 4103 7
3659 5891 18 4107 3774 4 3212 3007 4 2402 3334 3 2645 3221 4
6630 4847 4 4092 5312 5 4857 5762 9 2766 3901 6 4791 5166 9
3300 4506 6 3205 3822 3 4844 5368 4 3543 4603 6 3516 4205 6
4805 4386 7 4082 5858 13 2992 4144 2 3628 3898 5 3007 3410 3
3476 2662 4 4038 6290 7 2823 4786 5 4568 4834 4 4649 4562 7
2783 3920 5 3387 3769 3 2437 2050 2 3486 4425 6 3431 4892 6
4018 4771 5 3330 3605 4 3537 3668 4 2876 2974 5 3795 5024 9
2630 3802 4 3937 3536 5 3793 4392 5 3315 4574 3 3622 4286 7
4767 4724 6 3846 4615 3 2935 3982 5 3617 5426 6 3646 3193 9
3729 3718 4 5112 5123 6 3349 4304 2 4019 4575 9 4999 6033 7
3148 2876 3 4679 5627 9 3446 4014 3 2674 4541 3 4920 4334 6
2950 4402 5 3074 3482 7 2767 3989 6 3446 2965 3 1465 2547 3
4664 4631 10 4030 5151 3 2661 4215 4 4276 4536 5 3743 4193 10
3691 4199 4 3582 4091 4 2978 4362 6 2656 2708 6 3303 4430 10
2919 5207 5 2495 3206 4 4400 3809 2 4040 3827 2 3589 4747 7
3376 4505 7 3832 2885 4 3300 4684 4 3274 5036 4 2337 2210 2
1985 2535 1 3061 2673 4 4033 4593 9 3035 3648 2 2766 4437 9
2983 4529 4 3839 3029 3 4172 4421 7 4744 5823 8 3392 4120 3
3964 3476 5 4138 5703 3 4110 3641 7 4046 4671 7 2767 4138 7
1711 1541 1 4109 4480 6 2860 3377 8 3409 3306 3 3366 4466 3
3014 3951 6 2902 2861 3 4528 4572 6 3467 3929 3 2946 4480 6
4447 3679 4 2138 2938 2 4724 5006 3 2738 4219 11 4968 5417 6
2445 3179 5 3594 4861 3 4267 5241 9 4215 4517 3 4977 4857 10
3546 4568 7 3968 4852 5 3458 4802 3 4542 4528 5 4702 5115 4
4911 6687 7 3438 3603 2 3795 4395 11 4222 4995 4 4712 4849 7
4803 4435 3 2702 3819 4 4479 4808 6 3588 4500 2 2256 2924 5
3375 2869 4 3358 3685 2 3962 4675 3 3158 4912 8 3807 4751 7
4202 3661 7 3602 4088 4 3147 3498 7 2535 4245 6 2812 4606 6
2831 4409 4 3742 4809 5 3524 3453 3 4057 4786 5 4141 5112 7
4628 4542 8 4240 4063 4 3061 3420 4 3442 5474 4 2599 3298 6
2428 1923 1 2960 3088 6 1566 2329 1 2418 3682 9 2595 4112 8
2730 6228 8 4943 3916 7 4369 3701 4 3552 2851 1 3320 4170 6
2437 2836 3 4963 4041 5 4194 4079 3 4310 6530 7 4028 4920 10
4075 4144 3 3861 4048 5 4285 4849 4 3665 5545 8 2816 3020 5
4490 3905 3 4304 5611 11 1828 4530 4 5740 4263 6 2594 3495 6
3077 3925 3 3641 3907 7 2989 3872 3 4130 5331 6 4010 3432 12
2809 3357 2 3400 3799 3 3988 3070 3 4578 5340 10 2080 2305 4
4450 4516 5 3714 5489 6 3548 3675 4 2205 2835 2 3349 3620 4
4795 5656 7 4816 4356 5 3312 2871 2 3973 5662 7 3367 4137 9
5734 5283 5 3989 4296 6 2654 3949 7 5035 5792 2 2728 3375 3
3307 4366 4 2803 3461 5 2824 3610 3 4416 4794 16 3228 3372 6
4753 5161 5 4254 6276 8 4697 4985 6 4679 4729 9 4551 4814 7
4008 3877 4 3088 4341 4 3113 4658 4 1561 2434 5 4256 3774 4
5220 6462 9 3449 4161 6 4753 4243 5 4723 5887 6 2561 3320 3
4890 5305 8 3804 5309 5 2042 3394 5 3586 4207 3 4237 3785 4
2583 3747 4 3475 4470 8 2588 2236 3 3445 2674 5 2361 4398 8
3460 3510 2 3334 3962 4 3908 5236 10 2637 4033 2 2801 3245 4
2979 4094 5 3211 4938 5 2911 2089 3 4260 3159 4 4427 5969 11
3023 4327 2 2477 3178 2 4997 6272 14 4233 3571 3 3474 5120 7
3580 3244 6 3543 5412 7 4713 5857 6 2672 3016 1 2614 3822 5
4422 5532 8 4758 3981 4 3745 4492 4 2918 2851 2 2733 4414 10
4856 4737 4 3647 3350 5 3928 3884 5 3541 4794 9 3773 5829 9
3270 4495 3 3571 4699 5 3816 4470 4 3325 3359 3 3919 4216 7
3901 4806 4 4765 4494 6 4101 4444 4 4171 5969 9 2807 3397 6
5646 7031 10 3813 5060 6 3898 4551 2 3920 3097 2 4652 5569 4
3754 3017 4 2530 2938 3 2772 5011 7 3702 3496 5 2306 3269 7
3661 4343 4 4042 3383 3 3708 4372 6 2183 4148 4 3974 4164 8
3176 4303 6 3419 4098 3 3160 4513 4 3376 3615 4 2637 2889 5
3661 3880 3 3544 4644 5 3874 4360 6 5297 4704 6 3726 5164 5
5405 6844 12 3312 4435 1 2603 3146 1 3808 4463 5 4540 5040 10
4801 4542 2 3238 3518 5 3919 4469 3 3722 5154 6 2869 3207 2
3306 3573 5 3059 3374 2 3385 3448 4 5239 5251 3 3618 5565 7
5114 4766 6 3491 3640 1 4071 4797 5 4049 4196 4 4872 7740 12
2800 4710 6 2540 3198 5 2756 3279 5 3690 4290 8 3727 2993 5
3838 4949 5 3298 2738 1 4876 5731 7 2685 3153 1 3439 5153 10
2497 2910 2 2688 3703 6 2116 3610 4 4001 3811 8 3996 4606 8
4053 4300 5 2933 3539 6 3078 3306 4 2528 3026 3 3809 4415 4
4102 3949 2 3570 3608 3 3019 3230 4 5346 4936 8 2992 4643 7
4460 5110 6 4705 5196 5 4120 4894 6 3426 4257 6 4023 4515 9
3333 4773 5 3273 2673 3 3810 5325 8 4240 4140 3 3349 4433 4
5018 5023 3 4700 4610 2 4216 5315 6 2414 3389 1 3644 4702 3
4086 5738 8 4125 5214 5 5554 4924 4 3727 3297 2 4025 5266 7
4627 4139 6 3598 3734 4 3462 4992 2 3445 5256 5 5886 5160 7
2320 3901 7 3279 2364 6 4620 3469 5 3125 3736 6 2348 4178 7
5012 5466 4 4410 5246 8 3462 4173 2 3707 4519 6 2710 3502 6
2695 3870 3 2169 4506 3 4615 3392 5 3558 3069 1 3588 5219 12
4002 4941 7 4336 4897 4 4069 4146 3 3803 4202 5 3463 4927 8
6199 6775 7 3799 4894 7 4674 4868 5 4367 4799 9 3475 4165 2
4067 4028 3 3115 2922 3 3679 4324 6 4733 4330 2 4052 5159 11
2833 4387 7 3963 6217 6 4657 3764 4 4320 4056 7 4624 4071 8
4438 5857 5 3039 3595 8 2968 4341 6 4164 3885 4 1246 2125 5
2524 3771 8 2891 4307 4 3251 4933 7 4018 3232 4 3557 3774 4
4145 5983 5 3364 5136 7 4452 4728 8 4425 4145 2 4023 4338 4
3922 3890 7 3528 4331 1 3147 4281 6 5066 6169 6 4316 4147 5
4436 5354 8 4637 5215 6 4487 5437 4 5032 4824 6 3655 4822 6
3039 3909 3 3556 4606 3 3548 4665 6 4984 5278 11 4719 4753 5
3333 3783 7 3878 4316 3 2944 2888 2 2595 4717 3 3517 4312 8
2671 3724 7 3494 3789 4 2421 2502 5 3655 4715 6 3976 3986 11
3341 3737 2 4239 3827 4 3107 3982 4 3403 3801 6 3251 5852 9
2969 2200 3 3114 4881 6 2160 4021 6 3982 3383 4 2981 4240 10
2961 4789 3 6763 4834 4 3040 3009 1 4478 6669 9 3419 4019 3
2179 1895 2 3015 3419 5 4547 5565 10 3241 4481 5 1833 3964 8
2902 3936 5 4120 4306 5 3403 3608 5 5394 6113 13 3685 5205 10
3420 3084 2 3353 3171 6 2644 4343 4 3704 4609 5 3818 5262 11
4368 5881 4 2753 4018 7 3764 5106 9 3354 3235 2 3055 2598 4
3634 3875 2 4234 4048 4 5343 4843 3 4222 6499 7 4290 4829 7
5527 5493 7 4518 4401 2 4471 5511 10 4411 5702 5 3464 4138 6
5755 5880 11 4380 5828 8 4301 4742 5 2798 4555 4 4004 3847 6
2518 2716 4 3653 5818 5 4195 3521 6 3365 3886 4 3380 3906 6
4072 4415 8 2142 3715 5 2595 3043 4 2994 2974 3 3235 4509 5
3194 3219 4 1975 3188 5 3064 3847 4 3345 3650 6 3278 4003 7
2856 4319 5 2778 3499 4 2653 3661 3 3822 5221 5 3005 2311 10
2713 3700 3 3533 3902 5 3590 4772 5 4072 3948 2 2235 3321 6
5009 5507 6 4614 4822 2 5283 7565 17 4525 5090 3 4574 4753 6
4219 4399 12 4296 4448 5 2340 3946 3 5039 5066 12 2679 3739 7
4513 4080 5 3433 4412 7 4088 4993 5 3195 4007 5 3286 3573 4
3202 4263 5 3504 3837 4 3582 5173 8 4227 4600 7 3185 4064 4
3363 3562 4 2351 3389 2 3560 4073 6 3023 3553 3 3335 4423 6
2995 4078 8 3606 3972 10 3890 4493 8 3208 3578 5 2987 3863 6
4957 4864 6 3660 3512 3 4120 5335 8 2718 4568 6 3563 3984 4
3909 5762 7 5293 4963 3 3532 6117 9 3870 3855 3 5134 4413 7
2915 4179 3 3183 2552 6 2678 3753 5 3918 3907 4 1915 3255 6
2491 2580 3 2517 3144 4 3816 5000 5 3281 3545 3 3399 5023 14
5128 7142 10 5019 6448 8 5314 6137 4 3145 3704 2 5859 4696 4
2714 3241 4 4661 5844 9 3171 2853 3 4027 5928 13 3659 3098 5
3006 4790 2 4343 5048 8 3061 4038 5 3516 3386 1 4819 4610 7
2297 3138 3 4018 4880 6 4791 4767 6 4288 5129 6 4041 4957 4
4608 4469 5 5255 5139 2 4361 4604 3 3518 5021 8 4412 5597 5
2937 4566 7 3106 2465 1 4083 5023 8 4632 4868 8 3378 4154 4
5757 5372 7 4285 5946 6 4668 5134 8 4039 3754 4 4321 5324 7
1933 3283 5 2089 2896 4 3837 4640 12 3198 3581 2 2963 2879 3
2329 3889 3 2815 3079 1 3896 4336 7 2917 3895 4 2748 3086 5
2059 2404 1 4359 3844 3 4212 5451 8 3486 4168 7 3679 3506 6
4837 6378 6 4607 4543 5 5017 7137 13 4345 3572 3 4214 4720 6
4806 6229 7 4800 5329 8 2942 3937 4 3907 4476 6 4247 4369 4
3209 4272 4 4747 4514 7 4526 3722 4 4003 5064 4 3501 4866 3
3768 3576 6 3445 4751 2 3467 3870 3 2863 3555 2 4725 5552 7
3633 4142 5 3736 3588 4 3330 4186 4 3343 3848 2 4992 5559 10
2394 2517 4 4127 3020 2 4428 6245 6 4521 4559 7 1777 3695 6
3961 5233 8 3234 4994 5 3009 2912 4 3517 3974 6 3001 3198 8
3376 4255 3 2370 3380 4 2631 3500 8 4254 5019 9 2662 2563 4
3054 3954 6 3336 4327 4 3329 5344 6 3458 3876 4 3802 3679 5
3236 4519 6 4251 4388 7 5485 3922 1 4083 5203 3 2238 3008 4
5718 5759 9 4474 5156 5 3101 3832 2 4315 4957 3 4197 5366 5
3572 5271 5 4790 6713 8 5644 4389 6 4545 4073 6 4582 5020 5
5093 5562 7 2655 3428 3 3734 4710 5 3671 4754 3 3703 4251 5
4640 4548 6 5185 4618 2 4039 5019 7 4175 5241 10 2624 3886 5
3092 4571 8 4645 4409 8 3466 4360 4 3980 3805 6 2521 3427 3
2729 3420 2 3352 3313 3 3788 4021 4 2144 3672 4 2306 3732 6
4004 6776 6 4129 3781 3 3738 3854 3 3342 3651 5 2864 2980 5
2440 5219 9 4794 3607 3 4425 4257 7 2903 4556 4 3283 3834 6
4494 5071 4 4013 4955 3 5340 6812 9 4077 4372 4 3779 3930 5
3413 3078 6 2780 3562 4 2313 4304 3 3408 4315 7 4095 3425 4
3416 3270 4 4477 3873 6 2391 4665 5 3374 3799 4 4122 5168 7
2583 3598 5 3098 3453 6 1775 3111 1 3399 3593 5 3224 3557 7
4978 4741 7 3810 4348 6 3412 3836 3 4583 3635 3 3351 5794 4
2268 4248 5 3262 3123 4 3721 4526 3 3827 4630 7 3771 3722 6
4223 4546 10 3806 5027 3 4983 4150 8 2445 3486 5 3014 3722 5
3290 3711 4 3520 3610 5 4000 5513 3 3790 4175 8 2824 4670 8
4391 4310 5 3702 3926 4 3458 4518 3 4106 4264 6 2333 4265 6
3132 4853 6 4114 3999 9 2682 3243 3 3799 4905 9 3635 3672 4
4329 3641 5 2859 4824 1 4991 5739 8 3322 3625 6 4258 4641 5
3972 5937 6 3956 5885 5 4903 5259 5 4208 3802 2 4431 3409 5
2044 3101 5 2357 4191 4 2848 5028 5 4073 3386 1 3559 4314 6
3390 3088 3 2534 3588 3 3990 4402 6 4260 3800 8 2964 5080 5
3638 3664 3 3733 3885 4 3039 4797 9 2897 4121 3 4905 4998 6
5059 6075 5 4708 4511 3 3879 4102 7 3689 4327 9 2986 4548 3
2961 1987 1 3585 4345 4 5374 6328 8 3117 3850 3 3174 4191 4
3096 4100 6 4440 4997 6 3995 3707 8 2953 3359 2 1938 2580 4
4642 4521 8 2516 2704 2 2315 2708 3 3821 4837 5 2581 3790 9
2473 3069 4 3011 4749 5 3018 3445 4 2609 3104 1 3872 4439 9
4274 4497 4 4353 4993 10 4081 5848 7 3705 4122 3 3113 3970 4
5285 5301 4 4542 4220 4 3826 3912 2 4730 6467 13 2745 3928 5
2574 4826 8 3506 3985 5 3324 3968 3 3713 2639 1 3181 3361 8
4044 3546 7 3244 3558 5 3795 3691 2 2438 3337 1 4274 6595 9
3163 4209 3 3510 4880 4 2462 2926 4 4042 4443 7 3105 2422 4
4954 6182 8 3846 3994 3 4284 4342 2 3837 5253 7 4926 5227 7
3991 4965 6 4167 4757 4 5458 5771 10 4718 6466 4 4017 3318 3
5314 6213 7 5096 4819 7 3993 4303 7 3827 4733 9 2223 3552 6
4165 4481 6 3163 4061 5 3032 4201 6 1523 2678 5 3201 3144 3
4051 3955 4 4680 5654 7 4723 4734 4 3071 4101 5 2098 3674 4
3118 4855 6 5175 4755 7 2834 3961 5 3487 3668 2 2955 4030 6
2937 4441 3 4749 5496 7 4370 4810 7 4941 3984 9 3624 4934 5
3190 4036 7 3462 4700 3 3708 2968 3 3457 4468 5 2982 3199 4
4014 4435 5 3089 4375 4 4596 5300 8 4553 4757 7 3252 3110 6
4412 5407 6 2879 4392 2 3423 5573 8 2970 4100 3 5057 3546 9
2604 4575 5 3326 4111 5 4050 5268 10 4640 4192 9 3413 3924 7
4510 4331 7 3508 3441 8 3467 4875 7 2078 3882 5 3079 3375 8
5054 5038 6 3355 4410 4 3375 3521 5 2431 3889 4 4466 4537 4
3196 3281 3 4398 4478 8 2699 3151 5 3960 5460 9 3993 4973 8
2499 2467 1 3693 3114 4 2510 3641 2 3391 6131 12 4903 4656 8
3557 2948 4 3781 5183 12 4181 4680 6 3193 4529 4 2559 4180 5
3520 5182 4 4295 3715 3 2752 3512 2 3872 3392 4 3077 5580 8
3760 4330 2 3338 3704 3 3371 3703 6 4126 4076 7 3357 5346 5
3819 3045 2 3901 4375 2 4374 5512 4 3769 4511 5 3985 5047 8
5116 5265 5 3742 3829 4 4841 4874 3 4644 4436 4 3085 5605 8
4770 4437 6 4971 4953 8 3600 4242 9 2263 3056 1 3281 4921 6
2897 4232 5 3467 3483 7 1895 2768 2 3481 3339 7 3785 4360 8
3433 2901 3 2486 3013 5 3156 3546 4 2646 4376 4 3459 3330 10
4351 4574 6 4125 5011 5 4081 4176 12 3843 3712 2 3480 4841 5
3424 2822 3 3816 3800 3 3543 4118 3 2311 4030 8 2979 4443 5
4173 5108 8 4320 4704 5 4088 4416 6 3807 5224 5 3760 3189 4
4442 4270 5 3875 3884 2 2231 3372 3 4123 4658 6 3704 5798 8
4784 5364 11 3544 3854 4 2995 5185 6 3451 3417 3 2848 2533 5
3430 3433 5 4014 3998 4 2686 3851 11 3188 3663 6 2308 3350 7
3320 4283 8 4359 4502 5 2922 3420 2 3257 4649 5 4291 4353 6
2873 4874 3 5323 3824 8 4542 5232 9 3034 4757 6 3201 3424 5
4236 5247 9 3547 3752 4 3667 4110 7 3550 5315 5 2954 3870 5
3869 4568 5 4641 3828 5 4446 4856 4 4327 5835 6 3372 3688 4
2844 3214 5 4479 4277 2 3295 6399 12 3592 3080 2 3376 4936 5
5075 5126 7 4342 5467 4 3153 4051 4 3611 4106 2 2924 3457 5
4023 3228 5 3800 4610 8 3477 4454 4 3676 4970 6 3570 4204 5
3091 3517 4 4357 5171 7 4245 4494 3 5530 5360 5 3860 4229 3
3298 3404 5 5380 5109 7 4052 6067 3 5120 5298 3 5941 6623 9
2803 5509 8 4315 5303 5 4033 4616 2 4092 4093 4 2903 2421 3
2936 5352 7 3111 2721 3 3325 4089 7 2772 3230 2 3334 4142 8
3807 4253 2 3781 4546 8 3934 4618 7 5052 5379 7 4111 3558 8
4343 6088 11 3854 4527 4 4619 4691 5 3293 4086 5 3680 4486 4
4788 4490 4 4912 4218 4 3457 4680 6 3381 5108 6 2820 4727 4
3351 4238 3 4168 4028 6 3809 4763 2 2956 5220 7 4197 3062 6
4926 4444 6 2876 3324 6 3628 4159 5 2139 3105 6 2877 3371 4
3957 4359 5 4362 4357 2 4154 3192 1 2720 4765 9 3702 5330 6
3261 6013 4 4830 4966 6 3963 3966 5 3112 2732 6 3614 3743 6
4195 5675 10 4504 4635 4 3438 2381 2 3938 4667 7 3403 4804 5
5835 6926 8 3428 3630 2 4505 5023 4 5986 6888 7 2319 2969 2
3884 3935 8 1886 1997 1 3191 4609 3 4247 4258 5 2636 3822 5
4726 5986 8 3351 3843 2 2441 3722 3 2373 4369 4 4894 3488 4
3729 3099 3 2378 3323 2 3051 4199 3 3592 4050 7 4476 5564 12
3663 5442 4 4059 3206 4 3860 5499 5 5426 5963 12 5202 4901 3
2344 4308 3 2837 5238 10 3631 3382 3 2849 3009 5 3416 3112 4
3313 3290 2 3199 3075 3 3727 4704 7 3899 4371 7 4111 5934 11
3155 4521 7 3885 5273 9 4270 4245 3 4632 4860 6 4029 4677 7
5252 5135 6 3155 5450 3 4207 4794 6 4348 4435 2 3813 4012 3
3957 3931 8 2766 4532 8 2709 3660 8 1709 2263 3 3078 3468 6
4207 4278 8 2525 4084 4 1856 2513 5 3416 4539 6 3889 4007 4
3120 5539 9 3858 4358 5 3490 3057 3 3794 3666 8 3328 4527 6
3699 2699 2 2453 4665 4 4131 4392 8 3372 4692 7 3355 5005 6
4701 5092 6 2822 4456 5 2832 3440 2 3415 3872 4 3834 4007 5
4075 4306 6 3188 4675 4 3857 3708 2 2908 3497 2 6390 6145 6
4260 4478 6 3702 3153 3 2604 3308 5 3375 4924 7 3136 4129 9
3722 4725 4 4287 3868 4 2890 4235 5 2979 3899 3 3261 4568 5
3501 7045 11 2023 1565 1 4788 3778 5 3249 3873 3 2116 3381 4
2693 4557 4 3397 4382 4 4043 4768 5 3565 2665 3 3722 4220 5
2869 4896 5 4568 4300 5 3069 4848 6 3738 3559 3 4106 3861 3
3651 4527 2 2485 4552 5 4044 3654 4 2984 2391 1 3759 5121 9
3017 4449 3 3172 2458 2 2470 4150 4 3646 3876 5 4567 5448 10
4686 3901 3 4636 6163 12 2616 3372 6 3310 4518 3 4426 5676 6
6317 6310 5 4422 6088 11 4973 4972 6 5797 5782 4 4834 4522 5
4808 5915 6 4676 5030 4 3363 3517 3 2980 3379 6 4090 3862 5
2356 3600 4 2657 3656 3 4080 3768 5 2592 4342 3 4646 4185 9
3377 5778 7 3636 3343 2 4463 5160 4 2760 1963 8 2738 3323 7
2984 4482 9 3381 3493 2 2376 2451 1 4082 5150 9 3444 4028 4
4360 4845 4 3305 4884 3 4058 4440 4 4494 5647 12 2920 3176 4
3560 2842 4 2366 3191 3 3084 3268 6 2492 3380 6 2868 4076 9
4871 3683 5 3446 4283 6 2215 4314 6 3610 3428 4 3394 5585 6
3738 4360 3 2182 3093 1 4025 4981 5 3996 4270 3 4817 4521 6
3632 4011 3 4037 4010 3 3314 5539 7 3370 3772 7 3634 3898 7
3439 4072 5 3495 4079 6 3417 3384 3 2741 3367 2 2623 3842 6
5245 5317 7 2822 4596 7 3595 5741 7 5001 4439 4 3087 3624 4
2798 3231 2 3714 3339 3 3737 4342 7 2214 4340 7 2881 2927 11
3570 4206 6 3617 4301 5 4069 4801 6 2851 3486 5 4104 4392 7
3534 3739 10 3487 3634 4 4100 4836 9 2037 2951 1 2743 3685 6
4757 5069 7 2868 4053 5 3802 5121 2 4725 4283 6 3313 3410 6
3889 4634 7 2897 4954 3 3476 3116 4 3631 3840 3 3723 3838 9
3810 5424 7 3383 3525 6 4838 4833 6 2645 3758 2 4284 4087 4
3277 3946 11 3433 3855 6 3578 4864 3 3272 4642 4 3229 3973 4
3673 2967 2 1853 2476 3 3446 4662 6 4508 6523 4 3866 5001 5
3625 4033 4 5821 6143 4 4723 6150 8 5324 5139 4 4523 5017 7
5153 4964 5 3114 3800 4 2448 3094 2 3896 4538 4 3323 4662 6
3525 3427 8 3416 4950 7 3094 3571 6 3833 3140 4 2508 4361 6
3824 3654 1 2285 4098 4 3218 3685 3 3045 3734 10 2927 3444 3
3675 3850 4 3667 5229 7 5022 5438 5 3659 4169 1 4515 5080 7
3713 4068 4 2889 4605 4 3762 4250 8 3646 4017 7 3153 3624 3
4059 4754 3 3957 4788 5 4378 4415 7 2722 3264 5 3470 4674 6
2957 4386 5 3415 2868 5 3131 3144 4 2870 4284 4 3740 4348 8
3116 4943 8 2524 4305 5 2262 3034 2 3658 3978 4 3900 3609 4
2951 3423 4 3439 4549 4 3681 5052 7 2816 3300 4 3881 3796 7
4534 5866 5 4443 4544 3 2020 3428 6 2698 3703 6 3538 3492 6
2953 2610 4 3819 4638 7 3550 5178 5 4418 4330 5 3999 4971 4
4221 3656 4 4533 5249 5 3559 3982 5 3595 5688 9 2935 3975 3
3284 3581 1 3330 4460 7 2914 3092 1 3950 4759 9 2649 3168 7
3729 4549 6 3779 4535 5 3949 4423 4 2570 4211 6 3922 4123 3
3768 4931 7 3155 3038 2 2766 2561 1 3565 4684 6 2507 3342 5
2614 3465 4 4726 4890 3 3557 3116 3 3480 4520 7 2850 4058 8
3602 5031 6 4494 4435 3 3459 3244 2 3170 4599 4 4692 5654 12
3164 4094 3 3146 2693 1 3088 4568 6 4325 3629 6 1807 3497 4
5105 4546 4 3915 5317 3 4138 4880 5 2917 2773 5 3797 5700 9
3435 4978 5 3154 3471 3 3189 3325 4 4060 4406 3 3059 3192 9
4750 5901 5 3970 5377 6 5199 6396 7 3999 3865 4 4419 3676 2
3303 3605 4 2819 3222 4 3547 4478 10 1632 2778 3 2342 3282 6
4127 4026 2 4286 4646 3 3087 4994 3 2847 2818 4 2984 4631 13
1926 2206 3 3420 3349 7 3551 3666 5 2558 3781 2 2682 3590 6
4014 3911 5 2942 2167 4 3224 5942 4 5036 5135 5 3666 4780 8
4431 4579 11 3854 4625 5 3177 3426 2 3599 4930 4 2552 3258 5
3360 2190 1 3063 3807 3 2619 4459 5 3662 3986 13 3206 4141 7
5537 5181 6 2752 4019 3 3531 3466 3 4799 5610 7 3381 4095 12
3901 5336 7 2618 3957 5 4822 6408 12 3889 3915 5 4182 3631 6
2749 4025 4 3389 3627 5 3428 3136 5 3633 4568 4 2983 3938 4
2526 3051 4 4775 5286 3 3093 4114 7 4663 6005 11 3969 3222 4
3997 4432 5 2713 4657 4 3379 2829 3 3383 4113 4 3014 4164 7
3235 4089 6 3825 4779 7 3739 3682 3 3344 2945 2 2969 4868 10
3905 3619 2 5733 4718 4 4682 5974 4 3625 4808 9 3625 4533 6
2748 4605 4 3861 2926 4 4831 5224 6 2371 3242 2 3806 5181 11
5342 4752 8 3698 4287 8 4276 5080 5 3777 5325 6 3859 4628 5
3840 4726 8 4095 4163 3 4769 5376 10 5293 5649 10 2908 3350 5
4656 5147 4 5970 5792 6 3272 4375 5 3826 4061 6 3122 4489 5
2505 4042 3 2877 3030 3 3252 3745 3 2851 3475 9 2591 3022 5
4008 4605 10 3960 4789 5 4193 5205 5 4386 5124 8 3496 3424 4
2336 2222 2 4142 4026 6 4278 5160 8 5173 5866 6 4009 5953 4
2776 3577 1 3395 3383 3 4842 6220 10 4055 4187 11 2757 3426 2
3090 4203 3 4827 6592 6 3190 3976 4 4844 4784 8 5039 4956 6
3525 5243 5 4193 5042 7 4782 3366 5 2576 4613 4 2797 3017 4
4695 5070 8 4951 4937 2 4441 5344 7 4736 6113 8 4243 4439 3
3320 3430 4 1841 2085 3 3010 2850 6 2642 4277 8 2794 3756 4
2286 3820 3 3675 3315 4 3988 5132 4 4217 3050 5 5086 5350 12
4200 6220 6 3334 4671 5 3510 4820 6 3855 3447 6 3831 3421 6
4401 4636 7 2741 4396 10 4344 4724 7 2814 3745 5 3281 3563 5
4133 3553 5 3187 3673 5 3971 4931 5 3163 3764 8 4310 5357 7
4219 4380 4 3407 5315 4 3023 4622 5 3356 3784 3 2949 2897 3
4573 4728 1 4009 5064 6 3893 3738 2 2885 2897 9 4427 5128 7
3049 4934 5 2897 3052 3 4417 4002 6 4138 5903 6 3288 3975 4
4145 5138 9 2642 3851 2 3328 3052 3 2846 2901 1 4621 4835 8
3096 3523 4 4271 5202 8 2476 3975 7 3356 3000 5 3901 4726 7
4258 4507 3 3941 4346 3 3950 5556 10 3790 4804 3 3333 3454 8
4840 3866 7 3901 4538 5 3864 3653 4 4817 7430 12 2196 2796 3
5268 6155 6 3592 4417 4 4683 4084 5 3163 3834 6 2574 3591 3
3431 4651 7 4514 4129 4 2228 4303 7 5106 4628 4 3969 4475 4
5922 5750 5 4130 4477 4 3473 5180 5 2897 3796 5 4172 4016 4
4533 4570 5 3404 5510 11 2056 3092 2 3789 3882 7 3462 4283 5
3957 4632 4 3965 3712 4 3673 4636 5 4737 5006 5 3565 5341 10
3767 4437 6 3723 6827 5 3399 4293 4 4373 4370 2 3696 2806 6
4349 5016 9 2745 4589 5 3417 3664 2 3325 3884 5 3781 3628 8
3776 4251 4 2629 3841 5 3130 4410 5 3530 3962 8 4748 4474 8
2625 3496 5 4329 4942 4 2536 3808 3 3703 5032 13 3084 2185 3
4418 6200 6 4435 4233 4 5297 5645 6 5387 6573 4 4248 4440 9
3077 3386 5 4236 3901 3 2949 5439 9 3277 3621 7 3704 4383 5
3020 4867 7 2895 3148 4 2887 3959 5 4503 4160 3 3342 3727 8
4467 4469 8 2157 4345 6 3432 3839 5 3148 2773 3 3152 4249 6
2858 3391 1 3722 5017 5 3075 2285 2 3840 4213 9 2819 4297 5
3629 4268 5 3089 3201 4 2651 2539 1 3428 4686 4 5113 5454 7
4161 4753 2 4205 5008 9 2683 4536 6 4786 5576 5 5150 4160 4
3358 4567 6 4948 6057 10 4534 4912 5 4829 4700 6 2988 3591 4
3449 4043 6 4393 4843 6 3254 3423 2 2937 4648 9 3116 4079 3
3891 5485 3 4082 4145 6 2266 3865 5 4659 5572 11 5104 5064 4
2418 3618 3 5142 4476 7 4026 4854 2 4476 4857 7 3483 5143 8
4890 5440 6 4764 4650 7 2560 3821 3 2826 3778 5 2903 3388 4
3796 4005 4 3984 4783 4 3804 4025 4 3461 4196 6 3884 4179 8
5596 5439 5 3948 4593 6 3621 6476 6 3315 3407 3 3279 2939 4
5521 5049 6 3894 3809 4 5367 7015 7 4690 5762 7 2405 3448 5
5534 5693 5 4092 5316 4 4260 5837 3 3621 3663 2 4751 4411 8
3696 3430 7 3038 3579 4 2279 3057 7 1939 3059 2 1503 3338 5
3017 3231 6 5049 5416 6 3718 4680 8 3187 4002 10 3355 3454 2
