5143 4961 6 10741 10265 27 10806 10734 35 8007 8818 17 7832 7721 18
7369 8537 17 8975 7951 26 10643 8787 15 9098 9227 19 7766 9317 11
6602 6160 13 8279 9179 24 11175 10101 30 10667 9178 19 7265 9349 16
10146 8987 24 8070 8520 20 6786 7393 18 10520 9394 24 6671 7201 16
10494 10668 25 8073 8055 23 10507 9825 28 8647 8123 23 7972 8427 19
10031 9798 26 9653 9994 28 7746 8255 16 6529 7338 14 8810 8088 16
6167 6481 10 6075 8487 13 8272 7117 25 9626 10894 32 8901 6428 13
8517 8547 25 8852 7458 19 8106 9492 16 7468 7035 18 8265 9327 17
8521 8048 26 7006 7663 21 7121 7543 15 7703 8798 10 8248 7121 23
7169 6250 14 5754 8550 16 8266 9841 26 8778 8125 22 8003 6016 17
12311 11309 24 8973 7723 15 8998 9195 17 8455 9037 18 7877 9788 14
6912 7229 12 8475 8541 11 8217 9443 24 7451 8934 13 11438 9237 26
6990 7662 17 8669 8134 19 7778 8284 14 6970 6841 15 8094 8646 22
6497 6388 11 6627 6511 13 7849 9847 24 9400 7406 19 8193 9363 23
9120 8961 20 9373 9358 20 10419 9770 19 6190 7107 18 9239 8836 26
6280 5979 9 8723 8361 26 6755 6902 14 8498 7817 23 9158 10151 33
7668 7908 15 8744 8399 14 9057 8948 20 9711 8741 26 7650 9326 18
9402 10594 19 8470 7359 13 7600 7845 20 7345 7686 25 7510 7743 17
9356 9269 22 9115 10688 24 8481 9063 17 7046 7253 15 9356 7467 26
6934 8854 17 8401 8428 19 9182 6113 17 8335 8925 34 7529 7776 14
9557 9533 28 9354 9587 23 9610 10293 31 7244 7206 9 6637 6820 11
8343 7335 18 10147 8154 23 6204 6976 13 7656 9744 18 8438 7009 18
7607 8087 18 8990 7196 15 6674 7036 18 5737 5861 15 8724 10059 30
9220 10597 31 9523 11180 28 7909 6276 9 8968 8791 17 9330 8794 17
9179 9173 18 10482 9976 23 8223 9192 18 8302 8163 16 7555 8861 22
8802 7784 17 8242 6781 19 7441 8072 23 7922 8431 26 6845 8643 19
10559 9813 24 8817 8986 23 7844 7005 21 6731 8311 14 7963 8554 23
7301 8774 20 7719 7404 14 9079 8895 29 9366 9050 22 6641 7513 19
9643 9522 18 8464 7929 17 8113 9387 17 8361 8027 26 9536 8843 19
9311 9294 30 6227 6283 8 7713 8327 16 7672 7901 22 6759 6581 20
8301 7597 23 6515 8313 13 8029 8178 18 9018 8721 22 8328 8092 15
9922 9062 19 8369 9759 25 7142 7779 20 6604 6955 16 9814 9968 22
8541 8564 21 8437 8049 14 7428 8180 18 8522 8813 8 11129 9598 30
5917 8225 17 7342 8407 14 9007 7547 18 9978 6815 22 8412 9303 23
10769 7861 21 7674 10211 15 9290 10129 20 7571 6046 14 7927 9373 23
11098 10334 26 8932 8707 14 8969 9767 22 7608 7103 10 9303 11080 27
8701 8571 16 8318 7338 11 7321 8218 16 7639 7834 20 9495 10405 28
9300 8908 16 7850 6614 13 6506 6269 23 5003 8541 25 8302 8168 21
9223 8661 20 7390 7819 18 7045 7762 25 8069 8057 15 7877 7789 19
11044 10863 24 10339 11336 20 6909 7006 15 8208 7826 15 9861 9851 17
8877 8376 14 8756 8545 22 7723 10171 25 8102 7890 24 8486 8133 19
8987 7718 19 7472 6073 12 7355 7578 21 6763 9219 20 7955 8733 26
8505 7721 17 8108 9353 28 9348 8293 21 7059 7624 18 6910 8240 21
7429 7958 18 8135 7441 12 9890 11618 33 9832 7976 18 8002 7401 20
7017 8616 17 7028 7649 9 8033 6355 15 8401 8109 22 7212 7094 18
8515 10883 21 7031 6300 9 8795 8628 16 8768 7912 29 8061 8877 14
8328 10917 19 10094 8289 17 8177 9033 18 10814 10919 22 8432 7630 15
8264 8207 15 8224 7485 20 8035 9741 26 8030 8215 19 8150 8180 20
8434 10045 22 6465 6705 9 7899 6616 16 7075 6976 23 8346 8142 28
7083 8532 16 7963 7858 22 7231 7922 13 8379 7337 21 9250 8395 26
7701 7660 14 9335 9497 17 8968 7075 16 8642 9690 24 8745 8596 16
7533 9874 26 4364 4919 7 11220 7631 20 8319 8515 20 8398 9522 21
8431 6935 11 6725 7600 18 7351 9119 22 8822 8644 22 7586 8069 26
7946 9022 25 7591 6751 9 8669 7346 20 5992 6132 9 8912 9120 29
7275 7655 22 6934 7779 17 7886 7102 16 7394 7882 23 8059 8195 22
8945 9168 18 10515 8470 22 8223 6895 14 7126 8760 25 6833 8142 11
8118 8805 18 9184 8709 19 8605 7840 15 9276 9558 31 7668 7273 20
9640 10840 26 9826 9542 20 6934 6581 19 8779 8151 18 7328 7873 21
9474 9785 19 6674 7392 10 8748 8057 27 8132 8005 21 7718 7712 15
8938 8409 22 7838 10159 17 7368 7268 16 9439 8047 26 7969 9141 14
9647 8336 27 8112 8003 24 8240 8802 22 8457 8049 22 7036 7447 18
7742 9018 22 7634 7337 12 7788 8152 16 9738 8026 20 7999 9396 21
8782 9207 24 10045 10523 23 8451 7320 14 6531 6835 8 10014 10202 26
6905 6193 11 8312 8473 24 6668 7160 19 8172 8250 20 8104 8319 16
10572 9189 17 9033 8445 22 6461 7311 19 7778 7670 21 7764 9177 23
9452 8499 15 6696 9845 32 9649 9270 28 8347 6715 16 6150 6850 17
7834 6711 13 7779 6194 25 5813 7184 19 10220 11192 32 6552 7107 25
8622 8180 28 9084 8449 20 7300 9543 18 6808 7846 13 9695 7872 19
6811 5150 7 7082 7977 17 8914 9312 16 9613 10015 31 9142 9582 17
7446 7156 15 7519 8574 18 8990 9718 24 8386 8237 20 8925 7453 14
8647 8611 12 9432 9421 23 5520 5393 8 8182 8240 21 7490 8823 23
9530 8826 27 8842 11099 20 8610 8644 19 8494 6962 13 9003 9703 16
9038 9280 24 7068 8549 15 8417 8121 17 6554 6842 16 8483 7489 19
8878 9569 24 8677 8256 23 6263 9521 19 10432 8373 23 6784 5938 12
8521 8270 20 6507 8298 12 10664 10085 24 6665 6862 11 10657 9298 24
9053 7214 16 10900 10333 20 7399 7003 13 7806 8133 24 7597 9582 22
6520 8242 12 9215 10321 23 8936 9160 20 8886 9255 15 9681 8117 18
8915 9133 17 7965 7260 19 7677 8912 24 6438 7643 26 8042 7678 25
8398 8527 21 8516 9836 34 9077 7937 20 7501 9615 17 7702 7053 21
8143 8741 20 8584 9105 27 10008 8706 25 7111 7863 21 7110 5734 16
6725 6856 15 6946 8746 20 7984 8551 15 9016 7798 21 7173 8071 28
7420 6714 15 9439 11091 20 7725 8967 13 8461 6806 13 9240 9639 31
7298 6602 16 6463 7962 11 5990 7201 11 8946 8906 32 9589 9049 18
10948 8779 27 7390 7534 20 8943 9258 22 7217 8053 15 8167 7859 18
7567 7753 14 8823 9617 16 6334 6635 8 10161 11077 32 8417 7859 14
10021 9732 27 7618 6908 12 10020 10686 33 9359 9723 19 6446 7626 12
6446 6902 14 7799 7556 17 8639 8758 16 8227 9022 22 7700 7357 10
6631 7926 11 9509 9989 26 9999 10325 30 7687 7041 14 8382 7736 16
7277 7404 18 8609 7756 28 7600 6407 11 7553 7610 16 9135 9204 27
8723 7353 18 8760 10711 21 10067 9032 21 8185 8499 14 9801 10338 20
9101 7962 15 7780 9101 20 8732 8054 24 7325 9262 16 10363 7840 20
10228 10756 28 6953 6959 18 9423 7644 19 6680 6907 10 7847 9229 25
8483 7874 19 6524 7789 11 7458 8321 19 8589 8069 19 9645 9029 30
8536 8813 29 8294 8903 23 5602 6002 14 8740 7953 28 8959 8038 21
6632 7701 11 9773 7199 24 9184 9017 28 6787 9344 17 7885 6320 17
9674 10246 28 7374 8241 12 9304 10119 28 9497 7944 20 7335 6979 13
6830 7148 18 6226 5783 18 8660 7995 21 8052 7617 18 8644 9495 21
11316 10879 29 9462 10471 25 6880 7522 9 7876 7713 18 8668 7929 11
8622 8877 15 8448 9310 18 7442 6558 15 10655 9525 21 7522 8027 19
8471 8665 24 7201 7495 18 4968 5873 5 8461 8065 20 8665 8580 31
6805 6627 17 7372 8533 20 7955 7175 18 8720 8109 22 8189 9437 29
5885 6481 11 7770 8341 15 7529 8822 16 8872 7702 28 9688 9347 25
7579 6134 19 7188 8646 19 6849 7186 13 6699 7424 17 10389 10252 35
7165 7914 15 8082 8182 18 8579 7784 17 10319 10832 25 6661 7071 14
8794 8121 23 8249 8267 16 9568 9058 24 9148 7775 28 7277 8797 17
10822 8840 21 6658 6685 14 8848 8509 13 8129 9710 16 10559 10080 33
9003 9938 23 7493 7555 19 8529 7702 16 7083 7176 18 7847 8904 28
9135 9847 33 8372 7243 24 7604 7230 15 5624 6985 15 8387 7298 22
10935 8254 24 7422 8486 12 8590 8978 28 6873 7504 16 7840 7775 18
7595 8607 15 7348 8608 15 8603 8604 21 7628 7080 17 9511 7995 28
8317 8985 26 6734 8861 19 5823 5631 11 9119 8795 17 9446 8197 22
10104 8390 23 9608 9860 21 8124 9984 22 8072 7591 19 6781 7496 19
9075 8908 22 6992 6775 20 9188 8125 17 6206 7978 20 8707 8801 15
10546 10303 22 8178 8282 15 8254 11124 37 9232 7789 19 7636 7374 17
7218 7693 16 11380 10918 28 9018 7745 22 8663 9117 22 7255 8421 16
8773 7405 13 9485 9866 15 6880 7187 23 7002 7541 19 8526 9043 21
9208 7902 11 10224 10283 20 9314 8738 15 8036 7281 8 7615 8296 19
9866 10049 21 8539 9183 21 7966 6280 16 7409 8552 22 8120 9088 16
8036 7276 10 7368 5797 11 6415 9135 17 7323 7463 24 7041 6981 18
9754 8410 19 9117 10194 26 9500 10918 32 8227 8232 20 7481 7062 11
8463 7464 10 11073 11500 27 8074 8901 20 6526 7073 15 10649 8803 26
7309 8396 20 8369 8889 19 8138 7596 22 9768 8767 24 8329 8370 14
9618 10548 15 8431 8060 14 8393 8271 16 7867 8088 19 8939 9013 13
8653 7619 22 7479 7924 15 8585 8108 23 9208 9643 20 7689 9574 14
9680 8070 21 8794 9987 22 6873 6969 18 7500 5988 10 6883 9477 21
6688 9117 20 8757 6087 16 7491 9274 19 6946 7737 14 8675 8678 24
7959 9324 33 7966 8091 22 8747 7947 18 6291 6866 18 7759 6674 12
8006 6437 12 9092 9576 26 8364 8383 17 9020 8609 17 6768 8207 14
7428 7643 13 9737 10005 23 6359 6513 7 8483 7970 20 9284 9374 15
8853 9803 28 9809 9847 13 7172 7199 13 8354 8280 14 9486 9191 15
7028 6973 14 7690 8509 15 8257 8506 23 9410 10014 26 7663 7684 21
7191 6657 13 6874 5420 10 8584 8667 17 8159 8406 15 9622 10441 30
8594 8670 14 7195 6243 11 7593 10272 14 11241 8727 27 7446 7323 11
8574 7908 21 8557 9802 28 6876 6230 21 7500 8121 14 8157 8584 29
8363 10056 20 8428 9588 25 9621 8878 23 7885 7971 18 8968 7846 17
8806 6594 19 5819 6412 16 9400 10094 21 7330 7716 14 9060 9786 25
7344 8534 19 7088 7329 13 8121 6921 15 10375 10138 33 7345 6986 15
6765 7859 13 6333 7193 13 9526 8802 20 8116 7141 15 9302 9678 25
8434 6787 18 8282 8532 12 6678 8623 13 8598 7535 15 9644 10698 26
6101 7260 11 6179 8263 13 9120 6108 20 8178 7908 22 6965 6897 16
6478 8945 17 7483 7097 17 9792 7333 19 9271 8454 26 6410 7708 15
8446 8409 23 8224 7913 10 7781 8777 16 7576 7226 16 8724 9333 25
6378 7007 17 9818 8717 19 8855 9526 25 7499 7570 17 8144 8247 13
7092 8957 14 8349 8457 16 7843 7416 13 8492 7999 23 10951 9886 29
8021 7983 27 6019 6642 13 8297 8222 15 7683 7240 14 9575 8549 24
7004 7000 14 9871 8733 26 6420 6262 14 8539 9449 19 7626 9033 21
8774 8449 21 7721 9841 12 7205 8634 17 8398 4999 8 9240 9823 25
8985 7461 19 6521 6174 13 7908 6261 15 7324 10678 24 8022 9497 17
7520 9179 25 7983 7944 18 9838 11159 28 9260 9251 24 9397 8435 19
8554 8501 23 8195 8480 18 7571 7700 17 8250 8446 17 6979 7977 20
8143 8772 20 9509 11681 30 7758 8071 22 9730 5817 19 8526 9067 19
10925 11840 24 9398 8183 17 7172 6140 17 9276 8309 19 7608 9891 19
9368 9033 26 9251 10660 19 8423 8373 18 8632 7660 17 8515 8947 20
8319 10952 34 8391 9039 20 8214 6304 14 5760 5760 13 8513 7811 23
10455 9200 21 8534 8631 13 8483 10349 29 8786 7398 19 7940 8615 19
10153 10603 25 8692 8684 14 8504 8753 24 6912 8379 19 9792 8371 18
6618 7207 20 8919 10036 23 8282 9015 20 8929 7679 19 8826 7323 22
9255 9533 28 8524 8202 23 8365 9945 20 6909 6736 12 8045 8244 17
8063 6469 14 7764 8697 22 9286 10516 21 7811 8475 17 9853 9407 32
6018 5827 14 9324 7687 14 8124 9681 24 9520 8560 18 9939 10446 26
10059 8610 19 8955 6880 16 10897 10823 40 7111 7947 20 7080 8866 20
9306 9385 28 8113 8787 16 8842 8169 27 8657 9633 14 9234 8596 17
9260 7960 13 8644 7372 19 5729 7639 24 9018 10322 21 9810 9307 19
9558 9275 18 8982 10069 28 7524 7623 17 8538 7662 22 7838 7680 19
10644 10143 37 7364 7142 18 6479 6906 12 8841 8302 19 7470 7875 18
7200 6765 20 8579 6085 17 8755 9602 23 6071 7761 13 7886 7763 25
7897 8331 22 7293 6873 24 6665 6633 18 6862 6764 16 7883 8601 17
8773 8639 24 6233 6984 14 8159 8504 17 7518 7344 10 10444 10228 31
8971 9874 26 9744 8264 20 6642 8208 13 8516 7987 26 7231 7371 19
9219 10915 25 6792 7266 10 7024 7012 13 8908 7790 25 10464 8574 23
9092 7347 28 10460 8867 24 7792 8205 15 6120 8635 14 7374 7278 16
7004 5743 10 6842 7933 15 8468 9056 26 7504 7518 21 10044 10875 30
9135 7698 29 8399 7126 16 7895 7766 19 9175 10277 23 4810 7078 18
10334 11130 29 7467 8305 16 6098 6924 14 5815 5243 10 11633 9550 27
9674 10098 27 7575 7513 16 8971 8381 28 6111 6364 16 8482 9510 22
9431 8787 19 9377 8221 25 6420 7818 23 8184 7128 15 7715 9822 26
8533 9094 26 9285 7993 22 7370 8486 21 8085 8799 25 8271 8196 17
9143 8477 23 8505 9628 22 8434 6078 19 9043 10762 22 6996 6117 15
7219 9314 20 9834 9232 25 9955 9279 26 7573 6899 7 9246 8555 24
7920 9764 24 9386 9451 23 9486 9230 23 8045 8629 15 7927 5821 12
7484 7377 14 8990 7220 13 11762 11966 40 8961 9773 20 6275 7812 12
8177 7326 14 8694 7978 17 7470 8319 17 7771 8152 17 8347 8969 20
7946 8852 19 9817 10111 32 7938 6938 15 9175 10277 23 7402 7073 14
9338 10387 24 6802 7795 11 9252 9685 20 9558 9217 28 8080 6717 21
8663 9192 24 11845 12230 27 7528 8095 17 8874 7465 17 7849 7895 13
9131 9040 19 8161 9357 16 8439 8334 15 9527 7903 14 9765 11376 27
7925 8034 20 9505 7622 23 7338 8206 19 6973 8766 22 7988 7100 17
8743 8094 26 7925 7895 13 5073 6114 9 8762 8896 25 8602 8823 22
7905 8561 16 8908 7784 21 9830 9613 28 7701 6840 14 6973 7863 21
8699 9095 20 9208 8178 17 6434 6759 14 8957 9436 21 8159 8671 20
8023 6167 11 10410 8665 16 6520 8398 14 6039 7929 23 10477 9596 29
8333 7444 23 9231 11079 26 7260 6538 15 7929 8154 16 9133 7985 24
6168 7442 16 9117 8174 21 11062 8613 20 7718 9268 26 7072 8118 13
8123 9274 20 6533 7526 13 7725 6865 14 12514 11325 33 6649 6931 23
11979 12684 31 8862 9004 16 7432 9151 24 7932 7366 12 9028 7997 12
8327 7436 15 7320 7720 13 9113 8782 23 7721 8887 17 8197 9015 17
8129 8147 22 6626 9432 19 8955 7631 16 9283 7479 22 7413 7234 17
7705 7819 21 10409 9534 28 8032 8918 20 7937 8239 16 7322 7666 15
10783 9592 30 7619 8342 16 5975 7719 18 6385 5919 14 8691 7383 20
6926 6304 11 7033 8371 12 9710 7154 16 8781 9994 21 7947 9241 24
10570 9081 22 10073 8953 16 10424 10218 28 7389 9210 16 7178 7306 13
8592 9076 23 7767 8193 18 7126 8009 22 7312 7711 34 8506 6824 14
7560 6650 25 8325 9791 26 7070 8840 22 8624 7536 26 8282 7879 21
4732 6404 11 8030 9403 19 8334 7499 22 8614 7417 24 8939 8530 21
9133 9569 32 8261 7553 22 9104 8387 29 9483 9119 25 6480 7766 13
7257 7189 12 8783 8880 25 8919 7108 25 9171 8768 26 7029 8520 16
9629 8219 20 7772 9096 15 10070 9670 24 7362 8095 14 7900 7508 28
7351 8093 18 7286 7818 16 8109 8832 20 7527 8199 19 9326 6320 14
9490 9732 26 7650 7532 16 8258 9098 15 9479 9281 16 6183 6166 15
7120 10468 17 10340 8291 25 7630 8245 22 7750 6299 24 7785 7747 17
7939 8572 16 8398 7648 17 7629 7513 14 10351 8572 24 6073 7252 16
6095 7212 11 10376 10538 26 10529 9915 25 9707 8889 17 7229 8091 15
9420 11141 32 8223 7697 20 11836 9401 23 6605 7494 9 9138 10160 15
7014 5357 10 7503 7227 14 7619 8368 23 9447 10794 29 9594 9939 22
5710 5589 9 9603 9981 25 11196 11295 26 9675 10137 36 6699 5468 6
6092 6734 11 8361 6856 14 9852 10058 25 9326 11714 31 8497 7154 14
7532 7683 14 7406 7346 16 8551 8743 28 9475 9117 23 7883 8449 11
9536 10940 26 11254 9969 23 7652 7811 19 8965 8715 23 7289 7358 11
9245 9774 19 7757 8552 19 8760 7153 14 8676 8863 13 7745 7710 15
7132 6894 15 8265 8766 21 7307 7723 18 6905 6504 13 9242 9524 31
9539 9850 28 9087 7911 21 8566 7371 20 6485 6382 15 8365 10495 25
8897 9767 28 7351 9041 29 8092 7290 16 7841 7326 16 7487 7961 29
8860 9160 13 9274 10612 19 10176 10110 26 9695 9195 17 6765 7566 17
8108 7819 15 8014 9788 17 8319 8430 18 10192 8543 28 7095 6942 19
7886 7331 13 6388 6203 16 7668 8953 30 8769 8632 22 7920 7244 22
9338 8010 20 10599 10207 20 9141 10792 27 8269 8701 18 9162 7889 18
8770 8414 24 5710 6897 8 9354 9855 26 9162 8906 21 8579 6903 15
7081 8069 17 8980 10208 20 7712 8829 30 9565 8214 24 9429 9368 15
8088 6675 16 9287 10198 26 8944 8148 17 8012 8405 21 8241 8965 16
8568 10032 23 9225 8305 14 9111 8958 24 7262 7679 14 9081 8260 21
8213 9108 11 6751 6668 10 7193 7888 12 7376 8084 22 9862 8915 24
10874 9465 27 8479 9589 22 7429 8833 15 7726 6838 10 8792 8296 14
7380 8108 19 7250 7561 13 10565 9982 34 6582 6090 10 8989 9905 33
10321 8547 22 9963 10303 33 7655 9295 28 7021 8794 14 7235 5972 13
7643 5472 5 8955 8891 13 10296 9713 24 9369 10118 16 7773 9873 24
7131 6281 15 6641 6667 17 6606 7610 15 9025 7490 29 7410 10452 25
9757 9679 25 7555 7540 14 8702 7882 17 8534 9261 17 7652 7194 11
7768 10795 16 9401 7783 19 8960 10139 22 10160 8783 22 9012 8202 14
10922 11294 26 9242 9121 16 8798 8344 26 8279 8094 17 8103 8135 16
6613 7137 15 8272 7628 15 9320 9518 32 8177 8806 20 7100 7765 13
5636 6049 15 6971 5721 10 5818 6514 10 8497 8388 33 6781 7835 15
7726 7811 16 8446 8243 17 8386 8740 18 8296 9656 32 7586 7910 17
9178 8415 19 9359 9317 28 6426 7858 12 7077 6887 17 8498 8951 17
9923 10567 24 8116 8029 16 6960 7913 10 8289 6315 19 6570 7801 27
7239 7391 21 10931 9022 26 7633 8244 12 8274 8674 17 8839 9859 24
7812 8703 21 9600 10489 23 8367 6904 13 9227 8334 21 7118 8802 23
7148 8613 18 7945 9278 19 10103 8442 21 9991 9756 38 6039 5748 14
7708 10044 18 7574 6202 11 6223 8641 15 9447 8277 29 7936 6458 22
9766 11155 25 8195 8096 23 9140 7212 21 7457 6180 14 7232 8399 22
8698 8242 17 6677 7376 23 5830 6046 10 7673 7802 23 7022 7271 21
8492 9328 15 8668 8371 24 6576 5880 21 7465 8768 17 6651 6327 18
7741 8165 11 8318 7202 12 6684 7603 16 8413 7721 16 8167 8797 17
9240 8213 15 8701 9370 22 9035 9193 25 7659 7632 19 8707 10783 26
8626 8563 22 7153 8197 24 8606 7688 11 5983 6655 12 11289 9478 32
8699 7099 25 6421 5517 10 7660 7854 22 7483 8211 15 5957 7242 17
8397 8780 18 8888 8286 18 7506 7381 20 8107 9595 18 7801 7659 18
8282 8793 21 9693 9840 25 8129 9586 26 9880 10056 29 7338 7917 17
7559 8372 15 7834 7925 18 6567 6558 11 8800 7847 20 8128 8733 21
8519 7842 15 9001 10180 19 8663 10406 30 5619 4740 9 10005 9731 32
7429 6564 9 10653 9729 21 7800 9076 22 8258 9077 19 8042 8045 16
6092 6734 9 7569 7052 21 9893 8872 23 8419 9855 27 8327 8221 20
7035 9117 20 8921 8380 25 8619 9075 18 7666 6081 17 6940 6761 14
9846 9365 28 5198 6479 14 6255 5041 7 8697 9529 19 7422 7380 13
8691 5563 13 9397 8933 23 6540 8807 19 7816 9360 20 8309 7965 19
7886 9837 30 7048 7504 16 11711 10277 27 6033 6524 16 9145 8861 26
8571 8138 13 9644 8849 23 8356 8938 16 7906 10121 19 7885 7935 18
8651 8992 25 7753 8770 16 7945 8406 17 8311 7112 15 8882 9266 27
6714 7891 8 6996 10957 22 8558 7442 15 9896 8090 25 8152 7238 17
9531 8304 28 8904 9026 19 7891 8156 18 9513 9875 23 7138 7031 14
6943 6306 11 7797 8594 20 7652 6987 13 9209 9792 32 8437 8408 27
10885 10947 23 6706 8034 16 6914 6991 17 9325 9237 18 8373 7786 16
8485 8887 22 8791 8370 14 7885 6214 14 8995 9131 25 5589 8009 12
8066 7851 10 7735 6500 16 9188 9998 22 9188 9438 19 8438 8850 23
7440 8146 22 7323 8201 21 8836 9550 25 8497 8294 18 8590 8310 23
6112 5310 15 6800 8617 26 7352 8314 26 7963 7405 18 6140 5644 18
8420 8707 16 5571 6873 11 8246 8247 13 10545 9297 25 7710 8074 15
7213 7576 14 9409 8914 18 8915 6686 26 7961 9575 21 6497 7417 20
7085 6575 11 7806 8524 21 8255 8958 24 7147 7490 18 9685 8372 22
8017 8724 15 10392 9374 17 8256 10664 19 9496 8845 23 8088 7131 23
8244 8632 15 6439 8415 18 7665 7414 10 8210 7565 22 9717 9169 30
5414 7656 15 8881 9325 21 7663 7712 18 9689 7869 17 8752 8148 15
7502 8018 28 7784 7263 14 8755 9183 20 8372 7836 21 7986 8093 17
9241 10006 27 9417 8525 25 8025 6859 15 9620 10502 16 7123 6921 13
9696 9969 23 10610 9109 22 9230 8757 27 8338 9901 23 7058 7370 11
7357 7264 16 8523 8625 16 7120 8115 21 8238 8504 15 8022 7621 17
7963 9325 23 6746 8009 23 9388 7867 14 9989 9402 26 8706 7788 18
7998 8273 22 10372 8845 24 8239 8515 21 5827 6620 11 10414 10434 27
9228 8206 22 9211 8322 14 6997 8429 25 7121 7108 17 8130 8481 22
7745 9115 20 6165 7441 18 7488 7738 17 10181 9437 25 9282 9440 20
10811 11209 21 6509 8972 14 8209 8074 13 9626 8754 20 8334 7482 13
6914 7987 20 8070 7323 25 7141 8682 23 9844 9383 26 8262 8115 11
7006 6878 21 7849 9196 25 5600 6465 13 7885 6592 25 8468 7804 23
8498 7558 17 7205 7778 19 7745 8118 22 9080 9019 25 6490 7346 9
10960 10843 27 8240 7979 19 6911 8028 13 10055 9528 29 6724 6918 9
8707 10076 15 10071 10038 25 7767 8887 13 8074 6839 17 7565 7598 17
8822 9449 21 7999 8479 18 9087 7804 15 7651 8198 23 9167 8586 22
8920 9141 24 7254 6657 10 8708 8522 25 7398 6995 12 8768 8890 23
7665 7124 21 9069 8919 17 6336 5324 16 7435 8716 21 7686 9584 21
6411 7435 25 7835 7341 23 7250 7774 26 5806 6516 15 8495 7480 31
8307 8413 20 7740 8208 16 8375 8789 18 9505 8824 17 7673 8974 26
9731 8043 15 8580 9210 18 8875 8464 17 7707 8925 16 8189 7810 19
7646 8173 23 9590 7874 15 7157 8461 13 8179 8908 14 9437 8623 27
5056 5906 10 7081 6453 22 6000 6029 17 7823 7483 34 7083 7142 13
5602 7109 11 9453 7198 26 8110 6992 32 5414 6937 10 5724 7058 14
8057 8379 17 7722 6142 17 7117 6474 9 6094 6398 20 9192 10954 23
7058 9098 15 7197 6305 13 9359 9241 34 8774 7239 14 8220 7826 19
8575 8656 28 8891 8577 21 9841 10427 17 7641 7933 22 6513 6787 14
6955 7577 17 8713 9308 21 9276 9855 30 8643 9171 17 9240 7773 13
7637 8219 20 6316 4771 10 8885 6765 27 6008 6358 12 6536 10724 29
9232 9466 24 7305 7297 12 8239 6993 23 8810 7843 17 7586 10072 22
9520 9051 22 9473 8227 20 8284 8970 23 7515 8560 18 6727 8002 17
6101 8928 16 6533 8230 13 7381 6358 14 8645 6766 29 7868 6711 26
7121 7964 16 8640 11172 26 9289 6841 20 8008 7333 21 8951 7748 16
8323 8410 13 9064 10488 19 8041 5828 12 7401 9530 25 9405 8926 18
9612 7650 19 7707 8751 19 10428 8558 25 6748 8884 12 6224 6750 18
8558 10792 35 11919 10728 17 8278 6897 15 8673 10617 19 6788 5821 14
8030 7594 15 7314 7373 8 7709 7600 22 7987 8702 22 9674 9621 23
6933 9255 13 6411 6118 10 5412 6902 7 10065 6904 22 9109 8638 21
7825 10035 10 8292 8217 17 8270 9554 19 10274 9432 27 7812 6185 14
8806 9692 19 11381 8716 24 6100 8015 16 8096 8191 21 7010 8153 18
8152 6909 8 8283 9748 18 10530 9400 30 8081 8339 18 7252 8717 18
7952 7937 13 7622 7902 18 9595 7271 22 7173 8073 12 8466 9229 24
8853 7625 18 9920 8753 23 7706 10371 21 8545 8280 16 6552 6484 10
7879 7920 10 7239 8036 13 9496 9976 21 8048 10167 28 8182 5580 18
9734 8327 23 8693 8857 22 7923 9467 23 8475 8078 20 7577 7407 16
6579 7195 11 8108 8265 18 11392 11174 27 8383 7835 17 8282 8326 18
9972 8424 29 8705 8409 22 9279 9406 21 7840 9626 16 6793 6066 13
8817 9097 19 8267 8391 27 8703 9025 24 6513 5753 15 8955 9528 28
8610 6851 12 7864 8149 16 7017 8283 20 8312 8047 22 5754 5857 14
10599 9312 29 9011 9563 28 7182 6579 17 6319 6761 17 8468 10220 21
5529 4011 14 8399 8804 22 6061 8291 14 7424 7830 21 8799 7124 26
10389 10088 25 9142 9483 24 10900 9621 16 8381 8173 21 6450 8045 13
7950 9424 25 7572 7971 14 10070 9396 27 7584 7366 13 7609 6098 11
9436 7826 21 6877 7661 23 8442 8154 22 7936 9067 21 6624 7259 21
9565 8148 18 7620 9661 22 6769 7825 16 9184 8192 22 8279 9043 20
8378 7217 17 6663 7494 15 7869 7629 26 7533 8619 20 7566 8322 20
7268 6683 17 8157 8707 19 8023 7982 18 7264 8722 15 7234 7229 31
8324 6859 19 7621 7972 17 8368 9280 14 8071 7677 15 9553 10270 26
6786 7681 14 6878 6853 13 8918 8050 20 9478 8628 20 6763 7531 16
7229 8173 19 8642 7335 17 7862 6526 22 8621 9769 30 6751 6763 21
7661 9093 25 7808 8925 24 8070 8478 19 9980 7969 19 7919 6885 20
5719 7146 10 6871 8728 14 9161 7359 24 7320 6775 12 8406 8711 27
9469 8385 24 8964 10302 25 6587 7764 12 9350 8580 23 7229 6976 13
8852 7170 21 8257 9537 22 7748 10037 24 7680 8376 26 9073 7987 13
4763 5325 8 7190 8408 10 9764 9010 28 8669 8745 25 7053 8604 30
8730 9862 19 7609 6833 13 8804 9197 25 7879 7954 19 7895 7602 17
8717 9460 23 8444 8660 21 7962 7919 17 10903 10499 30 5943 6879 11
11422 9919 24 8415 9332 19 8748 9343 13 9489 9691 17 9076 9189 19
6614 5749 9 7281 7539 22 9393 10756 28 6701 7070 16 8312 8252 27
8271 8127 21 8136 7566 17 7830 7499 16 7597 9086 17 8739 8068 15
8407 7932 21 8554 8235 13 6697 8949 18 11515 8609 29 6677 7326 14
7365 7524 21 7409 6615 13 7521 7629 19 9383 8497 22 7986 9161 31
10951 8520 30 7292 9751 17 8310 7549 14 7962 8727 18 8196 8677 23
8199 9642 20 8946 10263 22 9963 8453 19 7401 7412 17 9004 7987 22
8122 8353 14 9891 9024 17 6080 7593 23 8567 8230 17 6914 7748 20
10304 9541 22 6718 8264 8 8778 9615 18 9669 9141 21 8384 7505 13
7856 9107 23 7770 7755 19 8268 9837 31 8932 7741 20 7242 7007 18
8515 7511 24 6859 7790 13 9114 10755 28 8875 8417 30 6825 6874 15
6589 7138 18 7301 7164 18 6613 7961 22 8896 7870 21 7078 7512 29
5978 6396 7 6806 6513 11 7156 8323 13 8412 8374 20 8689 7940 22
9003 8841 22 7709 9387 19 8004 8576 14 8579 8020 19 7139 6180 19
9342 8147 16 7258 7724 18 8177 9101 17 8319 7733 18 8138 7896 23
9026 9711 13 8053 8891 11 7282 6588 8 8922 9924 12 11544 10833 22
8082 8115 16 8373 7163 20 7196 7706 13 9816 11073 18 7696 7258 14
8093 9102 26 7975 8175 22 8465 9243 18 7474 7482 15 6621 5941 17
9866 8617 28 9818 10235 24 7104 7410 7 8854 8413 22 9073 10009 27
8785 8342 22 6151 7328 13 8879 9086 19 8520 8195 17 6418 7342 19
8955 9331 22 9981 8325 19 9172 9798 21 6773 6979 17 8416 9329 19
9966 9961 27 8102 7524 8 10387 10518 29 8256 8332 19 8198 8549 16
7984 8206 19 5585 8007 20 7307 7320 17 8918 9105 22 8252 6184 21
7523 6793 15 8671 8541 19 8346 8185 18 7273 7866 13 8591 9202 31
5695 7758 18 6118 5921 28 7781 7872 14 7001 6198 18 6916 5906 20
9052 9946 20 10366 10116 23 8717 9049 20 7418 6789 22 7266 7334 26
8934 8529 26 8773 8224 19 6438 7276 12 8852 7918 18 7317 7925 19
8813 10319 18 10479 10789 28 7848 7109 11 10101 10377 17 8729 8476 15
5551 7163 17 8196 7509 10 7358 8097 17 10099 10311 36 9547 8713 20
8968 8801 20 6437 6301 10 8069 10015 17 10777 8784 23 8217 7885 16
6717 6025 9 9031 7751 19 8018 9981 24 8262 7986 13 8549 8822 22
7477 7500 15 6418 5891 13 8811 8019 25 7272 9051 14 9178 8911 26
8525 8640 20 10054 8738 22 8724 9743 23 8525 8452 20 7797 8196 18
6582 6649 10 5364 6067 13 9598 9809 25 7999 6658 20 9135 9662 26
6857 8670 21 7936 8547 16 8487 7286 19 7694 7085 24 10075 9797 27
9563 9501 18 9140 10124 17 9174 8367 25 6459 6918 13 9492 10736 28
8033 8883 25 6691 8308 18 6743 6700 11 7165 6031 21 9848 9621 27
8908 10215 23 7585 7643 14 7882 8485 16 9053 8551 14 8767 7471 17
9333 6931 26 10887 10644 41 8150 9148 23 6357 6588 14 5644 5832 12
9891 9318 31 9822 10271 27 7607 6951 17 7758 6597 12 6013 7897 17
9914 10318 25 8129 8055 23 8218 8407 17 7683 7924 19 6784 6746 17
7340 8609 18 7025 8647 18 7539 8007 15 8372 7839 18 8903 6762 11
8434 7499 19 6813 6862 16 9446 9866 22 8131 8017 18 7517 9364 19
7342 8195 17 8619 8884 16 10669 9844 23 7862 6515 8 8856 9888 29
7318 7451 14 8704 9075 22 7706 7216 10 8346 7745 23 7801 8265 22
7996 7549 19 8025 8089 18 9025 9314 18 6510 8346 26 9343 7664 20
9584 9035 19 9621 9261 19 8043 8604 18 9861 9691 18 6619 7500 18
9523 8822 22 9802 9659 22 6886 6588 11 7196 8381 20 7102 8333 15
7989 8856 20 8440 7600 15 8115 8034 20 8329 8918 21 8467 8199 22
11962 10470 32 8221 9636 22 7527 7465 17 8931 7637 20 6506 8097 24
9267 7364 20 6904 8659 17 7191 7158 13 10419 10730 23 8017 8732 17
8299 8629 23 8229 7925 24 9360 7202 22 8035 9554 20 6850 7839 19
7045 7866 12 7877 5581 16 5979 6421 9 7836 8859 31 8433 8282 20
7267 7603 19 7062 6756 20 7666 8614 22 7703 7951 21 6705 7010 13
6546 7683 15 9414 9507 37 10175 8965 25 9185 9437 23 7575 8166 14
8107 8465 17 7007 7865 13 9396 8271 23 8584 10476 25 8153 8247 19
6954 7676 13 11356 10829 23 8700 7771 22 7401 6719 15 8675 10374 21
11431 11876 34 11977 12140 30 10500 10344 26 6552 6690 9 7356 6747 16
6848 6149 10 8331 9928 27 8370 8967 19 7105 6397 15 9196 8106 26
8711 8151 14 7812 9850 22 7738 7877 16 6034 5488 11 9201 8210 31
6675 7828 16 9064 10851 20 8537 7665 13 8251 8392 20 9103 7552 25
6933 8056 19 9508 8547 18 8327 8319 16 8926 8887 20 7629 8070 21
7243 5916 16 7834 9524 15 9535 7776 21 7418 8304 10 7379 8511 25
8331 9033 14 8131 9912 24 9393 8871 23 8795 6997 18 8841 8895 20
8661 8186 20 7452 7713 17 6978 8292 13 8548 8253 14 8320 8422 22
9173 8618 21 7535 8825 25 7256 7611 10 9473 8411 22 8020 9021 18
7831 9477 16 8122 7535 15 8642 8227 20 8145 8728 23 8727 7267 17
7425 8775 18 6030 6242 12 6804 6471 22 8081 8504 24 10248 7820 25
8478 8514 16 8333 7245 25 8307 8969 25 5622 6578 12 7743 9074 22
9958 9275 20 8746 8387 23 8398 10576 24 7986 8411 13 7925 6586 20
8132 8307 15 9342 7503 14 8139 8275 13 9202 10694 26 7318 8827 8
10086 10023 27 4999 6146 10 7391 7133 11 8899 7328 20 7314 8932 26
7804 9082 28 7653 7432 20 8943 7400 20 4956 7670 21 8890 8593 20
9358 9396 21 9107 7801 21 9287 10638 22 8165 7391 18 7686 8604 20
6255 6076 11 6820 7948 15 8717 7579 25 10936 9031 23 7344 9584 24
6088 6114 19 8228 8774 26 7812 7419 21 6421 9111 17 7720 6256 17
10482 8399 16 6567 9394 18 8064 8074 11 7659 8837 19 9014 7491 18
8596 8042 16 8485 8849 20 8822 10590 26 7242 7672 12 8966 8237 25
8703 9759 26 8377 8110 19 9319 9047 26 7193 8056 22 8653 7200 21
7026 5805 15 8395 9548 26 7417 7087 17 9322 8718 22 7695 7665 20
8056 8439 14 7215 7423 22 8384 7932 17 8417 7695 26 6795 7986 20
8329 7885 20 8900 10604 19 5940 5808 14 8305 7863 22 7633 6863 20
6599 6953 16 7687 7974 19 8044 6597 23 8380 8283 16 8527 9628 27
7376 7560 15 8993 6534 14 8134 7814 23 7135 9089 13 7628 9141 20
8089 7149 16 6491 7314 12 7385 9971 26 8218 8831 23 9805 7730 20
11180 10859 26 9124 8235 23 7819 9294 16 6764 7673 20 9044 8425 21
7662 8563 23 8353 7432 14 6967 6488 13 5558 5924 12 8741 8659 30
7051 7514 16 7009 6400 13 9244 9164 17 8914 8826 20 9277 9319 25
8376 8349 25 8386 7511 24 8704 8039 18 5613 6432 10 8220 8648 27
7111 7291 16 9608 8818 26 6200 6803 16 8459 8508 22 6910 7202 20
6755 6412 18 7600 7876 23 6854 8732 25 10160 8895 22 7360 6810 16
7773 10210 33 7887 8550 24 7881 5423 11 7146 7142 18 8512 8659 16
7904 8979 26 5635 7839 13 9610 9032 29 9927 9144 33 6144 6083 10
12014 10434 30 7397 9133 19 8654 9267 19 8227 8085 20 6681 5999 10
7906 6594 25 9222 7907 27 7142 7903 23 6481 8476 19 6280 6283 23
9975 9374 26 8626 9590 21 11319 10533 24 6650 7247 19 8758 9227 26
8568 9455 21 8352 9438 21 8379 9382 22 10260 7946 17 5617 6307 15
8333 7928 18 7024 7776 16 8702 9981 19 8570 6475 12 8919 9469 20
8648 9341 24 7990 8342 18 8062 8839 29 7740 7132 12 6910 6015 12
8214 9813 25 8906 7347 23 7784 7647 18 5081 7481 15 10828 9324 23
9417 11108 24 8395 7774 14 5702 6478 8 7314 8989 18 8779 8209 19
8798 8158 20 7176 6968 20 7409 7344 17 7635 7685 17 6816 8408 19
10542 10836 24 11118 9599 26 8394 8642 18 8046 7956 12 8705 9751 16
6744 9033 22 8918 6996 15 7092 6367 18 8144 8508 23 8394 8521 21
9237 9544 18 8792 8938 23 8423 7932 15 7843 7945 17 7746 8313 18
8700 8462 20 9463 10168 24 7371 8110 20 8173 7632 17 7426 7723 20
7968 8141 14 7215 7715 13 8924 7871 17 8114 8095 19 8262 8191 24
10201 8514 25 8987 8769 20 8715 9368 29 6610 7890 21 7903 7574 17
10418 9957 23 7598 6573 12 7974 7752 13 7239 9138 22 7274 8845 19
8153 8633 12 9162 9250 32 8516 7848 15 9586 8836 17 6755 7383 18
9206 10887 29 9221 10510 30 10174 8201 26 7221 6911 14 6887 7987 19
8452 9651 17 8565 9089 23 8959 9114 25 8583 8327 26 8322 7632 21
8459 7722 17 6478 7094 7 8225 8360 18 9992 9821 27 8774 8970 19
7985 7205 12 7173 9675 15 8133 8084 15 8427 9049 24 9136 8218 15
7739 7657 12 10036 10043 31 9508 8725 24 7511 8796 26 8698 9217 23
8605 6851 23 7392 7339 14 6361 6820 16 7286 7788 21 8318 10321 27
7176 9205 19 8665 9953 19 11226 9689 19 9221 8458 22 8891 8537 17
9290 9133 32 9049 8560 19 7585 6070 17 7601 10569 24 7560 6093 17
7533 7235 12 8013 9578 19 8903 8965 23 9489 8397 29 7691 6344 15
9184 8042 19 8346 9428 22 6960 5834 5 9505 11230 22 7925 7662 19
6047 5425 17 8952 9743 31 8038 8037 18 8201 8455 20 8674 7654 21
9542 9935 28 10989 8361 23 9201 9318 25 8156 6970 15 5801 9474 7
10088 9376 30 7667 6953 17 8329 8536 25 7149 7956 20 7972 7675 16
6461 6969 13 8936 7488 18 9227 10229 20 8035 8717 19 8451 9625 27
6921 6766 9 8051 7163 24 9015 9328 28 7156 7878 19 6343 7457 15
8727 8184 21 9045 6222 20 8888 10593 20 6768 8205 13 8597 9695 21
9087 8770 21 7082 7055 11 8520 6226 15 7280 7219 12 8641 10492 22
8376 9152 20 8622 9644 20 9974 9411 36 7993 8234 10 7438 7255 20
9813 9130 20 7908 8194 17 7679 8862 19 9606 7793 26 6764 8798 19
8194 7142 16 6985 7767 10 8705 8508 19 9087 8892 27 7869 8552 15
5427 6596 9 9316 8186 21 7545 7917 20 5915 6328 8 8913 8691 21
6970 6460 13 10854 8595 28 7860 10148 25 8187 9760 22 6854 7626 12
8909 10353 23 10107 8313 22 8454 9445 21 7217 6839 15 6803 7698 19
9237 8909 14 7726 8200 11 9746 7908 26 6537 6242 17 7216 9317 17
8099 8969 18 8180 9207 15 9206 7303 32 9156 9281 27 5755 5841 14
9561 9555 15 7568 7856 15 8161 8305 20 9256 8606 20 9148 10457 28
9272 9651 19 8610 9512 24 7193 5537 9 8399 8637 22 7850 7420 18
6624 7019 10 7391 8536 11 9161 8811 28 7192 8228 20 9769 8532 30
7188 6206 9 9224 9672 20 8937 9366 24 9411 10474 27 8606 8493 20
8345 8860 21 10399 10816 30 9792 7284 19 8042 9038 25 6355 7509 17
8254 9779 20 7045 6099 14 8860 9097 30 9733 8860 21 6941 7832 18
9606 9608 16 9087 9146 22 6695 7770 19 7105 6905 12 9504 9250 26
7873 6393 15 7506 8502 11 6317 8073 17 7935 7161 29 8541 7866 17
8136 8174 23 9378 7733 20 8813 10567 22 10447 10073 25 6877 8432 15
8312 7556 20 8768 9405 15 9317 8445 23 9041 9544 18 8001 8266 21
7095 7064 11 8841 10078 32 8026 9577 26 7826 7889 17 8790 8633 21
7510 7950 15 8168 9089 21 8827 7846 16 7931 8766 17 8252 7276 24
8851 9024 27 7831 9779 15 9293 8033 24 10845 10160 26 6801 7567 13
8571 7668 19 7567 7993 10 8489 8627 24 8712 8730 27 6431 8520 5
9151 9708 22 6971 7221 13 8337 8118 26 8607 9126 14 8142 8719 19
9395 7218 21 9516 10699 24 8419 9157 30 6483 7341 17 9698 8050 26
10045 11548 30 8515 8740 18 8414 7172 21 8139 9251 18 9446 7274 21
5726 6326 12 9710 9443 19 8645 8931 19 9494 9036 24 9710 9730 23
7929 8397 31 6313 6705 16 8471 8158 15 8517 7567 24 8017 8366 13
6841 7393 17 7513 8037 29 9695 10337 28 6720 7375 15 8145 6391 21
8578 8613 15 9439 9896 20 7648 6721 16 8845 9730 33 7518 7475 19
8637 7931 18 6800 7442 16 7538 7595 17 7717 7845 20 9376 8792 25
5192 6237 14 10585 8824 24 7333 7862 18 9119 8813 27 8127 8463 18
10410 9414 28 7158 8584 15 8226 10167 16 9259 7708 22 8029 7651 14
5807 8439 14 6455 4805 8 7910 7823 14 9773 7615 26 8735 9811 25
6166 6980 15 9156 9318 21 8727 8375 20 6979 7851 18 10678 8304 22
8026 9918 15 7284 7599 18 9984 7921 25 7973 7397 18 8508 8448 26
6340 5593 9 5286 5119 7 7687 7372 20 7597 10488 30 9244 8648 23
8680 9546 21 7634 7476 14 8350 8442 20 8252 8460 23 8412 7463 20
8214 8757 24 10043 8616 25 7718 5870 15 8496 10563 19 7539 7729 18
8011 8397 17 8771 8311 19 7777 7905 19 7839 9136 20 6689 6457 19
6335 6249 21 6786 8563 16 8417 7983 26 7305 7290 19 6825 6754 18
6138 6387 8 8078 7882 18 10202 8496 24 7927 9983 28 7145 6690 11
10382 11121 35 10219 11275 31 9550 7589 15 8064 7990 15 6413 7174 18
8751 8627 18 8323 8730 17 8540 8481 21 7994 8965 22 7119 7095 14
6377 7702 20 8945 8049 23 6422 6906 9 8473 9135 23 8296 6891 25
9089 8400 25 8239 9051 22 8329 8945 30 8569 9849 21 6749 5848 9
8110 8083 27 8299 8742 19 9027 9219 21 9652 8431 22 6750 7158 12
7816 8558 13 9366 9267 20 8595 8560 29 8526 8426 16 6399 6872 15
6811 8626 12 10649 9020 22 8429 8852 15 9588 9097 22 7312 7271 21
10069 9626 22 9880 8800 23 9716 10677 23 6219 7017 5 8688 8203 28
8223 7181 12 7396 7731 11 7391 7954 12 8167 7817 16 9118 9118 30
6986 8140 16 6689 6014 18 7743 6265 19 5814 7311 16 9655 8589 34
8409 7644 18 9310 9357 21 7737 8622 15 8004 7243 15 8598 9280 23
7857 8247 22 5916 6213 15 7829 7687 14 6853 8364 20 8304 7603 30
7878 8762 28 7794 6950 14 8206 8590 19 8272 8633 16 8733 10748 19
7978 8224 15 11721 9787 30 8815 8093 20 6358 8662 17 7425 7335 18
8658 8158 16 7784 8324 16 8026 8799 21 7292 7708 18 9927 8451 26
6592 8130 24 5694 6420 15 6885 6001 14 8569 7680 26 9882 9629 31
8524 9932 22 7436 6342 11 8606 7378 15 7517 9504 19 9301 10028 26
7351 8094 12 6707 8329 18 9943 9272 26 7127 7528 13 7359 6364 17
8137 8494 20 9292 8068 20 7061 6782 13 6814 8264 20 8312 8669 26
9302 8570 33 6124 5923 12 9928 8247 24 8225 10664 26 7154 7776 16
7005 6690 21 7037 9117 21 9445 8461 27 8636 7461 24 7600 7486 15
8251 8068 15 7399 7018 10 8730 7676 25 6835 7310 20 8640 8746 20
8027 9863 21 10091 9525 24 7483 8861 17 8367 7708 15 9277 7895 18
8198 10792 23 7320 7293 13 6910 7405 19 8731 8362 24 8086 6770 15
8017 8590 17 6882 7656 14 9404 9799 20 9887 7508 22 6184 6424 17
8476 7993 16 8512 9462 20 9844 9058 22 7276 7723 27 7496 6410 12
9720 9292 27 7008 9748 21 10344 9925 23 7671 7262 15 8009 7825 17
8291 7399 17 9761 9424 28 7206 6605 16 7428 8605 18 8385 9898 21
8529 7993 16 8822 7379 17 8172 11106 31 8671 10749 27 8103 6391 18
6124 7554 14 8076 8562 20 7438 7865 22 7992 6921 15 7970 8090 24
8757 8183 22 7833 9284 15 9725 8782 22 8350 8120 15 7440 8306 17
9126 7610 12 9247 7810 15 6373 8031 13 8451 10399 24 9183 7774 28
7759 7884 18 7255 5993 19 6476 7142 24 7147 7816 22 8134 8179 29
8611 8343 19 9150 8621 18 8164 10807 20 8067 8325 14 9908 9303 22
8354 7888 26 9067 8297 22 8703 7830 16 6516 7745 12 8033 8724 24
7344 7847 11 10498 9062 26 6566 7360 13 7527 8191 21 8814 8912 24
9776 9824 23 7848 8733 14 10461 11335 23 9156 7830 14 8287 8119 23
7876 7620 24 6408 6672 16 9957 8179 29 6212 9686 17 7173 7083 20
6592 8300 16 6771 7273 17 9454 9094 22 8672 8621 20 7715 7210 15
5757 7324 14 6261 7150 13 8042 8807 29 7839 7696 12 9969 7613 25
9324 9327 17 8714 7847 10 8336 8364 10 7326 8248 17 8749 9456 20
8955 8539 19 7312 7306 15 5724 8385 16 7301 7140 18 9692 8901 25
5406 6815 11 8631 8788 30 7673 8398 21 8023 7586 24 9953 8839 27
8303 9458 13 10919 10055 22 7709 7244 13 5978 7874 20 10136 10468 25
8973 8524 24 10357 8858 18 7690 8866 15 7332 7195 14 7879 8403 19
6787 7280 14 9668 10892 21 12299 10656 25 8949 6783 28 6645 9008 14
11451 10245 29 7172 7283 12 7053 7228 12 8426 9718 19 7200 7159 20
9236 8683 21 8993 9876 21 7837 7405 21 9077 9681 20 7683 7474 15
8084 9424 20 7619 8147 18 7893 7251 16 8982 9317 23 7703 7433 25
7933 9578 20 7232 5796 12 8432 8995 22 8955 7769 13 7376 8531 19
7034 8073 17 6073 4842 13 9290 9085 22 7999 10101 30 8249 5308 13
7002 9409 23 6860 7553 17 10270 5711 20 7704 8255 18 6442 6944 16
5761 7483 15 6239 8593 23 8948 7583 21 9338 7959 27 7223 7283 18
7510 7873 23 7382 7007 19 7385 8337 13 8078 8541 19 8417 7084 21
10502 9214 19 11315 10637 31 8460 8603 19 6630 7210 11 6895 7915 18
8396 8981 23 8696 6528 11 9207 9609 17 9094 9785 15 7551 8651 21
9016 9522 21 8164 7532 15 9500 8724 25 7337 8907 18 7397 9093 19
6138 6001 7 6738 9617 23 8805 8283 15 8732 8346 20 9094 8373 31
9026 9786 17 10071 9216 25 8800 10238 19 8175 8098 17 9032 8882 22
8222 7370 12 8205 8134 14 8976 8077 25 8180 8784 23 10156 11438 21
11031 9314 19 12385 13373 37 8074 9176 22 7009 7546 18 7481 5598 14
8698 8401 16 5960 6662 16 9354 9018 18 7931 7805 19 9830 9705 30
10079 10540 26 9135 8966 17 8660 9007 18 7384 8117 16 7318 7566 20
7698 6122 14 8308 8433 17 8679 8852 15 7325 6826 13 10115 11554 27
7751 8634 16 10135 9384 17 7581 9078 22 9450 9000 21 7643 7713 13
6247 6821 10 8553 8272 26 7431 8948 23 7812 7988 20 9036 8102 21
7292 6518 16 8265 9016 25 7394 5781 19 6134 7803 25 6248 7194 20
7645 6595 14 8753 8115 22 6263 6040 10 7459 9000 29 8135 8749 22
5977 6131 10 6062 6703 14 8443 8579 9 9927 10020 39 8231 7548 15
9289 9262 21 7605 7957 13 8284 8662 16 7928 7650 10 8461 8901 25
9149 8156 32 7781 6123 25 7888 8034 23 6023 8274 14 6069 5944 12
9453 8106 24 6990 8122 19 8471 8534 17 8443 8558 24 8080 9275 23
7437 8309 15 7421 6412 14 9377 8417 23 8653 8039 13 9650 11104 24
6709 6550 14 9162 8464 19 10203 11077 27 7622 6980 19 8375 10261 23
8694 8221 16 8151 8501 16 10243 9655 23 7188 7638 14 8049 9304 24
8547 8081 18 11075 11065 30 8096 10255 34 5865 6558 7 6985 6541 14
8554 7923 21 6610 7068 6 5970 7782 13 9044 7992 29 7906 6998 24
9131 8561 23 8071 10170 26 7535 7089 15 8400 9336 24 7682 7150 12
7168 8406 20 7626 6608 14 7534 8273 21 8894 8688 25 7241 7051 24
7022 6967 10 6780 6861 15 8205 7772 21 6169 8220 30 8518 7828 16
9032 9313 16 7043 7407 10 9373 9162 23 9377 10092 19 9949 9207 15
7079 8971 31 7102 5624 15 8196 8711 12 8105 10343 27 9654 8285 21
7576 6510 11 7844 8763 22 8667 10095 22 7127 8081 14 8723 7612 22
8765 7909 21 7056 7910 16 6184 8462 16 7757 7462 23 8652 6944 17
8961 9168 12 7797 6353 11 8052 6731 18 7739 8170 26 5827 8505 20
7484 7866 20 9135 8707 19 9990 8345 25 7846 7971 19 7328 8704 14
9656 8138 20 7980 9100 25 7972 8758 19 8052 6961 15 9013 9029 26
8518 9828 18 8611 8445 11 8758 8633 18 7133 7966 11 9112 9429 26
9729 8644 19 6097 8243 19 7772 7811 20 9127 9277 28 7599 7559 12
9347 8484 24 8868 7513 14 8831 11386 29 8369 9142 19 8204 8185 12
9731 8767 24 9106 9409 26 8043 8454 20 7540 8274 13 8452 8245 21
9474 7437 18 7746 7371 13 8614 9368 14 8718 10838 19 8262 7718 18
10458 11588 31 8840 7924 31 9072 8616 22 6619 6897 11 8075 8392 13
7210 9176 25 7878 8331 14 6737 6477 11 7961 7994 15 8901 9078 21
6208 8016 12 8657 6834 15 5072 6642 12 8105 7754 23 9376 9031 34
6616 7192 16 10398 11546 21 6773 6141 10 11746 10666 32 7962 7403 15
8721 8347 22 8753 7306 25 6776 5819 12 6784 10626 22 8534 8996 21
9214 9538 17 9390 8685 20 7928 6568 7 8679 9255 20 7701 8321 16
10176 8283 17 7526 7757 17 7610 9666 19 8003 6812 19 7825 8453 15
10525 10245 28 6655 8444 10 6680 7910 11 8990 7075 18 8469 7397 20
9359 9175 15 9605 9099 25 8431 8231 19 8393 9058 17 8151 8122 21
7657 8713 21 9838 8466 17 9395 9463 20 8440 8403 22 9355 10088 27
9190 8845 30 8058 7773 20 9269 9268 22 7633 8743 17 8343 9121 20
9178 7957 17 9085 11251 30 8670 10859 30 9749 8339 20 6757 6789 13
9504 9898 21 8768 8174 21 7703 8629 17 9036 8022 19 7631 7327 14
8975 8535 18 8125 8212 20 5945 6943 12 8633 8057 20 8721 9640 25
9104 9017 15 8805 11386 27 10998 9522 17 7208 6359 16 8596 8309 20
6521 7640 9 7821 8920 21 7919 8239 21 8440 7781 20 8177 6397 13
9711 8329 26 7806 7997 21 8213 8269 19 7688 7070 25 5906 8505 17
9528 7273 16 6575 8529 18 8643 7364 16 8282 8928 13 11467 12197 24
7068 9271 19 11707 10551 37 7810 8230 17 8781 7816 17 7722 7910 21
9427 9752 26 9557 9117 25 8479 9489 27 6939 6675 16 6727 6586 23
7030 6601 9 6911 7466 20 6985 7748 12 8043 9524 27 8110 7044 18
9262 8767 23 7481 6894 13 9037 9687 14 8470 9139 25 8766 8278 16
7968 8750 21 8902 9149 24 9573 8253 23 7576 8024 16 7296 7732 16
7483 9082 13 8277 9287 13 9106 7556 21 7993 7685 8 8921 9050 23
8410 7104 13 6733 7644 15 9251 9953 32 9078 8160 19 6874 7280 20
7751 7382 23 7668 7135 17 7607 9244 17 8462 6584 14 8124 8719 22
7644 9305 22 6831 7473 10 9412 6942 17 8256 10240 27 8193 6345 19
7191 6673 16 8818 8746 26 7813 7313 15 6652 8491 19 7906 7710 15
8352 6473 21 8598 9754 19 8294 7896 16 7592 8914 18 7370 7730 19
8070 6690 11 6645 8244 22 8642 7880 27 8678 7753 14 8133 9200 22
6872 7904 16 8918 8217 14 6997 9998 18 8617 5407 29 7858 8840 16
8255 8443 18 8870 9103 24 8082 6991 22 7661 7166 16 6197 8584 26
8877 9779 19 9150 8465 20 7211 8534 14 7700 6057 11 10664 9564 29
10095 7263 11 8162 7943 16 8893 10438 27 8724 11168 34 8942 8826 12
6334 6999 20 7290 5820 11 9188 9682 33 7210 8579 14 7368 6564 16
11449 9821 25 7810 9073 24 8703 8775 21 7289 7539 20 8046 8834 16
7492 8798 29 7819 6845 11 8924 9262 28 8624 8435 18 9067 9450 32
6886 8857 19 10192 9664 21 8165 8198 18 8804 8217 26 9389 8408 20
7202 7031 9 7456 7603 14 9180 8353 24 8741 11158 31 8019 6699 20
10029 9831 21 7047 8306 19 8829 8458 26 9704 9159 19 6252 5768 10
8937 8429 24 9584 10351 24 6106 6904 14 6675 8128 16 10048 8809 24
6750 7498 11 7418 8573 21 6379 6945 17 9060 8362 20 8911 8591 26
7618 9299 23 8955 10117 22 8030 9158 22 8179 7296 18 10932 8072 18
7567 9731 29 9199 8412 24 10551 9608 23 5532 5375 8 9062 9497 26
8321 9387 20 7958 6991 14 9622 7844 30 8958 7798 15 5992 9112 22
6717 7421 21 8192 9143 19 7289 6667 21 8025 9548 19 7910 6296 19
8697 7984 17 7708 8073 22 8549 8095 15 9146 8206 27 7183 8448 16
7776 6820 21 8301 9132 28 7815 6450 12 6699 7978 17 5845 6784 13
7650 8292 17 8157 9008 19 7619 7778 19 8345 8701 26 7906 6972 14
8774 10597 17 10094 9058 19 10499 12048 26 6682 7148 17 8668 7602 21
7324 8529 22 8119 9443 14 10707 8238 23 8622 7269 17 7840 9127 22
6005 7484 12 8194 8815 14 8918 8194 18 9775 9325 21 7909 7376 24
8763 8871 18 6678 7265 20 8864 11529 25 8224 6046 13 6711 7515 17
10023 9758 24 7705 8923 15 9750 10708 38 7219 7470 18 8692 7549 16
8749 8800 20 10285 9037 29 7350 7559 10 8742 9059 31 6899 8444 17
6512 7059 13 6985 8693 15 7899 8267 16 8988 8893 21 10070 8510 21
6814 9343 14 10655 10255 23 9049 9502 28 9767 7244 19 7038 6613 12
9825 8623 23 8295 9240 17 7933 10423 21 7824 7630 21 8139 6248 17
8416 9873 23 7933 8071 12 6432 6733 14 9560 9145 23 10090 8354 20
9500 8146 23 8271 9788 19 7530 5410 12 7639 8369 15 7991 9033 18
5948 7039 12 7972 9691 15 9464 10316 24 10093 9074 28 9369 7117 19
9364 7838 18 7789 9247 27 8333 8089 20 7651 7495 13 8372 8886 23
8546 6807 10 9670 9543 23 6544 8654 16 8623 9686 27 9180 7239 17
8489 6693 14 7578 8132 15 7567 7735 15 7665 9524 18 7647 8069 27
8932 8147 18 6865 8997 20 8497 8497 23 7008 7498 14 8720 7108 15
5666 7479 13 5835 6837 12 8697 8964 18 8684 8558 26 10291 7639 25
6890 7351 19 7541 7627 22 7308 8081 17 9995 7839 21 8314 8408 20
6264 7791 17 7047 7001 26 7710 6878 15 7226 7074 25 6934 6939 23
7442 7672 28 9162 7893 21 7682 10659 21 7520 7146 17 9654 8678 20
9764 9176 13 9315 10210 20 6833 6359 10 9700 9614 27 7908 7198 15
6502 7302 19 8128 8403 24 8526 8742 22 9195 8301 15 7526 8138 25
8466 8505 19 7991 8055 14 9522 6989 12 7567 9257 16 8227 10060 25
5736 6739 15 7294 8458 24 6461 6407 11 8814 7866 19 8523 8594 24
7908 8264 24 7486 8009 13 7834 8172 13 7994 8540 16 7626 7140 22
8182 9383 24 8545 9049 23 8779 9118 23 8877 8199 15 8983 7653 15
7651 7530 17 10296 9292 28 9256 9421 28 7695 8015 17 5753 6818 16
10540 9064 19 8214 8441 13 7933 10374 24 9472 8683 23 7565 8801 19
8046 6935 15 7339 8150 25 8555 8646 28 8245 8507 25 7265 8662 19
8060 9758 13 8739 7693 16 8400 9173 13 7394 7977 21 9055 8261 18
9050 8663 24 5767 7150 9 8102 7853 20 7831 8600 26 7485 7200 17
6107 6682 12 6439 7437 12 7549 6985 19 8680 8486 17 8623 8514 26
6198 6954 16 10475 8230 20 8138 8774 16 8063 8869 16 9247 9171 23
7201 5603 9 7858 10622 21 7819 7875 12 9769 8562 22 9040 9418 32
7084 8198 19 8227 8187 14 8710 9608 26 8728 8541 15 8754 7286 21
6759 7984 18 8992 7543 25 8759 7270 16 8532 8924 23 9338 9705 30
9255 8375 22 10425 10640 26 9417 9308 25 8297 8179 10 7365 8177 23
6986 6905 13 9014 8853 28 8181 7964 16 9028 9536 24 7422 7154 11
9969 8188 25 7395 7780 15 6443 7996 16 6864 7310 12 10179 9619 22
9800 7967 24 8559 10136 24 6903 7844 18 9207 9627 25 6911 5754 10
7639 8316 15 6692 7712 10 9399 10047 34 10006 7830 20 7263 7684 11
9268 7684 14 9247 9157 26 9909 10570 34 7099 6999 15 7465 8758 21
9255 10300 23 8341 10825 25 8526 7862 28 8478 7799 14 7866 7593 16
7250 10818 18 8808 7580 16 6889 7899 13 6453 5743 16 11089 9271 28
8379 9526 25 10529 9973 31 9069 6862 23 7464 7653 21 6547 7754 17
6765 5998 15 11170 9007 32 9032 9717 24 7579 7919 17 6752 8260 17
8860 6484 15 6632 6745 19 7786 8650 19 9747 8577 21 5737 6199 13
7724 6784 14 9377 8934 25 7911 8839 22 9103 9659 20 6245 7132 16
6707 7728 23 6015 6701 13 6947 8404 14 8763 7282 18 10331 9301 24
7677 8486 20 8698 8381 28 7920 8786 20 7883 9240 19 8685 7538 15
8244 8732 22 9093 8216 26 8030 7358 19 8634 8247 23 8604 9706 27
9796 9686 23 9532 7885 22 7857 8647 14 6420 7944 18 7899 8515 17
7306 9122 19 7456 7481 13 6799 5376 11 7723 7104 20 8967 9399 24
7710 6903 20 6945 9054 18 10499 9147 25 7471 8557 25 8920 7829 16
8575 8144 15 6137 7001 19 6641 8276 20 8964 8060 22 9864 8882 29
6370 6527 14 9534 8196 22 10061 9739 33 8040 9437 20 7691 8174 22
6777 8685 20 7917 8465 17 10188 8402 21 8859 7798 21 6141 7345 18
6875 7387 16 8315 8672 21 7924 9927 23 9894 8762 22 9206 7575 19
10699 8670 18 7644 8096 8 7324 8790 17 8633 9486 24 7265 8092 20
9095 9780 20 9387 8793 20 8444 9608 14 7998 8156 19 8456 7312 30
8824 8143 22 7634 7371 16 10614 10751 22 7320 8930 15 8498 8694 20
9887 8552 22 8520 8600 19 8034 9562 21 9977 10087 32 7487 8022 14
7473 8962 21 8376 6897 9 7157 7082 21 7675 8420 23 8777 8271 20
9004 6834 15 8655 8049 18 7264 7861 19 7590 7331 26 7850 9794 17
7160 8101 18 8456 8781 14 10501 8071 22 7290 7999 20 6611 8367 17
6192 6122 12 7568 6507 11 6287 5891 8 9042 8879 30 8096 10227 23
6750 8060 14 7666 7494 11 7382 8026 14 8788 7665 17 8364 8593 22
8709 8893 16 6943 7214 12 5846 6956 7 11064 10302 37 8336 8299 22
9729 9111 20 7572 8766 21 4876 7067 16 8663 7531 16 9916 9473 27
9948 9469 24 7129 8294 17 10413 9974 23 5151 5795 12 8702 9009 24
7170 8077 16 8536 8228 21 9654 7738 13 7479 8596 22 9517 10023 32
8451 7982 20 9766 9175 22 7804 7874 19 9334 8083 25 7512 10062 18
9678 9179 20 8568 7745 17 7826 8502 21 6345 8203 12 7967 8560 17
7644 7002 13 6002 5796 13 8155 7859 33 7391 8600 21 8347 7886 21
6277 7821 16 7184 6496 15 6496 7832 11 8627 8467 23 10252 8992 21
8598 8992 21 8984 9003 20 9112 7810 16 7365 8504 21 7963 7255 20
7170 7727 13 7819 7190 9 10015 7678 14 7197 8805 22 8883 8692 18
7796 6760 17 7001 7972 12 8079 6573 19 8174 9112 16 6994 7527 20
7567 8323 23 7749 8424 24 6630 7291 12 7810 7180 18 8280 7712 28
8943 6831 13 7289 9438 28 9701 7881 18 7868 8652 19 5361 6475 8
6567 6904 13 10960 9420 31 7794 8287 22 7931 8899 16 8597 7589 19
5309 5015 9 5558 6883 17 8174 8419 17 6431 6684 23 8169 6642 36
9198 8280 19 6861 8381 11 7786 6921 20 5929 7301 18 8966 9190 22
8302 7558 19 5938 6732 16 8643 10553 21 7490 7170 20 10398 9939 23
7310 7543 17 8989 7223 23 9004 10039 33 8325 8684 15 6871 5980 11
8141 8806 17 9090 6665 24 8668 7590 10 8197 8511 17 8034 10541 25
6522 9988 21 10325 9098 21 7502 7477 10 6377 6409 12 9195 8967 32
8066 7645 24 8248 5803 13 6873 8392 22 6562 6726 20 8003 8968 20
7502 7653 23 8374 6898 17 8070 8044 19 5972 6673 15 6460 8023 12
8083 8216 24 7697 9991 22 7754 9229 25 8937 7590 27 6949 5481 11
7429 7161 15 8567 9547 19 9427 8286 22 5698 6800 19 8461 10093 31
9072 9096 14 8617 9182 24 9650 8528 21 6619 7790 13 6980 6564 12
9089 8337 12 9646 10673 21 6514 5815 15 11086 10943 28 6913 7455 18
9602 8893 19 9152 10797 23 12236 9924 35 5396 7016 17 8111 8729 20
7923 7664 13 6734 6579 13 7843 9344 20 8008 7975 20 9071 8256 18
7076 6158 11 8798 7783 16 5748 7912 13 6635 7799 19 7669 6525 20
8441 9167 19 6976 7508 13 10204 10202 16 9563 9051 25 9728 7972 24
8324 7310 17 5348 7197 11 9996 9359 32 7778 7450 28 8598 9687 26
8949 8973 19 6889 7923 13 8736 8099 23 7417 8686 23 8032 6145 13
8417 8524 28 11170 9821 25 8675 8283 22 7359 8596 18 7637 7842 18
10718 11196 23 10556 10033 31 7745 6468 12 7585 9410 13 7514 6919 13
9217 9915 28 9341 8424 20 7262 6994 12 9310 10619 24 7139 7912 14
8518 9164 23 9247 7258 24 7753 7964 17 7742 9321 14 8289 9011 19
6801 8742 13 10691 10150 21 6897 7618 12 8422 8955 17 8287 6841 17
8669 9809 27 6969 10502 22 7485 7283 10 8441 7405 20 10908 8630 19
8191 8938 25 9021 10252 20 10287 8958 28 6507 7379 15 9070 7946 17
8437 7447 20 6985 6894 11 8912 9519 21 6873 8739 14 9688 9704 20
6064 6407 9 8222 9138 23 9109 10790 32 8759 8151 27 8315 8018 16
8759 8703 24 8840 9891 23 8035 7750 20 7773 6095 15 7055 6340 22
6749 9547 27 9568 8531 18 8449 8791 21 7872 8841 24 9734 8227 17
5619 6663 16 6168 6865 14 8784 9716 33 7771 7398 22 8545 9229 27
8744 8583 21 6432 7309 12 8878 7781 18 7395 7984 12 10029 8917 28
8242 7868 15 9673 10277 24 7731 7998 16 8271 7668 18 8201 7732 17
6917 8699 15 9455 7662 17 8994 8031 23 8061 7891 19 6550 7909 22
9006 8370 18 8041 8983 16 9266 9463 28 8526 7464 14 8377 8944 19
8188 8770 17 7411 6945 12 7660 7764 22 9593 10243 31 7388 7101 21
8276 8426 20 7297 8377 10 8536 8613 28 8238 7817 19 7311 8150 19
7861 8317 18 8326 7616 19 7852 7499 11 10286 10904 22 9353 9845 20
7969 8434 20 6487 6067 12 8897 10459 25 9740 7293 20 7123 8135 20
8398 8581 21 9308 8665 20 8384 8548 18 8522 8000 21 8579 10130 25
6853 8821 20 7384 7163 16 7232 6165 19 9987 8486 15 7877 8484 20
7444 6955 14 6749 7736 21 10920 9548 25 8588 7133 19 8017 9902 22
6844 6586 10 8686 10100 12 8745 7935 18 10309 10421 24 8925 6924 13
8454 8961 13 9284 9458 18 10367 10470 30 8342 8191 15 7771 8016 11
11504 8461 27 6515 8065 15 9372 9737 31 8695 8217 12 7004 7497 17
8072 8845 26 8670 7367 20 9696 7680 21 7774 9707 20 7255 8940 17
7345 6967 17 7142 9152 21 8582 8413 28 7512 6811 14 9820 9833 27
7937 7035 15 8678 8553 15 7408 8610 13 9805 10409 19 10486 9218 22
8331 6954 11 5986 6999 17 7730 7944 19 7897 8200 28 10624 9358 29
6113 6432 9 8480 7964 20 8161 8560 17 8226 9162 23 9800 8152 25
6627 6803 12 6245 5700 12 6340 6889 16 8762 9203 33 7830 7694 22
7740 7417 20 9301 8223 17 9510 10453 34 6514 7081 15 6051 7816 18
7414 7982 13 7442 7766 22 6242 6650 10 9496 9599 25 9256 8862 24
11795 10947 26 10174 10532 21 8728 7338 18 6766 7938 15 8603 8891 21
8989 8408 18 10141 11613 23 8579 8824 22 8322 7080 19 8660 9687 18
9494 10921 34 7817 8738 24 9246 7861 16 7894 7749 15 8360 9544 18
8623 8079 20 6018 7797 16 9551 8329 20 8274 8866 16 8285 7978 21
6551 7319 13 7256 9866 21 8027 7719 17 9210 8544 36 5945 4775 13
8686 10308 21 9725 10465 22 7841 7124 12 7905 8746 16 11578 8740 30
7571 8985 22 7657 8157 17 8109 8589 24 6721 5803 19 7625 7808 22
6776 7908 10 6787 8580 17 8510 7422 13 6957 7242 26 8638 8022 23
8646 9274 13 10909 8581 20 6478 8010 15 7308 9708 26 8006 7923 16
10052 9207 28 7756 8117 17 6182 6742 12 10057 9475 30 7422 7944 21
7599 7699 18 7817 7040 20 8635 10284 21 8471 8583 26 8743 7480 19
6661 7578 11 8280 6621 9 9862 10269 26 9340 9640 29 8569 8196 17
9666 9877 22 6858 8207 12 7602 7273 17 6780 7915 16 8401 8049 22
6825 6289 9 7732 6879 14 8796 9144 27 8804 8900 27 7970 8328 22
6663 8444 12 8848 10496 20 8293 7176 21 9834 7936 29 7095 6984 16
6709 7556 14 8063 7379 21 8471 9521 31 8229 7025 14 6709 7963 10
7925 7624 16 7263 6318 20 7491 7391 14 8436 8920 24 7572 9206 21
8372 5987 17 8739 10469 26 9301 8804 18 8948 9563 21 7646 7448 19
7120 7957 16 9126 9438 25 6273 6856 11 10208 10928 23 9837 8939 20
9603 7807 13 9798 10567 31 7556 7089 12 8008 7940 13 8930 10078 17
7813 6965 12 8934 8797 17 10021 10480 28 6209 7541 5 9071 8098 18
8564 11055 20 11331 9093 27 8166 8722 15 7469 7040 15 8686 8840 13
9120 9528 20 8698 7421 16 8878 9969 20 6849 8370 27 8914 7454 15
9315 7600 17 7344 7458 21 7833 6203 16 7255 9404 26 8247 8803 25
9658 8661 24 7098 7113 13 8169 8202 33 8206 8012 16 7757 10137 22
10098 10102 21 8656 7687 17 7380 7706 13 7888 10286 24 8162 8454 20
10145 9797 23 8322 8060 25 5749 8077 14 8922 7780 19 9371 8475 20
8566 6908 14 9150 9205 27 8852 10995 29 7303 7238 15 6327 6991 19
8116 8157 23 8571 8635 17 8484 9134 21 8416 8576 16 8034 6818 25
7869 9069 18 6871 7203 9 8785 10199 29 10470 8733 25 7813 7075 14
10220 9471 29 8935 9210 21 7971 9238 25 8257 8473 19 7747 7357 18
7118 7052 20 6349 7740 10 9379 7772 22 7478 8357 16 8035 8761 21
7356 8521 32 7099 7579 24 6839 7152 17 8519 7133 27 6456 6742 11
7041 7761 17 5468 8584 27 7833 5753 18 8282 6973 22 6037 7002 15
11150 8224 24 7528 7902 19 8743 9984 31 6832 6470 17 8032 9484 16
8581 7620 20 7687 8625 15 7460 6161 19 7985 7269 28 6266 8595 24
8604 7295 19 6060 6760 12 6856 7849 21 8875 10131 26 7923 7453 15
7643 9597 23 9118 8697 23 5798 7562 14 8197 5989 14 7652 7666 31
7987 7806 19 6445 6840 16 7283 8420 31 8776 8523 30 6247 6751 12
6430 7670 14 7112 7645 16 8945 8304 28 6793 8259 25 8471 8180 18
6577 6597 10 8985 9103 17 8830 7573 25 8770 9045 22 8277 8585 20
8504 8256 18 9610 10066 26 9243 8461 23 6829 7739 21 7715 7225 14
9991 10421 23 8362 8966 24 9301 7946 22 8037 9097 24 5770 5532 17
6560 7870 18 9604 10444 26 8872 8159 18 7811 8170 15 7268 6362 12
9565 8933 18 8483 9911 21 8743 8693 19 7057 7313 11 10588 10373 28
7097 7665 11 7263 8216 15 8006 7549 15 8672 9862 22 8972 7348 16
7437 8256 26 8506 7715 15 8759 8073 22 8121 9777 16 8705 8276 22
9234 7932 18 7302 10049 17 7968 9463 21 9045 8051 11 8195 6203 15
7761 7064 15 10480 10772 30 7544 7874 20 8651 8272 20 7878 7974 16
9781 8242 11 7390 7997 21 7580 7171 14 7823 8920 32 7806 8366 17
9008 8764 15 9402 9108 18 7357 9067 7 10108 8778 27 8547 7764 20
8850 6436 16 7692 7951 20 8108 9087 23 8619 9240 21 6066 7454 12
7843 7471 13 10250 10875 25 8472 7764 15 8298 9153 19 7325 9125 19
6398 7926 18 7273 6331 19 6848 7117 23 6290 7079 20 7398 6828 23
9161 6957 14 10147 11853 21 9162 8548 16 9071 8703 20 7498 7763 15
8138 8236 17 8580 8952 22 9222 8773 19 7990 7159 14 8238 9571 24
8160 8561 21 8099 7143 20 8088 9043 22 7221 6683 19 7074 8262 18
5781 5248 9 7893 7987 13 7263 7393 19 7086 8441 25 7888 7777 19
6925 7698 16 10469 9466 27 8568 9207 22 6707 6611 14 8368 8706 21
5838 6623 12 8436 7785 18 8474 7835 13 10195 10010 26 9284 10611 28
6751 8661 18 10163 10846 29 9689 9005 23 8850 7252 22 7886 8136 13
7576 8564 21 9925 9343 20 7625 7831 19 7300 6440 14 7737 8953 19
7143 7079 18 9139 8426 20 7454 8390 16 8175 7986 21 8565 8797 20
9453 9450 20 8968 9779 28 8268 7026 18 8818 8776 25 6673 7789 12
9630 10166 29 7792 9151 25 7201 6688 23 7674 7628 22 7917 7908 20
7404 8204 14 8393 7848 21 7660 8357 15 5856 7220 10 9791 9753 26
8099 8817 17 10460 10182 28 9889 10242 27 7709 7197 11 7688 8516 15
7556 9551 20 8393 7365 15 7544 7186 18 7963 9649 22 8203 7542 24
6668 6956 11 10555 9853 26 8990 9744 18 8125 7944 15 8479 7728 16
8662 8448 17 6828 7847 19 6918 6173 13 8591 8865 16 9755 10059 28
7888 7142 20 5399 6745 10 10108 9273 25 8496 8737 18 7355 7368 16
9115 10173 24 9241 9462 20 9767 9225 24 7469 6405 10 7969 8935 19
8432 7191 14 7785 7462 16 9574 9761 27 7901 10193 25 6622 6876 16
9409 10818 21 7318 7348 14 8332 9642 18 9687 8539 12 9892 8375 22
8642 9043 25 7424 6830 11 8025 7249 24 8813 9730 23 7222 7358 19
9468 9069 21 7215 8295 20 7653 6435 23 6567 6780 11 8808 9475 18
7442 8319 11 8017 7004 19 10390 10532 26 8036 8911 11 9788 9741 22
7704 8585 24 10512 10626 25 8637 8762 21 8647 9030 23 8290 8529 15
8445 8826 20 8490 8435 14 8681 7999 19 7268 7612 16 8800 9849 27
8218 9000 23 9239 9097 27 8144 9139 21 6402 7213 18 7652 6663 14
6851 9471 19 7288 6801 14 9108 8978 16 9381 9614 25 10066 8323 22
8074 8419 16 7587 6881 11 8859 10788 33 8718 7617 22 7896 8192 24
8099 7212 13 9760 9994 14 6653 9015 16 11081 11085 28 6829 6325 11
8546 6935 21 7794 9030 13 6770 6503 14 8875 10245 23 8659 8745 14
9927 8082 25 9624 10194 25 6781 8623 15 7308 7714 17 6423 6520 15
9505 9429 22 8620 8722 21 8261 8188 14 8500 8641 19 7484 8074 15
9544 9744 25 9797 8043 20 8811 8605 14 6476 8295 15 7581 7425 11
10310 9360 25 6494 7516 13 6832 7624 16 7481 7991 20 9409 8305 23
8292 8845 18 8213 7206 15 7328 7560 24 7823 9236 22 8052 7999 24
7960 8332 13 11012 9628 22 10628 12450 32 7867 7785 12 7133 6360 18
7431 7248 15 6965 6419 18 7648 7848 22 7647 9341 18 7034 6306 13
8796 7806 22 8344 7763 21 8182 7179 10 8436 10653 24 6696 8311 17
10099 9373 31 9367 8149 18 9756 9764 23 6656 7695 17 6557 8317 21
8886 7952 21 6568 6723 12 7374 7930 21 8792 8084 23 6419 8689 20
7517 8409 10 10105 10745 28 5442 6234 11 8224 7284 27 9152 8573 22
8166 8925 17 9141 7807 23 8181 8423 17 7471 8968 9 10525 10502 22
9493 9293 25 7956 8442 23 9042 9920 31 7915 8067 19 7055 6368 11
5528 5237 12 9037 7858 19 7264 6999 8 7194 9506 32 8399 8314 21
10392 7372 29 5846 6236 11 7565 10573 21 9074 8424 20 6221 7506 20
9222 8343 16 6103 6653 11 6813 7766 20 9429 10157 13 10202 9511 27
6721 7907 13 7956 8141 14 9501 8759 14 8523 9112 25 7925 7957 16
8987 11664 23 9151 8177 20 9220 7988 23 8719 7588 17 6770 7757 16
10194 8051 28 6755 9795 24 7734 7881 13 9848 9414 22 8381 7468 14
7521 6918 13 9064 9668 34 9488 9145 17 8228 8281 20 9125 9842 17
7183 6485 8 7796 7893 13 9292 10469 23 10820 10252 28 7245 6930 18
7661 8487 17 6253 7709 18 8899 8242 30 8375 7395 23 9085 8529 17
7907 9005 15 10996 9255 27 7461 8264 16 9723 10571 18 9187 9454 22
7528 7050 16 7257 7703 17 7986 8016 22 9133 9022 29 6366 5976 20
8906 8443 20 7706 8147 24 7118 7237 16 8956 9671 20 8393 7606 18
7572 6488 11 9084 10050 22 8803 8271 26 5831 7875 18 7462 7340 27
7923 8811 12 9266 7219 19 6774 7139 20 8635 9615 22 8573 8433 17
7463 8399 17 7459 6352 11 7964 8422 13 8998 10404 24 9738 8011 19
6931 7186 14 7436 8115 19 9628 9375 23 8682 9422 27 7607 7572 12
9548 10827 24 6852 7400 18 9734 9008 21 7132 6511 18 7448 7839 13
7986 7379 16 6958 7429 17 8089 9071 24 9323 9202 22 9968 8359 27
9589 8154 21 9128 8973 20 8901 10996 20 9808 10721 21 8408 8567 19
8489 10024 19 10105 8159 25 9067 8638 25 8001 9864 17 7345 8003 19
8295 9728 22 8529 8246 23 9251 8626 21 7911 8378 23 7863 7436 16
10578 10559 26 10017 9230 32 8220 8250 19 8678 9118 18 6224 7728 13
8491 8450 27 8730 9207 19 9611 7657 15 7948 9691 31 6899 7149 14
10174 9000 15 8432 8292 21 8469 8472 24 8230 9786 16 7656 7560 16
9644 9072 25 8978 8499 28 8383 9136 14 8493 8075 21 5444 6379 12
10011 9426 26 9759 8784 19 7888 9039 18 7696 7347 16 6771 8530 15
10644 8002 26 7909 8157 13 6206 6900 15 9737 8428 24 7652 10215 16
7876 8028 17 7901 8192 16 9655 10025 28 8425 10028 20 7941 5975 17
6181 8854 15 8502 7806 15 9867 8067 27 6850 7714 25 8334 8984 29
10009 10203 32 8780 7758 26 7023 8971 26 8779 8774 20 6243 5808 10
7004 7470 16 10867 9780 36 8330 10098 20 7315 8007 13 7298 5679 17
10301 10704 23 7509 5797 2 7326 10586 12 8188 9026 19 10261 7753 19
9017 10745 19 8743 7707 13 7280 8323 24 9528 8878 23 8500 7805 22
11049 10898 27 7579 9317 12 8635 7141 13 7929 9979 23 8971 6548 18
8890 8932 18 7452 9994 21 10534 10183 33 8991 7792 18 5338 6289 9
9916 8975 20 8712 9069 24 6060 7684 15 8412 8823 18 8579 8592 20
7060 7172 21 6175 7628 19 9780 7875 29 6792 8093 24 8741 7238 23
7435 8218 17 6213 6740 15 6745 6187 10 7602 8421 33 8476 8086 22
8198 6722 18 7248 6803 23 7084 7085 19 9966 9952 33 5864 8973 22
6294 6914 12 9047 9833 22 11445 11595 36 6980 6943 14 7818 7793 20
7543 9302 18 8687 8038 30 8388 7604 18 7099 7223 16 6491 7161 17
8486 7109 19 6996 8472 15 7871 5623 16 7156 7059 20 7623 10467 26
5917 6821 11 9526 6906 24 9069 8165 21 6513 8829 15 9807 10070 27
9989 9845 32 7816 9012 17 8368 8408 27 7568 6685 14 9290 9681 21
6575 6747 12 8926 8697 28 9604 9385 24 8985 7867 17 7523 8033 13
7939 9589 19 8333 8334 19 9221 8389 24 7353 8117 23 8825 7714 22
8954 6676 23 9689 10126 24 6518 9598 23 7686 6698 21 9455 7943 21
6552 6521 8 9164 9755 21 9315 9690 25 8672 10155 29 7650 6238 19
7708 7574 21 8720 8487 28 8789 8969 20 7231 8362 24 7245 6807 18
8103 7258 11 8040 8308 17 11132 10282 32 7737 8982 27 6842 7944 15
8267 10870 15 8931 9205 18 10011 9146 20 11229 8748 18 9782 8849 21
7744 7637 21 7395 6655 17 6728 6612 8 7467 7817 20 8872 8645 25
8635 6853 17 7737 11070 26 6760 6423 13 8033 8809 16 8373 7243 21
9604 9256 25 7921 8022 24 7404 8864 17 6766 8499 15 9326 8129 27
9115 8964 22 8681 8405 21 8478 8074 15 8775 9503 19 6921 6028 11
7316 8640 16 10187 8542 21 8036 6144 14 6555 8480 11 9671 10181 24
9016 9803 18 7894 7452 12 10007 8151 19 8534 9074 16 7659 7845 22
9348 9592 22 6938 6640 19 7936 7913 16 8528 8297 16 7478 8497 21
8788 8087 20 8069 11100 33 7550 7414 11 8302 8784 25 6281 5426 14
10169 9280 29 7647 9137 19 8403 8565 22 6183 6461 8 7966 7195 22
8791 8965 24 7638 6908 13 9120 11324 32 7527 8495 19 7562 5865 17
7436 9082 22 9457 7816 16 8059 8913 17 10394 8714 26 8294 8982 22
8349 8940 24 9419 7400 23 6461 7776 18 7591 7807 17 9074 9811 24
9415 8547 16 8543 9003 21 9390 6854 15 6202 8189 17 7249 8049 18
7650 7490 18 8981 9687 45 7338 7022 17 7417 7122 16 5671 7710 18
9429 9531 24 10845 9714 31 9557 10558 28 7713 8263 14 6471 6188 11
8621 9386 23 8773 8288 24 6403 8440 9 7516 6846 15 9981 8926 28
9934 8241 23 7210 9253 16 7751 9003 20 8523 7657 12 10519 9413 18
10180 9622 29 7994 7367 15 8196 8635 23 7727 8033 8 6154 8289 21
8254 8110 18 9687 8657 23 8076 7860 27 7250 8511 22 8093 9209 27
6863 5047 8 9454 8164 17 8949 9415 36 6755 8277 29 7551 7480 17
9406 8653 17 8702 7868 25 8938 8891 20 8279 8917 26 5671 7623 15
6763 7249 15 7508 7863 24 8432 8683 21 10556 9593 24 7641 8686 23
7457 5687 15 6440 6368 18 8187 9090 23 7252 9218 23 8530 8808 17
7421 6659 16 8377 7587 12 5525 6927 13 8332 8690 24 10352 11183 20
9210 8428 26 8328 7843 14 6297 7787 17 7301 7324 16 7011 7683 22
8036 8269 14 7928 7697 13 5339 6004 11 9841 9391 34 8202 9324 17
9604 9511 26 9627 11090 28 8640 8668 21 6224 6759 18 5981 7090 13
8321 7486 19 8734 7863 13 7480 8658 15 8079 8610 19 6149 6873 12
7856 6719 19 7851 8276 21 8498 9821 27 7415 8815 16 8441 7091 21
9722 7700 17 7993 7447 18 8350 7972 17 7616 9387 22 8295 8698 20
8552 7301 14 7830 9472 19 7685 7759 10 9565 8959 24 6912 8134 19
5549 6203 15 7944 7957 17 6756 6511 11 9092 9178 28 7790 7782 16
7551 9748 21 9749 7513 18 9451 7843 16 7613 9225 28 8085 7984 19
6500 7847 14 7438 7348 19 6347 6548 15 6729 7255 17 8318 6831 25
9611 9527 19 7219 9045 15 10443 6603 21 7803 8625 23 7296 8992 17
10783 8935 28 7610 8209 13 6784 7908 16 7765 8325 15 8579 9081 24
8455 9444 12 11931 11358 29 9100 8439 14 10529 9730 26 6029 8126 13
9158 8169 21 7696 8311 14 6496 7567 16 7144 6509 16 8963 8011 30
8001 6740 16 7524 7154 14 6982 7931 21 8826 10091 27 7080 7991 18
7966 6486 13 7548 7516 19 7446 7802 14 6907 7033 13 7791 8201 26
9075 8073 12 8646 7675 23 8868 9709 23 7857 6549 10 7793 10298 20
8504 7849 12 8272 7409 18 8030 9351 25 7013 9108 16 6888 5193 20
8429 9556 15 9407 9128 13 6361 7186 15 8299 6975 27 9733 9710 19
7964 8678 19 8254 9563 22 7693 7061 18 10731 10132 28 7518 7414 21
10491 8524 22 6342 6255 10 7955 8435 17 8692 9990 21 9079 9229 16
6204 7427 18 8012 7831 18 10630 9205 33 7185 7392 12 7774 8556 24
7540 6716 18 6998 7013 12 6581 7691 13 9293 9088 29 7038 8006 25
9882 8061 18 10758 9718 21 8867 9170 20 8177 10277 12 7475 8310 14
7486 8207 15 8955 9392 21 9046 7311 15 6802 7621 16 8774 8782 25
8142 8755 26 9927 8988 20 6335 8084 17 7744 7716 17 9172 9340 19
6708 8437 17 8845 9504 19 10552 9935 31 8363 8127 15 7216 6819 16
9362 7684 14 7856 7726 12 10255 10830 20 8362 9725 26 7731 8368 14
7850 9045 23 8831 9473 22 7716 7737 17 10631 9656 20 8484 7711 17
9357 9451 23 8485 9210 18 7519 7445 21 9742 9899 24 7248 6529 16
7902 6622 12 8893 8901 19 7826 8191 13 7690 8928 19 7572 9168 34
8117 7207 12 7358 7528 20 9592 7762 25 7846 7601 23 6344 9180 20
7460 7822 18 7695 7912 14 7374 7004 13 7818 8211 29 7749 7863 23
12454 11948 36 8433 8556 17 9521 9440 14 9805 11273 25 7879 8167 17
7346 4133 17 8111 7693 17 7546 8771 21 8035 8836 22 8247 9792 24
9398 10410 17 8450 8455 26 8896 8889 24 6125 7099 8 9288 8026 20
9620 7747 13 10190 9676 23 6716 7519 12 8496 9472 25 7540 7981 28
10195 9912 18 9509 11520 40 8082 8612 22 8756 7176 16 7815 7872 15
8171 8313 27 8819 8616 18 8416 8777 17 9353 8910 18 8079 7778 14
