6581 6290 28 5288 6939 28 5932 4601 22 4163 5970 24 5581 6259 18
4988 5134 19 3181 4177 19 5662 4976 19 5711 6282 22 5661 6150 33
5798 6461 25 6698 7594 36 6847 6706 23 4490 4294 9 6993 6910 34
3982 3552 7 6321 6194 29 5882 6350 22 6952 6743 30 6570 6473 27
6967 7439 29 4561 3978 21 5027 6662 19 6652 7143 27 6099 5760 26
5669 5167 17 6187 6328 34 5481 4857 16 5866 7483 21 6196 6709 25
5003 5794 21 3996 5094 27 6102 4697 21 4777 4889 17 4721 5907 21
6190 6377 22 5670 5288 22 6672 7327 30 3340 4034 21 5613 5189 29
7231 6166 23 6267 5661 13 7481 7821 37 4730 5028 12 5355 7938 28
4839 4722 24 6343 6841 33 5426 5702 14 5067 5130 22 4118 4070 19
7020 9420 37 7205 7518 27 6765 6428 21 6855 8080 27 6758 4933 19
5984 5864 14 7635 7804 32 5895 7384 27 6473 5690 24 6146 6573 21
6222 7452 42 5071 5319 22 4777 5592 29 4564 4420 18 3306 4059 18
5486 6044 17 6932 6792 27 7024 6463 28 7048 7650 32 4754 5741 16
6914 7102 26 5504 5507 31 5347 5320 20 4809 4641 25 4576 5871 22
5052 5129 20 4664 4268 9 6716 7571 43 5090 5002 13 3824 4889 13
4757 5103 20 5328 4821 17 6421 5620 20 3951 4095 19 4299 6362 32
5715 5325 24 6318 6110 25 6724 6253 29 5504 6343 41 4342 5491 14
5571 4603 18 5766 5692 18 5294 7327 25 5471 4898 22 6748 6783 30
6440 8302 31 4938 5331 17 6942 7110 35 4232 4191 13 5489 4775 19
6221 6086 21 6657 5390 23 5808 7840 33 5682 5808 15 5154 6734 29
6588 6219 27 7132 7752 30 5630 7610 37 5076 5345 13 5555 5689 19
6653 6998 22 5611 5733 32 7051 7606 29 6064 6394 18 5253 6083 23
5591 5050 24 6455 6029 21 4632 5749 26 5598 6943 23 5290 6708 18
5549 4974 10 6367 7581 36 5432 5839 24 7071 6048 21 4319 6469 30
6162 4295 15 5840 6209 22 5220 5895 21 5343 7276 27 7071 8203 39
5450 6056 24 5320 4694 21 6541 6801 27 5036 4618 21 4451 6256 34
6245 7159 32 7249 6613 24 6855 6011 21 5190 6086 15 6069 7234 29
4674 5733 23 6803 5718 27 5216 4782 17 5380 7704 26 6215 5826 20
5168 6237 17 6205 6737 21 5980 5686 18 6480 5375 33 6628 7685 29
5848 5795 30 6991 6662 32 6389 6943 23 4233 5590 12 5254 5370 23
6640 7817 40 5528 6409 12 6063 6394 24 7791 5898 31 5670 5502 26
6165 5201 21 5868 7838 33 5274 7844 14 8174 6565 31 5291 4523 23
5603 5310 12 7400 8607 33 5207 6327 26 7855 7585 27 5581 5760 22
6110 6138 24 5852 4969 22 6088 6052 23 6327 6698 26 5101 6205 28
5566 5366 10 5099 5970 15 5651 6040 22 6529 5268 19 5913 7462 40
7017 6351 28 5441 5765 26 5523 7232 28 7582 5730 27 4909 6022 23
5670 7052 32 6370 4731 23 6540 6268 21 6831 7976 32 5157 5798 15
3492 3150 7 6139 6359 22 6731 9059 46 4849 4721 13 5009 4945 11
6410 5926 23 5283 7197 25 8239 7757 35 5954 5091 15 5520 6597 30
5745 7080 25 6225 6093 18 7074 5576 26 7291 7802 25 6486 7059 29
7018 4829 24 6754 7822 29 5868 6866 21 4191 4952 20 6779 6749 33
7615 8113 29 6646 6106 29 6234 5534 26 5017 5982 17 5128 4697 21
6656 7133 27 5758 6685 22 4956 5109 13 8123 7153 32 6314 7103 23
6010 6419 17 6887 8073 32 7139 6974 32 6540 6997 20 6858 4822 22
4150 4536 11 6717 6449 20 6579 7234 33 6212 6363 29 4480 4554 19
5251 5012 11 5110 4554 19 7637 5772 28 3242 6401 20 5920 6224 34
6584 7429 24 5320 5076 21 4098 5107 14 5779 5035 16 6907 6546 28
5935 6244 9 5738 7098 28 6276 6838 21 5373 6823 24 7568 4955 27
6658 7782 35 5772 4934 24 4574 5426 23 4502 5059 19 5701 6023 29
7731 6118 31 5311 4291 17 4233 5521 28 5251 6002 31 3415 5487 13
5550 6656 19 6913 6762 24 5463 6083 20 5732 7104 25 7803 6303 26
4514 6190 20 6234 5392 22 6216 5819 23 5052 6568 22 4938 4593 31
7035 7747 33 7760 7436 29 4224 6129 14 7196 5542 24 6335 6271 21
5684 5991 24 4823 6850 31 6100 4832 24 6112 6609 23 6033 6068 23
5492 7497 30 8245 9122 35 6411 4900 25 5540 6339 20 6167 5101 22
6317 6389 34 5790 4700 12 5254 7722 27 5384 6112 32 4928 5114 21
7230 6242 27 5407 7354 24 5717 6379 22 5814 6058 16 7300 6553 28
4523 4870 20 6185 5654 15 6421 8416 40 6936 6919 22 4474 5320 12
3646 5241 12 6601 5925 25 5525 6089 31 6988 5518 28 5299 6309 26
5126 5654 14 5135 6208 28 6924 5850 26 5141 6298 22 4590 5209 19
4978 5560 17 5522 7307 34 6525 5988 17 4630 7237 21 7639 5888 27
5802 6716 22 5258 4750 13 5651 4441 12 4453 4386 14 5820 6977 30
4870 5327 19 6229 7536 29 6605 5413 28 5020 5131 21 4287 4029 12
5346 5422 17 5155 6996 24 5219 4020 16 5684 5191 27 4523 6461 31
6134 5544 22 5206 5095 26 5410 7125 26 6749 5844 22 4892 6094 20
6189 6222 20 7699 6930 30 6395 6521 18 6849 7421 37 5101 5347 22
6435 7313 31 5597 6208 9 4832 5010 15 6984 7032 29 6728 6233 32
4952 4485 15 5379 5321 18 6914 6249 14 4717 4774 13 5159 7777 35
5455 7006 29 6794 7193 25 5535 5673 19 4950 5584 18 4875 5156 36
6115 6511 22 5764 5765 17 5919 6437 23 6516 6702 26 6793 5948 18
4320 6893 35 4438 5780 21 4091 5170 26 5607 3665 16 5085 5091 20
7829 7164 27 4924 6852 15 5284 3974 11 7758 7563 34 6590 7419 28
6365 6326 24 4814 4508 13 5119 4364 18 3955 4545 9 4174 6411 38
7866 6721 27 5929 6211 28 3839 4532 20 5580 6697 22 5994 7576 32
6047 5618 20 4709 5141 30 6613 7378 28 5711 6371 16 5387 6546 19
5804 5594 34 5213 4431 25 3506 5254 19 4444 5476 21 5202 5039 17
6460 5100 24 5947 6857 32 5733 7228 35 4843 5637 20 4526 5284 18
6804 7016 30 4958 5451 21 5837 6328 29 5461 6075 23 5247 4873 20
5636 7109 22 5966 6301 18 7744 7692 38 5980 5705 14 8446 7057 28
7052 7949 25 5226 5968 18 6674 6651 33 5146 5374 20 6595 5630 26
6674 5171 21 5403 5033 13 5329 7058 22 5862 4857 18 5685 7261 39
6621 6387 25 6322 5460 21 5896 6766 34 5356 6113 19 5866 5882 23
5966 7416 24 6096 6388 30 6021 5734 28 3828 4449 13 5495 5835 37
4812 5528 17 6878 7530 36 6950 5714 22 6388 7604 25 5694 5706 26
5199 5427 13 7903 8133 29 6524 7280 23 5578 6623 27 7625 6484 23
5451 6566 21 5143 5260 12 4492 5808 16 5427 7514 32 9126 6194 27
7875 7552 29 3924 5256 22 6072 5976 19 4454 5353 20 5540 5577 26
4727 5522 21 5579 5522 20 4993 5763 20 3678 4693 14 5809 5396 31
5120 6242 21 7581 7073 32 5989 5042 20 7543 7642 33 5008 6929 27
7717 6656 31 4517 6371 25 7611 5734 29 7718 7774 29 5171 5950 19
6405 6366 18 6973 7180 24 6552 6235 25 4586 5708 28 5134 5774 17
6424 6142 29 4925 7708 24 7164 6670 26 6593 6924 28 6790 5523 35
6650 7415 26 4822 6491 29 5703 5538 32 5377 4720 11 5424 6085 26
4439 5054 14 5748 7971 34 7503 7065 29 6554 6428 30 6000 5236 17
6443 6723 24 7573 6942 21 7883 9459 45 4930 5590 21 8111 7803 31
6686 5776 24 5837 6505 29 3986 5495 23 7012 6804 25 4785 5778 22
5531 5802 17 5253 6292 19 5739 5404 15 5330 5584 23 6919 8096 41
5965 5733 25 4951 4408 14 4761 5044 20 4036 5862 26 4139 5094 19
5665 6017 11 6335 6202 28 5681 6708 27 6878 6838 26 5581 6072 23
5710 5459 27 6565 6491 28 4144 5254 9 5610 5330 22 4705 5416 25
5654 4305 15 5922 5804 32 4531 5536 14 6035 6561 24 5538 6308 24
6963 7501 35 7095 6090 17 6757 7307 28 6872 6711 25 5808 6931 25
6126 7099 20 6466 5262 22 5551 8295 32 4599 4080 16 6669 6541 23
5577 6850 26 5152 6211 25 7553 8345 32 7069 5839 27 5128 5362 14
4869 7982 29 6418 6748 31 6252 6205 24 7323 5959 16 6551 5878 25
5246 6143 16 4917 5251 16 4640 4827 20 7404 8016 34 7578 6784 28
5177 4473 17 6584 8074 29 4398 6498 15 7052 5348 28 7328 7563 30
6601 5951 20 7313 7278 24 6756 7256 29 8149 5967 30 4540 6663 24
8841 7595 24 6087 5453 17 6432 7636 22 6396 8156 34 7025 6351 21
6049 5092 20 4332 5603 10 6520 6417 36 6961 7448 27 6784 7141 26
6250 5534 29 3806 3198 12 4934 4762 20 4616 8012 25 6777 6486 27
5349 4757 22 5928 5654 22 4971 5690 20 4950 6457 28 4829 5838 18
3649 3903 12 4409 4942 16 5810 6879 24 6371 5280 23 6237 7046 36
6557 7622 26 7261 5149 23 5881 6208 20 5274 5993 19 6348 7252 29
3978 5710 13 6824 6736 23 7085 7087 30 7044 7940 30 5602 5688 25
5577 5913 22 8526 7741 27 6263 6584 26 6064 6561 23 4929 5697 23
6846 6516 20 6382 5806 23 6355 5969 14 7533 8385 31 6989 8117 29
7883 6773 27 6203 5639 22 4893 6929 19 7341 7536 29 5619 5856 28
6577 6644 27 7134 6779 29 8662 7158 29 5822 5776 23 6776 8228 31
7018 6394 25 5935 7230 20 4943 5965 24 5321 6366 34 7151 7541 32
5194 4850 20 5585 7116 25 5743 5658 24 5022 4763 14 7724 7298 30
4987 5342 24 5378 5689 21 5278 5335 27 4004 5114 19 5235 3941 24
7859 5235 26 4773 3850 19 6045 8316 21 7507 6765 24 4231 7530 32
5502 5144 15 7271 6701 30 4921 5118 23 4854 5994 11 6379 6889 28
8523 7820 34 6422 6505 18 7661 7543 30 7960 8550 24 5777 6320 25
5375 6085 23 7476 5006 18 5726 6669 30 5449 7144 26 4173 4352 14
6297 6004 23 6381 6236 10 5527 7645 34 5520 5843 17 6291 6617 30
3541 4893 13 4352 5134 12 6368 5095 15 5064 6963 35 5521 5045 22
5127 5387 13 6244 5761 20 6509 7307 20 5678 5107 16 6148 8137 37
5571 5759 28 7825 7074 23 5701 5777 21 6232 7737 36 5805 5240 25
5842 5776 20 6928 7354 30 6301 6991 22 5058 4782 18 7080 6931 28
7344 7112 27 6603 6599 26 5811 7529 34 6507 7046 24 7127 5904 27
5497 6988 28 7606 6175 24 7113 7458 34 5352 6285 17 6176 6104 22
6054 5324 17 5486 6862 27 7102 9602 36 6982 5543 25 6622 6803 25
7071 7789 27 6888 7688 28 6475 6225 25 5962 5097 24 6332 6948 24
6434 5877 18 5827 6256 22 6846 7637 27 5447 6211 27 6063 6067 22
4402 3916 15 6575 7946 29 5614 5823 22 4636 4897 23 6358 7157 40
4335 5174 18 7474 6016 27 4339 4006 14 4693 6132 32 6001 6209 17
6606 5689 27 6027 4979 18 5911 8441 41 4152 4543 13 4024 4709 26
6705 6446 36 5372 5198 19 3059 4649 8 4499 4906 14 6424 6455 32
7421 6084 25 4598 4967 16 6945 5393 17 5813 8336 38 6388 5531 18
6830 6134 19 6089 5812 25 5904 5987 16 6138 6550 30 6184 6700 29
6344 6012 27 4759 5397 16 7443 7959 35 4720 4868 18 6914 6624 25
5686 6170 19 5616 5670 19 6758 6462 24 5610 4787 29 5994 7197 24
6750 7047 23 7072 6170 28 6748 6026 23 3612 4346 12 6060 6505 22
5577 5087 27 6523 7846 35 5431 6722 19 5600 4133 18 6318 6722 23
6019 8017 33 6621 5766 18 5709 5386 24 4765 5723 29 5060 6094 30
6940 7894 32 4550 5162 24 6143 5193 11 6816 7012 22 4923 5529 17
6052 5172 15 6752 6950 22 5879 4294 26 5366 8563 22 7139 8148 38
4821 5722 20 3824 5155 21 6382 6626 31 6880 6831 25 6389 6355 25
5560 6937 29 7190 6708 33 6560 6518 19 4872 6240 29 7309 7133 30
6529 5000 24 5915 7169 25 5245 5738 17 6677 5782 21 5089 6326 24
5606 5697 24 3939 5918 18 5756 5820 26 5586 5909 15 5303 5630 30
5563 5688 23 4481 5412 12 7159 4833 12 3518 4702 21 5422 6469 33
3951 4229 13 6713 8919 30 5817 7101 26 6378 6211 22 6959 5604 26
7356 7184 29 7290 6880 27 5612 7075 26 5241 5357 21 7227 6510 18
6182 5338 14 5821 5760 25 4747 4618 12 6029 7910 35 6413 6628 27
6370 5995 15 5890 5989 22 7541 7063 36 4207 6410 31 5246 4961 18
6214 5170 22 7159 8722 31 4812 4809 14 5617 6514 32 6781 5959 27
6549 6420 28 5824 7125 35 5325 6410 16 5823 4735 28 6005 6639 21
6944 8487 37 5502 3994 12 4466 5586 11 6849 7403 29 5602 4967 18
5641 5722 17 6661 8534 46 5618 6310 17 6807 5252 14 4035 5010 14
6736 6504 22 7397 5150 27 4180 6036 18 6426 6256 20 6771 6429 31
5573 4426 16 5775 6712 25 5149 8017 22 5094 5018 24 5302 5055 20
5901 6613 33 6445 5345 24 4629 4111 12 4601 5413 18 5085 5501 19
5847 6402 23 6586 5367 17 5379 6256 18 6997 9618 37 6103 4782 19
7398 6812 27 6224 5827 16 5811 7162 25 4740 5533 15 5585 7207 43
7199 5986 30 4773 6507 25 6268 6257 18 5826 6422 26 5572 6256 27
5719 5761 20 6021 4624 27 5434 6621 23 7175 7035 26 6367 6754 26
4414 5823 23 5389 6851 40 4433 4600 18 4675 5082 21 5959 5166 19
3658 5540 22 5235 3286 20 5301 7036 35 5116 3884 10 4149 4790 13
4928 4980 17 4710 4716 10 4639 3482 17 6944 7105 38 6036 7269 23
5966 5718 28 6409 7583 31 5929 5705 19 6259 6880 30 5142 4724 20
4125 5789 16 6256 5555 16 5690 5746 23 7706 6719 26 5904 7377 37
5631 6498 31 4656 5771 15 5042 5267 17 7659 6660 31 4866 5502 34
4096 5211 19 4996 5821 11 5520 5914 22 6657 6613 18 6630 5973 33
5752 5230 18 7041 6164 31 6105 7903 23 5623 5916 17 6208 6827 27
6103 5331 16 5317 7362 23 7517 7806 26 5993 4347 17 4799 6171 27
6276 4795 17 7063 6030 20 5949 7026 27 5950 6873 22 4453 5979 26
6261 8172 46 5446 5259 18 4240 4892 20 6762 6189 14 4514 4737 13
7846 8305 27 4816 5000 17 6826 5394 25 6025 7521 26 6056 6102 27
6777 6814 30 6140 5253 19 5805 5309 26 6075 5851 18 5280 7917 25
6973 7467 34 8017 7669 32 6240 6490 19 5553 5632 17 8027 8035 27
6307 5830 21 5560 6246 22 6177 4892 19 5706 7877 36 4448 5230 12
6289 7196 30 2968 4211 8 6032 7013 20 6927 7239 27 6828 5689 34
4872 4655 18 4996 5442 24 7759 7046 32 5793 6166 23 5535 5598 21
7745 8270 29 6637 7394 20 5875 6135 23 7621 7562 25 7428 8401 35
5253 5196 17 5156 5444 31 3262 4500 12 7309 6145 33 3864 5290 21
5488 6090 19 4100 4423 17 7293 7830 34 4231 4451 23 6404 5974 26
6236 5596 15 6966 7372 35 4598 4792 13 6287 6277 26 6913 7350 28
4829 5399 15 5305 4767 23 5169 5275 18 5505 5119 19 5459 6056 29
6808 7270 36 6517 5827 20 6198 6154 25 6121 7436 25 5514 6175 25
6492 6584 17 4922 6882 32 4374 4838 24 5967 4709 22 4099 4614 18
6351 6507 29 8676 7782 40 5230 5922 13 7108 6573 21 5431 6539 17
4444 3272 10 4899 5082 24 5349 5190 24 4947 6290 19 3885 5191 25
5441 7140 24 3108 3824 5 4401 5406 36 5072 4312 13 7132 5905 25
5985 5879 29 4912 6337 22 5685 7847 24 6002 6435 30 6311 5821 15
4551 5538 25 6813 5998 21 6808 7119 39 5292 6398 21 5212 6167 18
5588 6887 29 6402 5759 28 5043 6595 24 6130 5653 25 3806 5317 19
6067 7582 42 4815 5104 10 4063 4553 13 4148 3189 8 6125 6009 21
5669 4902 21 5582 5690 22 6546 5782 18 5711 7276 28 5987 6618 26
5799 4765 23 4205 3641 13 5112 6323 28 5381 5080 15 4596 5860 28
7980 8332 30 6283 4077 15 6436 6908 23 3943 4966 9 6559 8941 36
5951 6278 20 4971 7903 28 5517 5677 17 7270 6659 33 6352 7103 24
5467 7331 29 6119 6641 35 4787 5150 30 5864 5951 20 4374 3724 15
5113 4605 27 5602 6365 17 3623 3997 3 6699 5864 28 3831 4646 14
4569 5332 30 5247 5502 21 4939 5615 20 5387 4681 13 5372 5591 17
6542 6113 25 6223 6941 33 5833 6083 25 4868 4458 18 4582 5483 10
6976 6373 22 4065 5285 20 6067 5067 25 6215 6440 28 4853 5981 20
5803 6628 24 6299 5559 22 5306 5658 21 7283 7848 34 5119 5380 22
4923 3899 17 4987 6480 34 4652 5508 19 5185 5403 13 6954 7376 31
5576 4824 22 5486 5961 23 5425 6817 23 7888 7019 30 6007 5372 13
5694 6461 33 5600 4805 32 6144 5426 15 4630 4433 16 5166 7596 23
6290 5723 16 5727 6394 25 5573 6140 12 6196 6506 31 6528 6850 26
6291 4772 22 5603 5749 33 4409 5335 20 5278 6739 28 5121 6282 26
3933 4879 19 5146 5883 30 5872 5086 21 5199 6436 34 3974 4108 13
4845 4840 16 5411 5000 16 6078 5850 24 6992 6824 36 5018 7333 24
6009 6480 20 5914 7241 32 6934 5569 22 5956 7509 26 6152 6539 25
3414 6099 23 4951 4867 15 7457 7216 25 7660 7508 37 5429 5726 17
4665 5716 28 6153 5845 17 5218 4975 24 6490 6185 25 5284 6172 27
5428 4537 19 5645 6152 23 6620 7118 31 5720 7953 22 7520 6930 27
6438 6418 27 4824 6231 30 6326 6006 30 5877 7251 27 6158 5470 17
6504 6545 29 7017 6113 20 6599 5984 24 5661 6162 34 4748 4778 17
4838 4143 16 3967 5253 21 4805 6332 25 5313 6661 29 7012 5775 26
5553 5289 24 6353 7439 37 5739 6516 21 5792 5363 18 4951 5228 30
5526 6575 35 6115 7319 27 5333 3936 20 5487 5116 26 4901 5671 23
4546 4469 11 5082 5130 15 4940 5698 26 5378 5597 24 5619 5795 23
6175 6982 32 6680 6660 26 5191 5365 21 5884 5861 27 3866 3970 19
6423 7262 27 5449 6229 14 7436 5503 36 6809 6636 23 4033 5417 22
8498 7826 39 6322 7047 30 4313 4359 16 3877 4370 9 5393 5935 20
6140 7099 33 5760 5657 27 6133 5571 24 6726 6890 24 5675 6235 30
8755 7294 31 5473 4905 18 7334 7417 24 6742 8730 25 6755 8052 26
7232 7131 32 5130 5491 19 5875 5443 19 7490 6377 24 4167 7278 16
5024 6100 31 5742 6278 25 5315 6443 19 7260 7297 29 7096 6724 20
6289 5591 23 5471 6569 19 4990 4975 19 4715 5288 18 6251 5886 26
5796 4706 17 6413 7480 35 4924 5401 28 4291 5053 19 5356 5646 20
5908 6601 33 4851 4717 19 4094 5043 24 4537 6060 22 4366 3587 16
4978 4227 24 4125 7209 31 5632 5506 17 6541 5576 27 4862 5197 11
5537 6162 13 5870 5043 25 5779 5552 19 5695 5552 22 6086 7219 33
6319 5827 13 4922 4173 14 4423 6142 24 5283 6288 29 5260 6776 22
5589 5331 22 4611 4944 17 4774 4930 10 4153 5895 29 4930 5403 22
7110 7440 28 6593 6347 26 5689 5477 17 4238 6501 35 4812 4654 10
5863 5429 23 4575 4793 20 5476 7852 38 3919 4285 16 5988 4163 24
4987 6006 21 6654 6334 28 5895 5899 25 5359 5301 27 3123 4445 23
5909 6421 20 5649 7194 35 6862 6886 29 6070 6664 22 5949 5645 14
5508 5252 25 4666 5192 25 5750 6008 33 6250 7025 28 4805 5036 26
5042 5305 18 5803 5474 26 4471 6873 34 5750 7090 25 7161 5147 25
4873 6142 25 6709 5477 27 4963 5425 16 3926 4895 17 6746 7219 37
8249 6255 27 4867 5021 27 7487 7232 32 4826 5646 22 4694 5160 21
5640 5698 23 5080 4855 18 4848 4610 17 5180 6570 31 4410 5103 24
5029 6812 24 5971 6468 29 6057 5805 23 4626 4852 16 6625 6827 29
6179 5614 23 6279 4997 25 7731 7511 27 5753 7291 21 6401 7110 30
4532 5429 16 3761 2836 9 4913 5342 24 5196 5799 23 5687 5642 31
5287 5936 29 5004 6671 25 5561 5901 24 3969 3518 18 5727 4536 23
7376 5592 25 5221 6191 19 5604 5491 21 5778 6869 37 5641 7008 25
5688 5650 25 5644 5467 23 6510 6927 27 4269 4436 21 5100 5899 20
6789 6732 27 6034 6919 26 6738 7084 29 5603 5848 18 7515 7584 26
4752 6712 26 5741 5933 19 7309 7349 24 7782 6046 28 5542 5465 26
4615 4643 21 5114 4374 16 4102 6328 27 4925 6136 27 4437 4222 20
5181 8798 37 5784 5943 21 5055 5004 21 7404 6026 31 5736 5631 21
6801 5177 23 4579 5625 10 5107 6718 28 6934 6365 33 5861 6599 23
6849 6797 18 5307 6151 24 7680 7683 31 5205 4833 22 5347 6391 19
4944 5421 25 5270 4324 22 6248 6170 37 4739 6384 19 4590 5093 19
7482 5892 29 5271 6913 29 6976 7081 22 4313 5703 26 5912 6179 21
6203 5758 36 6249 5558 23 4640 4777 21 5585 6657 21 5769 6441 23
6431 7795 27 5110 7090 23 7529 6215 22 5972 4756 25 6338 6537 30
5690 5310 22 6107 8618 34 6791 6596 28 6731 6785 29 5668 5496 18
5343 6209 18 6372 5719 25 6200 6308 32 5120 6790 21 6646 5351 21
5247 7554 27 6576 7366 30 5893 6313 17 6849 6234 17 6613 6032 28
5740 6597 30 4900 5123 20 3972 4203 22 6253 5810 27 4926 6140 23
5188 4950 29 4113 3357 6 4421 5177 18 4056 5270 20 4415 4429 27
7225 7144 30 5960 6095 29 4732 5508 17 5740 6638 25 5428 4055 23
4594 4873 12 5498 6267 17 5775 5836 26 4239 4590 30 4874 6326 19
6390 7638 32 6160 5945 24 7115 6423 17 4511 4963 8 7372 7144 27
7397 7181 32 7758 6709 31 5659 5312 21 4193 5242 19 5741 7211 29
5508 6282 25 6175 6347 22 6871 5875 23 5415 7658 26 7356 6795 32
7190 6373 33 6973 7619 38 4851 6800 22 4656 5172 22 4635 4979 22
4179 3904 20 5529 5977 29 5275 5592 25 4160 4846 18 6393 5484 14
5320 6083 21 6713 8206 33 6403 5658 31 6997 7447 34 6213 6674 26
5458 5374 27 5056 7785 23 6778 7295 32 6909 5105 21 3515 4051 16
6632 6382 19 7212 7714 25 6857 7349 24 7907 8160 23 7140 7289 29
5321 6745 39 5369 5011 11 4856 6047 15 4662 5296 14 6146 5707 25
5961 5909 15 6669 8482 29 7816 7670 32 7074 6855 25 5787 5391 20
5796 6507 25 7004 7211 31 6694 5906 27 4554 4885 28 4508 5037 22
5789 6964 31 4854 5873 17 7245 6092 27 6506 6350 28 7622 7178 28
5059 5303 15 5556 4834 22 3281 2684 7 4561 4878 13 5780 7815 34
7969 7460 24 6827 6853 38 5149 4014 17 4978 5155 13 4481 8307 29
4535 6320 17 6422 5785 25 5592 6124 17 5803 5698 27 5735 6965 37
4073 5119 13 8592 6471 29 7050 7156 27 5648 7594 31 6397 6088 21
5601 7024 19 6642 5904 13 6957 7508 29 7419 7276 29 6265 6805 35
5567 7955 21 7315 6728 22 6414 5430 25 6999 6064 27 5293 6890 28
6123 5969 24 5796 5704 15 5104 5056 25 4997 6051 24 5296 5909 28
4045 4255 19 4051 6862 30 5948 5320 18 4923 5858 12 6558 4809 19
4810 6001 31 4866 5961 14 6097 5585 16 7565 6238 20 6732 8353 33
3970 6585 24 5954 5908 21 6894 5289 24 5702 4784 18 4341 6740 37
6403 5291 14 6428 8684 44 6743 7009 22 5955 6071 28 4741 5183 17
6433 5873 28 5953 6616 32 6621 9637 37 6597 4816 14 5428 4912 19
6539 5962 11 5869 6887 16 5492 5592 22 6733 6657 30 7208 6820 30
4943 3856 18 4231 4113 14 5488 8025 39 6252 6952 24 5162 6460 21
7063 6507 26 4418 4656 19 4591 4935 22 4701 4722 21 5739 7008 29
5143 6609 25 5922 4963 14 4990 5127 29 6738 6831 31 5377 4834 24
5160 5353 27 3581 4326 14 5035 4949 29 5820 5097 17 5314 7127 23
6566 5579 29 5717 7326 27 5688 6723 21 5388 5069 19 6369 5338 34
6880 7271 18 4977 5580 20 7965 8775 19 8838 9252 39 7486 6715 18
4589 4825 22 5769 4386 19 6602 6813 27 5956 6626 27 5868 6549 22
4169 4860 12 5441 5958 23 5355 6534 31 6285 6279 29 6511 5765 20
4301 4651 16 5043 5400 25 6906 6223 28 4824 6444 20 5501 5747 22
6496 7107 21 4262 5778 26 4443 4626 19 6405 5490 26 6415 5990 27
4883 6247 27 6739 7894 34 5895 4975 23 5189 6449 21 7339 5233 24
4805 6093 20 6654 5848 24 4900 5776 29 5971 6931 19 4650 4501 12
6533 8221 26 4891 5986 20 9652 8510 39 6655 6845 29 4958 4984 14
5029 6809 26 7624 5765 31 5749 7271 28 5609 5213 16 6281 6699 31
5939 6846 22 9238 7502 33 7783 7930 25 5935 6536 16 5967 6476 27
5911 7170 37 8865 8071 30 5082 6657 24 5014 5042 12 6654 6012 19
6366 6682 30 4147 5802 30 5499 6561 15 5030 3681 12 5385 5541 25
6219 7854 20 5901 5723 16 7353 7495 22 6391 6640 33 5799 6429 20
3965 5143 14 7097 6190 30 4768 4783 12 5410 4275 13 5753 7638 37
5143 6389 21 5890 6472 23 7215 6407 22 7055 6124 28 4514 5380 26
6846 6261 22 6147 7688 34 6277 5854 33 5292 5715 14 4627 5385 24
5085 4926 23 5954 5567 17 5599 5032 17 5108 7518 38 5997 6135 21
6495 5428 26 4768 7009 22 5296 4693 17 7355 6680 24 6585 7222 33
7033 8336 36 6315 6182 25 5065 6182 13 8003 6197 23 4966 5155 19
3690 5881 30 3533 4340 14 6098 6279 28 6361 4871 21 5052 5015 29
5383 5688 25 5624 6734 28 4879 4384 18 5243 6370 34 5177 4575 14
5940 5390 35 3656 4428 14 5053 4866 21 4448 5402 26 4563 5248 11
4881 5635 20 5810 5524 28 6498 6543 22 4746 6127 23 6469 6245 14
4861 5830 21 4902 3626 19 5188 5433 22 4542 5034 26 4791 5611 29
6018 5434 16 6298 6654 38 4444 5348 20 5051 5777 21 5169 6092 26
5413 6321 23 4907 4400 17 5497 6432 30 5944 5765 25 5486 5746 26
5936 5892 16 6310 7919 33 7028 5672 21 5530 5928 23 5447 5961 13
5705 5676 21 6681 7641 40 5289 5282 16 4540 5161 12 6168 5760 25
4292 5123 9 6044 5680 20 4705 6040 34 4514 5868 22 5465 4560 22
6129 8441 44 5439 6494 21 5322 4963 15 4982 4671 14 5834 5331 17
4754 5050 15 4888 6247 22 5895 5431 31 4804 4675 15 3677 3929 13
5849 6571 33 3763 6569 21 5425 4114 19 6189 5901 18 5199 5357 22
5745 5962 21 4475 4563 25 6055 6376 22 5885 7042 34 4139 5324 23
6318 7617 19 8010 6929 28 5873 5192 18 5990 6430 24 5726 7406 36
5527 5684 17 4987 6689 24 4148 3289 14 5435 4951 24 6629 7420 32
6155 6262 28 4907 5475 25 4931 5483 30 4481 4298 12 4348 4577 15
3936 5547 11 5616 5739 23 6630 4383 17 5233 6594 21 6743 7350 35
6558 6215 22 5260 6675 32 3708 3444 11 4557 6168 29 5826 5080 24
6827 7958 30 5593 6747 24 8155 6496 33 6973 6895 18 5380 6760 21
6884 6389 20 6264 8302 25 5862 6163 33 5960 5118 18 5856 5587 29
6524 7238 26 8848 7520 35 4643 3383 19 5676 7407 27 4866 6422 27
5503 7063 18 6188 6343 26 7020 6596 28 8047 7709 37 5462 5860 24
7181 6322 33 6688 7721 23 5031 5290 17 5761 6902 28 6874 6487 19
5754 6376 25 6072 6342 24 5274 5387 19 6359 6068 24 5007 6074 29
7059 5859 23 5178 6833 20 6773 5392 31 6355 6764 33 5765 5704 19
5345 5876 23 5107 5658 10 5994 5205 15 4867 5200 22 5726 7479 39
7404 5908 27 6621 7249 17 5885 5434 20 6890 6611 27 5504 7630 26
6394 7985 33 4407 4303 17 4859 4595 18 5484 6169 26 5796 6035 18
4533 5075 16 6069 5394 35 5679 7067 30 4322 4870 17 4719 4244 23
5859 6462 25 5023 6256 28 4613 4454 16 4779 6029 33 4307 4359 19
4777 4637 16 5976 6315 18 6199 6906 30 7889 6431 34 3798 4190 12
5773 6887 17 5823 5273 20 4464 4660 20 6541 5541 21 6478 8828 41
6121 5330 24 6255 7767 26 6755 7339 27 7762 6823 38 5357 5963 22
5175 6284 25 5490 6112 26 7117 6377 28 4548 4938 23 6278 6805 33
4583 4060 6 6331 5619 28 5572 5944 10 7544 9253 36 6833 6355 23
4523 6292 39 4701 3726 12 4743 5425 19 5695 6044 27 4051 5193 14
5296 5213 15 6182 7057 18 4799 6397 23 6990 6672 28 6684 5193 23
7948 4700 24 3454 5562 19 4404 5405 25 6600 5823 25 3890 5900 20
5479 4982 20 8732 7931 30 7692 7981 32 6668 7764 21 5959 6384 24
8295 7408 21 6410 5567 12 5846 6409 21 5298 7310 36 6897 7894 28
8182 7627 35 7038 6293 33 5681 6352 30 5134 4879 15 5041 6197 17
5225 6338 29 5918 6280 17 4729 3736 21 6213 7415 26 4538 3943 17
6294 7358 21 5657 5260 28 7908 6877 27 6089 7015 25 5753 7522 33
4896 5743 15 6730 5795 17 5466 5064 9 5452 6630 23 6009 6668 31
3491 4312 12 6374 5392 29 3419 4378 14 4445 4212 15 4705 6442 30
5329 4968 19 6588 5915 22 6136 5716 33 5328 4843 15 5644 6939 30
5669 4805 23 5385 4861 22 3445 4445 9 6091 6619 22 5336 7007 35
4982 7186 28 7550 5568 32 6583 6230 32 4230 5676 23 4077 4127 13
5355 5489 23 7825 7683 28 5809 7146 27 7665 5695 22 6799 8489 32
5551 6928 45 5320 4471 15 5125 6346 17 5837 5627 18 4341 4063 9
6966 7226 30 5835 5835 29 7021 7337 29 6704 5949 14 4520 5831 20
5886 7723 32 6880 5395 20 6390 5630 13 6145 6763 17 4614 6134 30
5099 5596 21 6463 5567 27 5505 5798 31 4743 5170 22 5714 6212 27
6094 4423 18 6438 6781 36 5373 6993 17 5675 6760 34 4790 6159 21
4621 5649 22 5419 6488 28 7193 7394 27 5579 5190 23 4718 5563 16
7764 6749 32 6583 7127 15 5571 6167 21 5023 5491 32 4442 5762 18
5330 5650 25 4741 5753 6 4710 5517 24 6518 6637 21 5525 5289 29
6333 5901 28 6805 6535 17 5882 7385 41 5016 5403 16 5175 5824 21
5651 7380 28 6352 5094 22 7130 5700 24 4785 6332 26 4688 5696 17
4590 5035 13 6342 6568 23 6158 5701 26 6190 6584 17 7153 6922 35
6134 7769 36 6814 8406 27 6392 5169 20 5483 5290 19 5223 4967 21
6261 7416 22 5806 6482 27 5209 5480 23 6692 5546 26 4680 4111 18
4814 6739 31 5252 6611 27 6393 6101 22 6790 7212 25 6943 5497 30
6383 5991 24 5733 6916 32 6363 5241 18 5494 6769 22 4766 5582 19
5838 6890 31 5411 5065 25 5677 5844 32 4971 6616 21 5750 5634 18
8116 7278 23 6657 7244 37 6382 7098 23 6648 6223 19 6589 7782 27
5135 3576 14 4613 4622 9 6361 6309 27 6599 6080 21 5773 7962 34
5846 5310 15 4846 5090 19 5298 5893 24 6213 6418 26 5503 6286 25
4980 5947 22 6530 6251 21 5350 6549 32 4722 3896 20 5905 5969 26
5667 7073 31 5373 4762 26 5270 6444 22 6125 4623 21 5568 5481 25
5141 5790 23 5420 6079 28 6611 5955 28 6044 6755 28 5854 5146 18
6287 7022 27 5736 6437 20 6700 6435 24 5520 4758 17 6922 7134 24
5063 7567 35 6703 6982 22 6292 4158 12 8232 6894 24 5699 7188 22
7704 6642 26 4202 7250 34 7219 7613 29 5914 5950 11 6720 6246 22
4667 4870 19 5547 5910 28 5656 6373 15 4976 6336 27 7372 6218 29
7079 7342 18 7489 6409 25 6899 7778 27 7373 7892 38 5354 6621 18
4732 4986 16 5130 6713 23 4169 3205 9 5906 4226 23 5419 7143 36
5861 5360 17 7137 8840 41 7334 6688 25 6842 6371 25 5418 4792 11
6153 7096 27 5909 3856 18 4548 6050 28 4272 4510 16 8373 9168 36
6158 5708 22 4944 5181 18 5126 7034 29 6977 6508 18 7676 7922 33
5726 4881 14 3853 5767 25 5964 5916 18 5327 6589 29 6773 6359 31
4579 5793 22 5894 7010 33 5839 6487 24 7058 5581 22 5757 5532 22
5659 5763 21 5970 6380 23 7961 6863 34 6591 7687 29 6989 8468 25
7130 5753 16 5295 7654 24 5152 5455 8 6175 6351 28 6598 6489 28
5723 6118 30 4678 6676 20 7586 6985 23 6329 6231 24 4829 4020 18
6508 7371 27 6325 6357 34 5510 5954 21 5449 5492 23 6864 5901 25
5043 5641 17 6731 6378 18 5503 6160 19 7996 8272 31 5360 6977 31
5905 6072 17 6023 5868 30 5714 6998 26 6280 6701 17 6696 6799 30
5482 5174 25 4913 7625 36 5074 4354 14 5288 4245 27 3765 3948 18
5819 5273 23 5719 7339 35 5867 5575 27 4549 4838 9 4275 4045 23
4294 6097 36 5234 4612 15 4837 5114 23 6036 6195 18 6037 6714 18
4812 6902 19 4713 7112 20 7842 6519 34 5937 5794 25 7107 6119 19
4320 6667 23 5837 6049 28 7759 5659 23 5039 4713 13 7143 5625 31
5437 5998 25 7103 7147 27 7089 8225 30 6849 8025 40 5416 5290 21
4973 6103 21 6278 4058 21 5709 6101 28 5580 6599 25 4955 5637 22
5868 6067 22 6119 6433 30 5977 4909 23 5252 5007 16 5436 7453 31
7224 7498 31 4784 5993 14 6092 5945 26 5050 6486 35 6829 6858 25
6556 8840 30 7223 6056 23 7167 6989 23 6285 7918 28 5588 5451 24
5853 7007 27 5818 5724 18 5932 7290 24 6107 6246 26 7165 6586 35
6869 5934 33 5791 5950 18 4365 5260 26 5875 7194 22 5505 5369 11
5996 7752 30 4377 3078 12 5078 5029 11 6004 5498 15 6437 6352 29
5353 5479 23 5244 3199 13 6215 7464 44 4976 5480 10 4425 4841 26
5097 4853 20 7035 6791 27 4708 6206 19 6002 6397 29 5845 4585 16
6083 7058 22 7564 6820 31 5052 5328 22 5587 5556 12 5633 6779 35
4695 7213 34 7028 6449 26 6012 5189 26 6733 7187 31 4869 4142 16
5829 5600 20 7327 7160 24 6780 5763 27 6419 7175 31 6122 7341 30
3171 4351 12 6077 6818 31 7147 7349 30 6375 5316 22 5721 5384 20
4565 5893 24 6049 8171 39 4530 4637 14 5675 4786 16 4625 5026 15
6019 8007 36 5274 7159 29 5471 5294 17 6294 4375 19 5367 5320 22
4472 5308 16 5769 5696 17 4771 5267 14 5168 5710 22 5717 6415 35
7001 5741 20 7337 6205 26 4642 6643 24 6179 6337 23 4948 7779 29
6066 6948 28 5176 4961 13 5736 6059 19 6712 8021 31 6894 5356 31
6214 6367 17 7941 7048 28 8527 8753 33 6064 7479 25 6445 6408 26
5459 5864 25 6871 7064 20 5738 6925 31 7139 7094 32 4709 4680 15
5769 4548 14 6321 6978 23 6650 6677 29 4398 4777 12 5962 6204 22
7300 7687 41 6872 6762 21 6095 5812 14 5816 6956 21 7364 7877 28
8202 6556 23 5969 7084 25 5389 5754 23 8254 8601 30 6489 6270 32
7246 5691 20 7634 8721 29 5696 5609 22 7142 7184 29 6379 7762 30
6164 5442 19 6288 7310 36 4897 5320 21 4788 5924 24 5352 5355 24
6881 6469 28 6522 6370 21 5024 5648 21 6375 6988 26 5748 5617 20
8169 8429 33 6474 6579 20 7380 7336 25 7282 7549 30 6203 6764 30
5719 6074 24 6233 6229 24 5502 5908 16 4884 7540 28 6429 5778 27
5471 5285 21 5759 5309 26 5234 6243 18 5191 5696 28 4286 4967 18
4121 5665 14 8539 9146 37 7480 6991 25 6756 6762 22 6321 6183 25
5860 7356 28 6117 7277 24 4507 5665 18 6454 5512 20 7362 6161 26
5407 5094 23 5069 5342 25 4754 3981 14 4265 5558 28 7011 5765 28
5120 4517 21 5794 7693 33 6252 5256 24 4629 5426 22 5879 4712 21
6365 7282 32 6922 5857 22 5647 5268 15 5969 7062 26 6301 7539 28
5707 5733 13 5206 6665 23 7092 6751 24 7463 6499 25 6096 6707 22
5677 8023 24 6405 5990 15 3878 5839 22 5804 6060 32 6592 4822 22
6230 5933 21 6019 6092 21 6029 6259 39 5239 6509 23 5139 6239 21
6436 5485 25 5153 6997 28 5356 4963 17 6650 7651 28 7029 5503 25
5147 5832 13 6464 5505 31 4582 6006 30 5008 5058 13 5887 7171 30
5676 5687 13 6146 7293 32 5790 6497 17 3682 3749 14 7610 6554 27
6346 7539 33 6041 5644 33 3986 4976 22 5818 5388 12 6609 6554 21
5758 4943 20 7567 6768 29 6335 6275 19 4478 5412 23 4254 7334 32
7406 7822 29 8102 8125 38 5686 7230 16 5607 6469 19 5304 5300 21
4723 6330 17 4863 3959 11 5521 5497 25 7013 7516 27 4941 4678 13
6861 7522 22 4252 4529 13 5549 5043 23 6310 5543 19 6961 7733 33
4982 4866 15 8143 6253 24 6991 7089 32 5867 5347 13 4561 7393 24
5636 5672 16 4933 6233 30 4769 4021 12 4022 4307 13 5950 6294 29
5716 4749 26 8079 6025 19 5514 7371 24 5615 7449 21 6605 7506 29
5498 7443 28 5745 5007 25 6771 6654 31 5630 6027 29 4784 4277 14
5066 6224 21 5447 6061 24 6161 5003 19 4446 5915 31 4886 4489 19
7087 6773 26 5937 7094 22 6017 7441 46 5408 5099 12 6061 6780 19
5264 4602 21 4535 4566 19 6450 5283 18 4691 5978 30 6347 7344 35
4667 5316 24 7713 6827 30 5376 6161 16 4661 5468 23 5613 6896 24
5256 5154 22 5504 5346 25 6682 6892 29 6720 8005 33 4975 4255 22
4987 4996 20 6045 6850 32 6244 5819 19 4986 5292 19 6001 6113 27
6114 6740 27 6594 6506 29 5976 5120 19 5760 6238 23 4842 5239 20
5190 5440 28 4758 6908 23 6750 5418 23 6441 5702 24 5635 6697 31
4886 5787 23 8293 7227 31 5935 8011 24 4899 6621 25 8017 6559 28
8180 8464 28 4470 5635 29 6635 6685 28 6891 7710 29 5334 3697 21
6224 6086 26 5146 7713 27 6846 7358 22 5012 4753 20 6925 7046 28
6197 5641 21 5843 4589 24 4661 6376 20 8309 7277 39 4387 5905 19
5277 5014 22 5840 7906 27 4790 5428 28 4475 4958 20 5568 3741 15
5474 4782 18 6241 6695 26 5908 4590 24 6193 7276 32 4869 6482 29
4469 4536 24 5426 5473 22 7059 7205 27 4962 6916 35 5493 5751 23
7600 8098 39 5721 3953 25 4932 5478 20 4685 4919 22 4498 5451 15
7484 6097 28 6893 6405 21 5004 6099 18 6643 6613 28 7947 8376 32
7965 6476 35 5140 5440 16 6038 6796 25 4544 5166 20 6715 5292 19
8289 8825 38 9165 7049 24 6143 8385 23 7121 7260 23 5501 5902 15
3736 6254 36 4859 5419 9 6082 6039 27 4933 4083 13 4913 4708 23
5017 4689 12 4876 5501 15 5338 5418 26 5658 5512 21 5264 6143 22
5765 5038 22 5532 5722 23 3385 6399 30 6027 6092 24 5891 5317 18
7073 6777 29 5124 5800 23 5438 5190 27 4258 4173 21 6249 6238 23
5285 7643 34 4624 4509 17 6281 5365 24 5809 6118 19 4827 4055 16
5635 5000 12 4807 6025 28 5906 7309 38 5221 3243 17 5139 5951 22
6879 6560 23 5338 6406 24 6390 7759 34 7469 6902 24 6518 5557 21
5459 6881 27 7325 6515 24 4501 4111 14 4696 6267 35 4677 5472 24
4140 5254 20 5717 5830 22 4685 5233 18 6426 6618 20 6924 6636 28
6901 9017 37 6859 6493 22 5786 4722 20 3685 5027 12 5019 5544 23
5095 4355 21 5562 5705 27 4317 6299 29 6413 6799 32 3674 4435 11
7056 6753 35 5534 7718 30 8144 7494 34 5791 6015 26 5754 4344 15
5894 6681 22 5682 5978 24 7441 7169 32 5560 8263 25 6523 5812 14
6037 6291 20 6306 5525 19 7173 5989 25 6226 5895 28 5173 6774 30
5833 6257 20 7199 7942 33 7761 8015 22 7194 5866 25 5751 6993 25
5657 6300 28 5982 6032 23 5336 6749 25 5917 5661 13 6712 7037 29
5792 5360 16 5834 7457 27 5922 5477 18 5744 6855 33 4974 5439 23
6418 7073 23 6038 5087 22 4936 5683 12 7630 6180 37 4860 6425 21
5329 5815 23 7344 7167 38 5153 6579 22 6623 5961 24 5079 5116 19
5157 7327 24 6759 5792 23 5979 5790 20 5792 5372 30 6260 7037 28
6049 5492 17 7313 6231 28 7847 9402 34 5236 6180 25 6279 5704 21
6329 5321 17 5167 7629 36 4930 4880 14 5175 4299 17 5435 6911 27
5934 7625 29 5400 4972 15 5755 6660 28 6767 5873 23 7353 7882 32
4927 6087 18 6093 5555 18 5646 7395 35 5814 6316 21 8499 7619 32
6039 4986 17 3879 4660 16 4358 5535 9 6467 6444 31 6127 6402 27
4503 4768 15 5050 6526 19 6042 5640 20 6631 5957 24 6141 6203 32
4548 5837 18 5219 6529 32 5101 6308 26 6830 6942 32 5477 5198 20
4445 5841 19 5680 6198 25 7431 5566 27 5782 5453 23 4432 4973 23
5908 5150 26 6105 7826 22 4990 5366 20 7375 6065 29 5557 6618 35
5542 6060 20 5852 7335 28 5128 5287 17 5111 5488 37 5490 6631 26
6624 7311 24 5362 5394 21 5886 5390 20 6235 5568 37 5952 7603 21
6554 6372 27 5275 4622 20 5806 6487 19 5715 5769 22 5405 7721 34
6335 6262 25 3202 5897 31 5768 6249 26 6683 5654 20 5991 5160 19
5109 4733 15 7634 7534 31 5593 6687 27 5151 4765 20 5227 6283 31
5573 4673 15 6200 6369 18 6320 6744 29 5676 5981 13 7684 8682 40
6084 6421 33 6618 6514 25 5276 7151 22 6162 6633 26 4642 4546 14
6172 5559 25 6583 6228 25 4544 5907 22 4961 6268 24 5542 5102 26
5087 5190 19 4700 5953 15 5063 6551 29 5437 4951 23 6363 6459 27
6283 6420 22 5332 4988 14 4728 4120 12 4982 6096 23 4657 6481 32
4570 4746 16 4889 5608 28 8172 8360 34 8118 7438 32 3562 4912 15
4680 5914 23 6660 6434 22 6087 7404 32 7902 7154 24 6698 6154 19
4731 4179 9 5382 5513 20 4229 5846 25 8000 6183 30 5318 6399 31
5916 6543 18 6592 7071 31 6564 7165 38 7027 7182 24 5344 5044 15
6027 6393 28 6867 6449 23 5693 6784 28 4739 4853 23 4417 5970 17
6805 7633 23 6504 6505 19 6101 5879 19 7599 8214 31 7283 5622 26
6216 7390 19 6370 7066 26 5514 4871 21 5123 4934 15 7045 6878 32
8031 7251 29 4476 5777 25 6226 7177 24 5747 4414 17 6227 6522 27
5407 4703 19 6435 7085 31 5926 6470 18 6025 5894 25 5372 6114 27
4775 5646 18 6911 8026 22 5378 6344 28 5920 4978 18 4142 3761 23
4930 5740 15 7058 7112 30 5517 5335 18 5413 5448 21 4496 5418 24
5953 6680 21 5887 4926 20 7941 6840 25 5635 5565 22 4414 6088 33
6018 7092 34 5617 5731 30 7953 6880 26 4621 5896 21 4669 4417 17
4165 4376 6 3955 3515 13 5943 6945 37 6204 7362 33 5113 4165 20
6129 7049 21 6360 5662 15 6568 6518 21 7236 7269 37 6123 6314 28
5662 5485 29 4854 4899 23 7029 7523 31 6540 7101 28 5607 5281 20
5025 5973 30 4707 6164 17 4758 3745 16 3441 3610 15 5799 5189 21
5996 7821 24 5576 7229 38 5793 5963 17 5316 5136 11 8007 6895 35
5757 5773 29 6216 5974 20 5656 6500 30 5689 5957 20 5350 6664 33
6989 7957 25 6081 6993 22 7340 8646 40 5824 5772 18 6439 5294 19
6125 5868 19 4911 6671 16 6085 7214 32 6069 5175 21 7151 5727 24
6513 5345 21 7432 8195 33 6868 6492 23 6922 7399 34 4507 4752 11
6205 6114 26 5404 7381 26 8714 7261 31 6235 5495 18 5095 7062 32
6623 7023 30 6182 6888 27 5652 6470 19 6900 6356 26 7027 6217 18
5378 5928 19 6591 7571 23 6755 7363 24 7934 7654 33 5744 5315 22
5963 6189 27 5906 3705 24 5541 6680 23 5341 6491 23 4240 5156 17
5135 5727 21 8039 6891 28 5798 6588 37 6885 8179 31 6248 6238 20
7630 7159 24 6826 6587 28 6473 7735 23 4941 6308 20 7130 7161 27
7897 7030 28 5253 3414 18 5047 6874 19 5453 5096 25 5241 7479 30
5010 5553 12 7031 6881 25 4849 3183 10 6397 7376 37 7970 8319 23
5023 5542 16 6292 7242 42 4863 4449 22 5661 4961 18 3717 4366 16
6865 7172 29 7516 7547 27 6069 7881 27 6633 6729 23 4770 3626 13
6423 6461 30 6240 6738 25 5520 5233 19 6953 8470 19 6518 6352 27
5245 6000 26 4635 5685 22 5206 5515 30 5374 5660 17 6380 5663 27
6187 7115 23 7150 5688 28 6305 4822 18 5743 6154 17 6014 7629 29
5597 6690 32 6143 5109 30 5286 4627 20 5302 6494 26 4993 5488 19
5319 5761 21 5785 6655 19 7205 6919 28 6621 5912 30 6090 6908 33
5290 5838 31 5405 5082 22 6918 6707 25 5224 5559 18 4662 6482 29
5133 4753 14 5315 4565 15 4805 6138 30 5009 4161 12 5127 6468 28
5976 6376 31 4205 4781 14 5182 5213 14 5046 5110 12 6518 5272 26
5903 6435 34 6071 6139 32 5163 5835 14 7209 6934 21 5680 6594 21
5139 6377 29 4320 5642 13 6412 4701 19 5326 5617 32 5649 6020 26
4896 6039 20 6876 8545 30 6707 7317 29 4964 4736 18 7155 6673 29
4088 5420 20 4175 4223 27 5416 5104 24 4451 5914 11 5568 5088 20
6340 6169 24 4231 5221 24 6314 5080 28 6279 6851 33 3186 4844 12
6774 6364 31 5584 6934 22 5021 5574 13 5868 6016 35 3802 3265 9
4739 6524 14 6905 5634 30 5623 5234 20 5250 6869 32 5855 5400 14
5319 6677 27 6907 7680 29 6738 6364 24 7454 5665 23 6028 6484 23
4908 4722 15 6795 6689 32 8496 8971 40 6021 6355 21 6152 5989 22
5401 5518 25 6515 4907 19 5122 4767 13 6738 6823 32 6643 8311 37
6472 5273 27 3941 5836 25 5689 5774 26 5265 7864 18 5969 5149 18
6679 6547 27 7193 5999 24 5713 6270 27 6042 4996 24 5271 6137 18
6321 6629 21 5902 6216 22 5171 6509 38 7221 7588 31 6173 5541 24
5738 4839 20 4245 4196 13 4923 5706 17 5616 7745 37 3492 3302 13
4444 4216 7 5878 5362 15 5624 6340 22 6994 7485 24 6868 7985 42
5594 6968 20 5041 5001 15 6425 4934 27 6675 7486 33 6493 6116 21
5998 5797 19 6921 7330 32 5004 6440 23 6778 6757 24 7435 7509 21
5284 5983 17 6096 6325 28 5396 6009 19 6974 6451 34 5157 5296 18
4661 4101 13 4470 5421 27 5927 7011 27 7262 6953 32 6832 6196 20
6641 6376 22 7315 6646 18 6739 5795 29 5046 7251 26 5095 5422 29
4210 5629 14 4862 4029 18 5474 5964 30 3466 4275 11 5501 4808 16
5817 7203 29 5509 6016 20 7901 5061 18 4670 6126 21 5087 5924 22
6317 5550 26 5876 7022 22 6549 7354 32 4951 5535 26 6239 5486 28
6416 7017 26 5878 6879 18 5566 6687 25 6928 6464 27 6377 6249 33
4606 5061 19 7640 6243 27 6157 5630 26 5175 5623 23 5097 6353 31
6053 6884 22 4946 6913 25 6507 5788 21 5589 5237 14 5253 5531 25
4878 7033 22 6524 5063 15 5650 6593 28 7011 6124 25 6568 6278 30
5144 5359 20 5746 6872 23 5472 7408 36 7832 7023 33 6568 5386 19
3183 3687 11 7856 7962 32 3860 6177 27 5418 5017 17 8498 6736 35
3945 7457 37 7406 5258 22 4027 4925 15 6112 5962 27 4629 5554 14
5920 5991 29 5932 5417 20 6852 6094 31 5824 6041 19 6080 5814 26
5367 4601 19 5879 4636 20 7666 6384 30 5357 5979 24 5879 8088 32
5204 5056 9 6373 5742 26 4712 5464 21 6317 6668 32 4229 4786 10
4143 3795 17 6216 7527 33 4430 6181 25 5956 5997 34 4583 4254 16
6056 5987 12 4935 5165 27 5009 6084 22 4848 6271 34 4122 5124 19
6427 6073 20 5085 5314 22 5560 6477 28 7454 6248 29 5849 5948 25
5768 6288 28 4917 4834 17 5385 5397 15 4922 6325 28 4648 4952 17
6608 7896 32 4497 5388 25 5802 4060 11 7059 6106 37 4326 6534 25
6554 7128 19 6390 5554 25 5138 6224 25 4976 4806 24 6514 6038 21
3720 5710 26 6597 6387 26 6106 6715 29 6006 4414 17 3868 5200 17
4926 5428 22 5566 5057 17 6296 6643 31 5133 4749 20 4971 5157 22
6280 5561 26 6373 5766 19 6451 6057 26 6456 7427 30 6587 7947 25
5253 5700 32 6837 5568 20 5047 5276 23 4776 5824 16 4270 5698 25
6108 7476 39 5252 5126 25 5702 6080 19 4310 4830 14 6257 5918 20
5723 5430 30 4595 4967 9 5248 5507 22 6774 6654 35 3935 5473 18
4575 6177 21 7114 6580 24 5628 5970 27 5290 5494 19 7025 5731 20
3850 5134 16 4710 5234 31 5769 6208 29 4268 5053 23 5861 4106 21
5397 6758 17 8383 8368 39 5769 5309 21 6358 6454 15 4960 5072 16
4764 5969 21 6765 6176 27 7438 7624 32 5507 6212 25 5904 5403 23
5544 5964 21 5005 5403 22 5182 5605 28 6410 6396 27 5836 5170 28
3927 4919 17 6072 5698 32 4898 5256 27 4541 4768 8 5146 4918 20
5012 5508 17 6449 7367 29 4862 6359 28 3923 5332 18 8607 6042 35
6583 5746 18 4378 6014 19 5150 6013 34 4809 4922 11 5991 5764 32
4913 5335 16 6249 5869 23 5581 5090 10 5944 6935 35 5681 5338 21
7490 5699 27 5698 6510 18 6219 6400 27 5544 6534 28 4247 5476 24
7713 6660 27 6420 8762 37 4597 3984 19 4714 6984 30 4877 4477 23
5401 5232 18 4732 6545 20 4797 7298 31 6627 4573 31 6128 5479 19
5645 4778 17 5847 6454 33 6985 5890 28 5093 6220 22 5162 6743 23
4826 5983 21 6107 5726 24 4774 4396 18 5109 5759 18 5282 5355 33
4085 3840 16 5412 4366 19 6934 7480 36 5414 7112 20 5415 5049 18
5044 5841 24 6002 5099 16 6043 7377 30 4664 5207 13 6974 6338 40
4714 5588 25 5101 4783 10 6502 5937 23 5414 7500 31 6259 5751 22
4195 4348 7 6990 7652 35 5465 6445 31 4427 5438 28 6823 4981 19
7468 6565 28 5576 7591 21 5254 5354 28 6095 5463 20 5719 5099 24
6755 8044 29 6342 7404 31 4549 4093 10 5951 5737 28 6340 5873 18
3960 5272 18 6588 4482 13 5601 5912 24 5749 6562 28 5692 7080 31
5629 4939 19 4970 5716 25 5527 6249 21 6200 6934 25 6572 7527 32
5523 5027 16 6779 7296 25 5221 4262 10 3857 4716 13 7063 7154 33
7587 7041 38 5802 6723 30 5621 5465 14 6517 7363 23 5249 6008 15
5450 4633 21 7235 5256 20 5448 6950 30 4259 6245 22 5750 6197 30
6887 6225 21 6677 7618 26 6765 7840 30 6749 7576 28 4802 5188 26
6244 7294 30 5947 5711 15 5526 7340 33 6660 5617 21 4719 5147 14
6302 5811 30 6021 7089 32 6518 7350 28 5094 5694 19 5578 5328 13
5705 5088 19 6070 5753 23 8217 7744 25 5554 5848 32 4863 5569 20
6570 6853 29 6935 8318 41 6619 6338 21 5332 5428 17 5993 5218 23
6353 5536 21 4819 6160 29 5211 4777 18 4373 5178 13 4148 5061 32
6571 6854 24 3840 5275 27 6364 5190 24 5873 4555 12 4599 6623 26
5060 5813 17 5454 6318 20 6277 5826 27 6823 4671 21 6058 7520 34
6166 6828 31 4612 5890 16 7572 8307 32 5844 4791 19 6907 6457 25
3620 4285 19 5029 6201 18 6320 5630 30 4728 5680 12 6782 6697 32
8651 7716 29 5289 6233 25 7119 6791 22 5270 6075 22 6034 6492 27
6840 7662 19 5232 5335 23 6679 5573 11 6785 7767 32 6095 7449 27
6385 6620 33 5773 4701 22 5077 4512 14 5748 5644 16 3413 4663 16
6782 5677 22 3612 4429 20 4729 6742 26 5409 4895 19 5386 5615 34
4305 4567 9 5295 5004 15 6055 5403 29 4008 5020 12 6400 6368 33
5291 6062 21 4841 5095 26 5314 6172 33 4457 4695 16 5369 4974 19
5636 6547 23 7404 6092 32 6214 6914 26 4693 4869 22 6133 7651 36
5521 6490 31 6933 6688 26 5256 6415 24 7170 7707 28 5782 5766 18
5238 5739 15 4706 4889 19 5449 4668 14 5196 4728 4 5279 6835 34
6467 7191 22 6193 6082 20 6480 7380 33 6909 6238 23 6296 6281 23
8485 7779 36 8070 8022 28 7618 7169 28 4017 5084 14 6480 7339 23
4554 4385 19 4742 5772 17 6844 6567 30 4373 5849 12 5522 5044 27
6044 6343 22 5770 5260 21 4450 5290 17 5785 6196 21 5379 6987 35
5993 5371 26 6476 6113 14 7462 8492 37 5966 6215 32 3870 4323 13
4430 5870 26 6685 6273 25 4856 4846 22 5967 6851 22 4279 4532 13
5342 7131 28 7737 6893 25 5076 5075 27 6259 6440 21 4088 4729 26
6156 5441 21 7343 6976 23 6735 7887 17 6412 5760 20 6739 7101 26
5651 5441 30 6074 7351 26 4847 4170 17 4505 5390 22 6710 6947 28
6509 6115 23 6189 6278 18 6629 7026 17 7719 7428 28 5796 8150 31
5958 5885 18 5260 6538 20 5587 5177 20 7414 7219 26 7371 8839 42
6862 5497 31 4251 4533 13 5899 7114 28 6226 6608 24 5279 5741 16
5534 6462 16 6638 7075 37 3865 3964 9 3525 3399 6 6504 7119 32
5622 8035 34 5308 5199 19 5317 6758 18 7176 4854 22 6102 6544 28
5356 6087 37 6663 5500 25 4680 6468 27 4328 4813 13 5433 4587 22
5247 6166 24 5499 5388 13 5212 5004 20 4551 4849 13 6002 5074 31
4853 5652 22 5736 5049 27 4367 4405 14 4493 4113 18 5514 6931 31
6167 6163 28 5187 5779 25 6444 5563 22 3826 5727 25 7218 6786 32
5458 4289 21 4162 5389 20 6542 5155 29 3971 5045 20 5013 5973 28
5454 5591 22 4733 5690 21 6386 6441 29 7231 6186 32 4813 5460 24
4672 4689 19 7421 7283 35 7838 7014 34 5610 6638 23 4832 5762 14
5722 7440 28 4613 5316 18 7196 6148 25 5813 5301 16 5462 5320 30
7590 7092 27 4888 5635 20 5775 6912 18 7692 7283 25 5983 6739 25
5040 5538 21 7314 5928 27 4929 6021 24 7875 7483 34 4964 6281 22
6241 6252 21 7480 7076 31 5948 5166 24 5241 6163 20 3953 5698 25
4721 4927 14 7234 5656 24 5549 5440 31 5512 7877 32 5162 4972 23
5036 6154 21 8178 6002 29 6332 5713 27 5415 5631 24 4871 7194 26
5858 5469 19 4525 4924 18 5590 5924 21 7098 7501 36 5180 5497 20
5709 7379 23 4931 6445 25 7375 6739 26 6172 6655 27 4762 5405 22
6167 5355 23 4060 4954 15 5238 6614 34 5370 6045 27 3540 3852 14
6148 4933 23 7427 6331 32 6377 7217 27 4713 4765 16 6262 6790 23
5884 6214 16 5336 5752 19 5542 7057 31 6390 6065 33 4965 6322 30
6423 6386 25 4499 5276 18 7311 6737 27 7399 6913 29 5451 5287 21
4191 4546 14 4078 3929 13 5433 6263 23 4563 3870 11 4021 6876 37
6004 6571 21 7307 6360 29 5640 7412 30 5947 5049 32 4061 3905 9
6711 7082 38 6371 6498 20 6055 6271 22 5607 5381 17 6303 8050 24
5200 4545 19 5358 6790 24 4032 3605 14 5611 6498 21 4688 6409 34
4059 5458 23 6636 5939 34 3608 4625 14 6064 5311 25 4325 5024 18
5600 5634 12 7723 6293 31 6803 7909 25 7308 6862 22 6654 6898 30
8031 7996 38 6785 8059 19 6044 6949 23 5770 5553 23 5612 5126 20
4614 6234 36 6503 4997 15 5462 4962 20 5455 7340 19 5960 6241 23
6856 6985 17 7372 8346 27 5931 5806 22 6337 7396 30 8180 6392 25
5647 5386 18 4614 5838 20 5272 7840 33 5678 5675 22 7197 5098 21
5663 5892 17 6708 6302 24 5913 4964 21 6028 7097 24 4109 5818 27
7064 6807 25 5557 6057 29 6612 7170 22 5369 5923 23 5037 6468 26
6173 6697 28 7020 8287 41 6622 5959 26 4149 5507 23 4424 3779 16
4215 6274 16 5868 5827 19 5971 5273 24 6395 7191 37 7068 7113 24
5365 5038 17 5753 5655 26 7384 6673 26 5723 6676 20 4721 6667 28
5115 5800 16 5162 3556 26 7301 7481 31 5755 6724 22 5759 7296 26
4090 5084 21 6652 7769 33 7659 6567 22 5325 5900 18 5758 5844 24
5817 5996 17 5906 6547 22 7236 7286 30 5597 6165 19 6197 6562 23
3875 4890 22 6961 5339 30 5247 5467 19 6589 8898 33 6213 5777 21
6167 6577 25 6341 5571 19 6668 5818 30 5957 6000 25 5186 7780 33
5278 6128 34 7215 6023 27 3552 5259 12 3952 4171 18 5614 4796 25
5949 6560 19 5952 6838 29 4482 5895 33 6088 5147 16 6217 6412 32
6600 6801 32 6296 6929 28 6158 6307 23 5860 6071 19 5491 4882 23
4371 4428 14 5855 8468 42 7033 5430 30 4660 5643 30 5123 5307 13
7382 8662 37 7549 7138 36 7228 6324 26 5239 6331 17 5575 6048 12
5481 5848 20 5015 4521 22 5662 5051 20 5125 6846 25 7026 6647 28
3481 3319 15 4148 6346 33 5568 5493 31 4277 5353 18 5846 4351 18
5401 5757 20 4237 6848 23 8023 6572 26 7744 6902 30 5824 6852 32
5150 5126 24 4368 5106 17 4643 5486 20 6989 5856 24 6579 7099 26
6434 6080 31 5117 5613 12 6744 6213 24 6836 7842 23 7133 7181 26
3721 2551 8 5563 7271 30 3779 3991 7 5250 5217 22 4750 5382 17
4487 5416 27 6194 6711 17 5261 4249 19 6558 5090 26 4978 6402 25
5607 7715 17 6446 6854 27 7573 7385 30 7546 7832 35 7139 6022 22
5470 4897 10 6030 4621 15 6567 8144 33 6119 6796 26 6437 8099 35
6568 5780 33 5398 5973 23 5348 5433 16 4090 5176 16 6996 6312 28
7373 7125 26 4668 5277 19 4802 6259 36 4805 4926 12 6312 6520 26
6582 7128 26 6264 7864 29 6402 5643 17 6565 6293 27 5993 5373 17
8331 9488 38 6524 5861 27 5495 7171 27 5532 4697 19 5392 5502 23
6380 7048 21 4586 5474 14 7269 7486 38 4616 5053 12 5149 4220 17
5543 5925 24 3974 6060 25 5504 4625 18 4282 4693 18 6111 5393 30
7318 6081 29 5610 5811 24 5315 5172 25 4967 6144 27 4734 6747 19
5610 5186 20 6294 4896 17 4711 5261 26 6923 7386 34 3945 5728 19
6995 6833 38 4935 6072 20 5054 5535 27 5588 4807 11 5789 6645 32
5275 5227 23 5447 6022 23 6848 5976 26 5663 5408 24 4997 7026 32
4487 4727 17 6019 5992 30 7349 6076 31 6700 7805 24 5315 5942 22
7673 6668 29 6084 8373 37 4337 5123 13 6197 5995 27 4067 4815 15
5666 7928 13 6221 5726 19 6335 8955 36 6130 4868 16 7425 4614 32
4764 6034 11 4949 5327 11 7679 6922 29 7503 7511 32 5479 5437 21
7484 6063 28 5043 6291 19 6570 6273 26 6326 7995 28 5664 6810 17
5874 4273 25 6156 5148 21 6093 7941 21 6041 6812 31 4161 4936 16
4369 3962 9 4419 3860 23 4958 6231 33 4332 5282 13 4576 4975 27
5217 6430 20 4172 4698 15 6858 6201 33 4935 6031 16 8297 6628 31
6408 5989 25 5402 4958 22 5300 6431 22 5324 7021 36 5764 4830 16
6125 6382 24 5371 5317 20 5889 5264 15 5807 5045 23 4445 5653 27
5549 5124 14 5646 6840 17 4671 7171 34 5501 4985 21 5389 4537 23
7263 7296 29 7422 5860 25 6333 6723 21 6160 7455 26 6419 6100 20
5431 5816 24 5780 6002 21 6973 6411 28 4369 4596 9 7176 6773 30
5040 5580 27 5231 5486 17 5892 6122 39 6713 6809 25 4133 5138 15
6351 8478 32 7767 5958 15 6355 6795 37 5701 5623 23 3712 4919 15
5897 5461 26 6019 4723 21 4527 6002 19 6106 6015 28 5451 7312 27
4078 5288 30 2518 4144 12 4690 3981 19 3784 5035 26 3826 3460 12
6201 5990 14 7662 8375 32 5490 5867 30 7239 7152 24 7612 8448 31
3813 5183 19 5992 4584 18 4799 5460 22 5493 5822 18 7544 7548 36
4798 7098 22 7838 6437 27 6221 4840 23 4324 6087 16 6132 5640 21
6627 6785 34 5094 5609 16 5194 4822 13 4682 6068 8 6660 6575 25
3021 5017 26 5479 5365 19 6178 6247 27 6473 5997 27 6505 5920 21
6334 5759 20 4906 4870 18 5513 6608 22 5754 6361 33 5064 5670 23
7168 7154 25 9201 7752 34 5945 6194 23 5027 5107 25 3977 5734 9
7836 7868 30 6560 7586 34 4590 5146 21 6809 4843 20 7005 7501 27
3572 6085 24 6007 5962 24 5843 6474 18 8215 7142 38 6198 5513 24
4261 4658 15 7533 7372 28 6087 7082 16 5989 6560 25 6830 6274 24
4943 5658 16 5801 7684 21 6959 7620 22 7955 6837 34 5900 6472 24
6097 6005 26 6984 7170 28 7238 6464 18 6187 5566 19 5820 7298 25
5922 6638 23 5745 5618 17 5631 6128 25 7651 6723 29 4981 6596 25
5195 4781 14 7625 8341 29 8257 8215 38 4198 4765 14 7557 6803 24
5646 6478 21 6285 6936 31 6101 6816 15 6837 6835 33 5661 5307 20
4836 5343 23 7602 5765 26 5466 6053 23 6332 7226 24 6477 6894 31
6194 7385 29 6053 5600 22 5387 5261 19 6845 7590 32 6800 7251 35
5467 7206 39 6396 5503 24 5985 6728 25 5040 5632 12 4771 4770 14
6086 6374 21 5014 3635 18 4368 5328 20 6098 5920 32 5924 5341 27
7364 7656 24 6192 6316 23 7028 9335 44 6456 5218 15 8719 7748 32
6294 6919 25 4447 6102 21 6752 6702 30 4909 4781 13 5754 5962 29
5069 5693 17 4739 4246 12 4699 4355 11 5736 7033 34 5435 4630 20
4689 6588 15 5200 6261 27 5778 3193 11 4983 5806 21 5756 5512 31
7247 5086 34 4310 5334 8 4144 6111 17 6419 4373 16 5676 7434 31
6049 5892 24 3645 4656 11 8957 8995 43 6014 6356 14 5257 5591 30
4190 5372 23 6046 6707 31 4870 4940 15 6662 5946 25 4657 4405 16
4818 5945 21 5882 5655 18 6355 5917 32 4395 5660 16 6563 6547 23
4146 4785 20 8854 7917 33 5069 5083 12 6664 6985 31 5698 6063 20
4950 4994 29 6116 6963 23 5776 6647 29 6570 5820 18 4372 5638 19
5364 5900 20 6399 5746 18 6752 8470 24 5727 6149 34 7009 7030 27
4459 5750 16 5603 6600 20 6743 5051 23 7046 6537 29 6972 6322 29
5034 4351 14 6386 5242 22 5765 6142 21 6469 7330 28 4056 6015 26
4208 4639 15 4364 5031 20 3060 3740 16 7670 6330 40 4428 5011 20
4457 5062 17 6624 7615 29 7285 6621 27 5894 7348 23 6758 6185 13
7929 7477 22 7244 7536 31 5851 6187 19 7284 7325 32 6391 7809 26
3947 5327 16 6931 6714 27 4939 5142 10 5075 5706 28 6977 6325 30
7143 6197 33 5836 6024 27 4193 6133 18 4471 4753 17 5362 6024 15
3913 4814 16 4947 5949 16 4868 5363 35 5938 5648 25 5095 5239 19
5251 4350 16 7295 7092 32 5729 6993 26 5499 4652 11 5117 7162 32
3686 4081 12 4222 4054 16 5618 5953 28 3141 5087 25 4593 3844 15
5128 3382 13 5830 5580 31 5748 5898 24 3968 5116 13 5946 6972 33
5415 5666 23 5849 5637 23 3825 4320 20 4388 4847 23 4761 5677 18
5301 3948 16 4484 6168 20 6471 6430 18 6926 6396 25 4321 6178 23
4236 4993 6 6682 6493 21 5283 5006 8 5682 6546 34 5907 6050 14
6428 7601 22 5230 5204 18 7119 6592 32 5875 6081 25 5855 6334 31
5869 5762 23 4967 5882 29 3981 5413 24 4862 4754 14 4701 4225 24
7484 7701 38 5888 6533 25 7557 7876 32 5554 6040 17 5966 4829 19
5826 7703 28 6610 5917 25 6489 6700 24 5226 5929 20 5719 5399 24
6197 5439 24 6998 7624 30 5106 5529 14 5431 5712 20 6332 6301 28
7071 7213 18 7059 6833 33 5037 7018 33 5504 6949 25 6065 4735 18
5506 6334 28 6242 4485 19 4225 6285 18 4350 4509 19 5325 5579 25
4071 5352 12 5770 5848 20 4152 5944 31 6658 5284 29 5276 5275 25
5111 7485 31 6108 5579 30 6718 6313 22 5073 5692 15 7680 7199 26
6198 6936 29 5803 7152 19 7019 7479 30 6937 7133 25 5065 4257 22
6832 7089 28 6140 7093 24 7520 6732 23 5885 5317 20 5961 7891 32
7188 8860 28 6390 5592 16 4151 4477 15 6613 6767 24 5540 5404 33
5980 6388 24 7088 6643 25 4352 4108 18 6871 6619 27 5107 6673 30
5693 6058 22 4340 4891 11 7061 5827 32 4656 5914 22 4932 6074 29
7164 8023 40 7803 8223 34 6713 5877 20 5555 7177 18 5152 4355 18
6743 5756 32 6403 7520 41 4678 5644 17 4792 5891 20 4496 4535 18
5969 5489 23 5986 6213 20 6010 6126 19 6131 6789 28 6637 5675 20
5910 5189 25 4969 6524 36 4418 4451 20 5946 5697 20 3796 4233 13
7578 7621 34 6093 5212 20 5495 6164 20 4819 5322 12 6636 6807 32
8944 8922 32 7153 8237 38 6197 7026 20 6367 6625 27 5720 5342 10
5434 6294 20 6418 6142 25 7672 8368 35 4857 4018 16 7045 8200 31
7034 6424 20 3780 5343 13 4263 4299 3 6373 5795 28 5643 6845 26
4174 4922 21 6327 4942 10 6052 5796 15 5432 6171 22 4912 6195 27
5049 5747 22 5517 5868 16 4580 6232 25 6006 6240 28 6281 5962 23
8098 6320 29 3926 4980 25 5835 6240 14 6671 5798 24 4561 6122 22
6029 6793 27 4446 4895 20 6479 8302 23 6893 5640 24 7915 6629 30
5208 4291 15 6272 5110 22 6652 6696 24 6297 7655 29 5525 6698 29
5679 6636 23 5051 6150 30 6354 5899 20 4271 6211 25 5705 3814 14
4725 5882 24 4885 4222 19 5103 5825 20 3511 4896 25 6605 6142 36
3902 4382 24 5667 5619 27 4295 4476 19 5232 5874 23 5422 5335 28
5091 4599 16 4578 5489 22 4028 4305 18 3142 3972 23 4413 4235 25
5673 5154 20 4958 6273 21 5105 5852 33 5977 4650 18 3743 4378 16
6342 6273 23 5686 6232 16 5348 8215 39 5308 5270 11 6286 5268 27
4122 4325 22 5570 6046 22 4926 4513 21 4503 4906 20 6633 7414 30
5134 7684 31 4772 5934 23 7636 7733 22 7043 5130 17 7257 7240 24
5031 7091 25 6107 5805 21 5216 5559 27 6717 6806 16 6559 7749 32
6571 8102 35 5606 8283 22 5972 5543 22 6714 5902 18 8034 6157 30
4848 5797 18 6659 7543 30 7409 6255 24 7314 6382 31 5735 6706 26
3331 3697 10 2936 6140 22 5480 5148 25 5273 4476 17 7073 7242 33
4504 5223 15 6444 5508 26 6414 6870 27 5618 7092 26 6950 6781 32
7854 6798 37 7176 6886 27 5456 5052 28 4526 5305 15 4101 5286 12
7348 5444 23 7103 7503 20 6605 8391 35 6999 6766 25 4882 6394 26
5389 5542 14 4788 5863 19 5582 5498 12 6279 7361 36 5180 3855 14
5303 4200 11 5444 5858 32 5891 4606 21 5227 5211 22 4951 6716 31
6512 4466 25 6388 6047 21 4537 4894 25 7313 6577 26 4411 6706 25
6980 7446 28 6307 7383 25 7190 6348 22 5939 6118 24 6475 7273 27
5241 5528 19 8004 6586 22 5931 6279 22 4369 5854 13 4751 6363 37
5451 4202 24 5270 4915 17 4885 3504 17 3084 4622 11 4343 6685 34
6197 5960 39 5900 5850 24 4227 5155 18 4948 5963 19 5912 6379 29
4887 5967 26 4557 5111 12 6408 6790 35 6786 6777 23 5456 5438 18
5135 5184 18 6210 6775 29 5779 5237 12 6196 6310 28 6104 6976 30
6241 6638 32 5013 7770 36 4866 4541 16 5673 5916 22 5915 4684 20
5570 6379 27 5178 6216 20 6521 5964 18 6548 5033 20 7002 8135 32
6854 6930 31 5646 5952 24 5860 8003 21 5451 4888 22 6960 5543 22
6703 6080 31 5273 7717 26 5965 6383 25 5945 3907 17 6755 7062 31
6667 6084 29 7332 8045 30 4808 7756 21 6031 5694 18 6741 6830 30
6048 4986 13 5644 6042 17 5387 5098 20 6365 8096 38 4012 4711 14
3476 3537 14 6467 5891 21 5579 6679 30 6072 8737 36 7154 5315 29
6095 7759 27 6508 7340 31 7404 7238 31 6497 6984 19 7536 7070 23
5851 6566 28 6937 6160 28 3980 4698 16 4813 5167 22 5050 6068 30
4808 5427 19 6877 7391 33 7685 5143 27 5819 6471 24 6631 8207 30
7500 5760 16 5379 5247 14 4864 6968 23 4630 6721 37 4802 4560 25
6466 6106 18 6209 7689 30 5893 5243 20 4810 5847 20 6148 6741 30
5486 7379 24 6205 9189 33 8319 6696 34 5299 4930 17 6889 5699 22
4534 6008 25 6529 6339 19 5052 5198 15 5565 6171 33 4192 4881 16
7066 6692 24 6005 6099 31 6112 6548 27 5515 5804 21 4744 5035 15
5833 7633 34 4640 5333 16 5924 6281 18 4739 4176 22 5760 5475 20
5033 7245 22 8386 6396 28 6815 5163 27 5027 6209 21 5862 7612 29
6122 5434 26 4774 5376 11 6404 5173 20 4074 8080 37 6961 6607 30
5448 6253 20 6708 7747 35 4659 4806 15 4887 5240 26 6068 5376 17
7306 7955 35 5235 6792 20 4327 6105 13 7614 6425 29 5585 5559 27
7910 7993 38 4743 5651 19 6102 6741 20 5313 5368 17 6570 6316 31
6127 5846 22 5326 5284 15 6350 6722 32 4021 5700 17 6355 6200 25
5181 4720 15 5415 5806 26 3206 5495 22 5233 5408 35 3373 3825 13
5900 5967 18 7539 5654 26 7326 7333 34 6992 7063 22 6492 7267 26
5982 6128 23 6567 6766 29 7380 8144 30 2821 3895 15 5677 5909 27
4251 4961 16 6595 4331 24 3971 5293 16 5342 7847 28 7326 6039 31
4739 3561 11 4939 5417 17 5037 6649 23 7179 6806 32 6769 7501 30
4600 4146 16 5280 5455 26 5004 6811 39 4882 4670 16 5072 5316 23
7481 7088 25 6793 7732 27 4046 5589 14 5902 6039 26 6840 5417 25
5166 6338 33 6926 6516 25 7314 6878 31 5726 6307 20 5340 4873 12
6501 6790 26 7926 6484 23 5730 6478 27 6384 6989 27 5729 6441 28
6368 6772 37 5653 5674 16 5803 5628 25 5179 5042 19 5415 6726 20
5242 6059 27 6002 4509 11 6583 9547 41 5969 4973 20 6757 5914 27
5519 5614 17 5999 6921 29 7061 7674 27 5668 5470 15 5614 5838 26
7398 6839 26 6591 5459 22 4972 4584 16 4345 5345 21 5606 7864 26
5984 6233 27 6255 5662 30 5580 6729 26 4879 4826 12 5412 5522 22
5826 6094 34 5079 6138 33 6079 4857 19 5551 5852 16 5710 7618 22
6119 6320 29 6261 7628 33 6713 6017 17 7315 8250 29 6646 6747 23
5349 5899 30 5767 6109 18 5736 5102 22 4898 5704 23 5530 5924 17
4672 6389 36 5330 4770 18 6194 5501 32 6511 7017 24 2796 3777 11
6470 8289 33 5889 5038 22 4995 7067 23 6048 6156 30 5222 5529 23
7254 5434 31 5924 6921 29 4559 6872 19 5773 6800 20 6205 4999 19
4201 4635 8 6330 7241 28 7224 7849 31 6060 4578 20 5857 5924 16
3872 3845 14 6281 5381 19 5106 5387 21 5613 6602 18 5601 6300 35
7202 7215 27 6243 6393 25 5807 6970 27 6410 6337 28 5963 5498 30
8151 6677 34 5428 5951 20 7625 6747 31 4656 5985 13 6272 6595 26
5699 4277 18 7563 8417 29 5299 5492 16 6434 7547 27 5755 5668 29
6644 7619 27 6761 7653 27 7107 5678 26 6217 6932 24 6522 6229 17
5519 6054 31 6978 7533 23 8012 7445 29 5202 4649 13 4513 5965 28
6327 6866 37 5079 4635 10 5952 5686 23 5644 7009 22 5606 6213 27
7103 5842 20 6203 7454 29 6252 5533 17 5261 7194 21 7157 6968 33
6785 6333 19 5266 5047 22 7215 7912 29 6667 6285 20 6111 6284 23
5515 7413 24 6658 7285 26 6769 6156 26 5241 5046 23 6705 6368 26
5781 5749 25 5076 4896 17 6857 7034 32 4711 4583 20 5400 6177 19
5461 5133 23 5579 6160 22 5129 6937 23 6255 7210 31 5023 3963 19
5967 7420 24 5523 5343 25 4852 4204 17 5668 4548 21 5033 6851 27
7102 6441 23 6158 7748 29 6660 6265 21 3365 4647 13 7954 7876 35
6591 5005 20 4758 7148 31 7413 5547 21 4644 5139 20 4384 6137 14
5546 5590 16 4217 5183 16 4941 6052 17 5687 8140 48 5269 4042 17
5110 4104 13 4932 5324 21 4588 5680 28 6018 7695 31 5945 5957 26
5782 5228 26 4702 5700 21 5374 5210 26 5752 8143 27 5985 5178 23
5829 6690 18 7230 6448 25 6614 6420 27 5500 6844 20 7004 6462 20
6476 6601 26 5789 5456 25 5208 5500 29 5594 7404 26 7095 5871 25
6638 7092 25 6335 4450 14 3249 6962 31 5060 6841 30 5254 4045 12
5937 6647 18 5981 7602 40 7746 6967 29 5935 6237 17 6870 6343 26
5525 6703 19 6355 5141 28 5512 5085 16 7790 6617 32 5291 7833 37
6790 6768 31 7440 8071 33 6897 6639 30 7557 6560 20 5376 5801 15
5268 6325 19 4656 5439 18 4830 4781 24 6534 7347 32 5480 5534 21
5391 6800 32 7070 6844 34 5896 5452 16 4866 5806 20 6020 6174 20
4865 5102 23 5412 6365 14 4600 4879 13 5626 7095 30 5406 4584 20
5627 5689 21 5600 6425 29 7186 6512 25 6387 6905 24 5353 5088 17
5255 4960 23 6507 6169 21 4854 6758 30 6088 7007 29 6334 5580 22
6131 5154 18 6372 6902 28 6348 6283 29 4417 5714 20 6343 6752 27
5277 5488 14 3995 4136 8 5723 6944 37 5105 5296 10 7862 7984 35
6875 7358 34 5539 5492 23 6812 5591 27 6825 6508 27 5401 6638 18
7549 8701 40 5754 6132 21 5790 4780 20 5303 5115 16 5747 6511 21
7335 7594 27 5213 5623 15 6997 6838 33 5952 6860 30 4672 4733 16
4646 7009 19 6738 6069 29 5582 4509 14 4760 7704 34 7510 6065 27
5322 4722 23 6244 6137 30 5038 5050 19 6187 7295 22 6569 7393 33
5486 5309 24 5748 6288 21 4751 5659 28 5249 5143 18 3686 4693 17
6852 7238 25 8025 7279 33 5765 6736 22 6146 5660 24 4122 5750 29
4990 4909 23 3839 4857 18 7356 6708 33 6476 6630 27 7033 6357 26
6020 7734 29 5152 6371 23 4921 6207 26 8210 5661 26 5881 5728 17
6067 5782 20 6612 6527 29 3902 5764 24 7694 6480 30 5016 5384 12
5168 5277 19 3620 6862 37 6062 5915 21 4442 5582 13 6745 5523 22
7888 9045 34 7235 7692 26 5029 4987 17 7425 6840 19 6383 7745 33
5143 5821 21 5496 5399 21 3839 4720 9 5337 4853 17 5600 6918 37
5704 5953 26 5767 6518 42 5533 6172 20 3699 5044 14 4477 4320 10
5310 6898 23 5362 5372 23 8339 6850 32 6975 7585 28 4658 4696 19
5736 5756 18 5988 6267 22 6457 5887 22 6692 8493 36 6687 7529 27
6065 6437 19 6040 6726 13 7061 6647 31 5525 4831 24 7024 6637 25
5095 6181 24 4295 5354 16 6658 7749 49 7210 6061 30 5013 5972 12
4137 5666 21 9269 7187 32 6657 7215 26 5424 5988 26 6054 5727 19
7708 7071 29 4795 5583 17 4299 5694 15 6688 6460 22 6326 7021 38
4301 5547 16 5615 6383 29 6034 5709 30 5680 5910 20 6848 5905 23
5428 5917 18 5670 8254 34 4359 4161 13 5843 4256 21 5347 5584 23
5697 7148 37 5218 7014 35 5390 6601 23 7319 6372 19 4543 3235 17
7205 7843 28 8129 6292 26 4423 4686 13 6795 8379 40 5855 6444 30
6831 7096 22 7446 6876 28 6013 7366 21 7059 6574 32 5144 4638 20
5562 5814 19 7544 7467 22 6614 5996 26 6970 6147 23 6293 8143 34
5876 4331 22 5809 8082 31 3622 4509 13 5734 6589 28 7561 6311 29
7104 6654 35 4910 6467 27 6755 5046 21 4892 6019 22 4628 5751 23
4492 4961 16 5309 5873 22 5374 4749 17 4114 4192 19 6429 7245 38
7584 7255 27 6397 4593 17 6726 7921 32 5368 6712 19 5971 7426 27
6886 6131 22 5310 6592 16 4590 6134 18 6481 6219 28 5518 5996 24
4672 5888 13 6454 6657 30 6711 5335 23 4673 5453 18 6269 6716 33
5285 6128 16 6237 6397 32 9312 9092 39 6164 6214 20 6779 7147 30
6082 7584 35 7612 6855 26 4254 5402 18 7409 6531 30 5205 4696 20
5479 4248 7 4147 5557 32 3778 4629 17 4691 5247 15 4306 4689 10
5834 5991 37 5341 4862 17 5373 5501 15 6027 6467 21 4707 5324 15
8076 7905 44 5269 5528 20 6062 6029 30 5136 5813 12 5059 6420 19
5217 4747 14 5103 4540 13 5435 4744 9 3903 6480 25 5175 6057 35
6257 5966 27 4064 4371 15 5111 6193 27 5113 5755 16 6716 5697 24
5537 5434 18 6382 6352 24 5071 7123 20 5103 6576 27 8423 6839 30
4467 5867 17 5218 5877 13 7925 5252 28 5820 6746 24 5710 5671 16
6145 6218 28 5483 5784 20 4311 4730 12 5638 6305 34 6979 6592 30
5187 6604 25 7627 6496 31 4946 5618 25 5318 6873 28 7973 6468 23
3960 4728 21 5424 6368 27 6719 5428 15 6452 5244 27 5203 6810 26
4064 6330 26 4262 5212 15 5565 5386 19 3561 3606 23 5043 4591 22
4390 4812 14 7002 5640 20 5143 6802 28 4621 3772 16 5601 7093 25
6023 5897 29 6004 6654 17 5378 6650 24 6536 5801 27 5727 6359 29
5178 4442 15 6799 6151 26 6279 7245 33 6883 6634 26 5848 7217 22
5309 5233 32 4151 6162 28 6271 6337 27 5197 6467 27 6758 5425 25
5973 6191 22 5887 5943 23 5038 4879 13 4525 6056 37 6372 7478 22
7102 5742 24 4469 5130 12 5580 6818 28 5438 6471 24 4926 5424 31
6261 6531 25 6370 7526 29 5257 6279 23 5042 5541 16 5924 5464 29
6906 6394 30 7445 6731 27 4451 5897 18 5880 8030 22 6032 4715 18
5642 5668 30 5888 7197 39 4978 5548 19 5481 5702 22 5062 4823 17
5337 6565 32 6160 6994 23 5663 5542 18 5949 6359 28 6496 5298 19
8114 6557 19 5272 5447 14 6933 8904 40 5400 5574 10 7465 8444 22
6569 6035 28 5334 5880 20 7125 8233 30 4156 5304 13 6463 6240 33
4405 4923 17 4938 6440 27 5886 5645 18 8399 7739 27 4878 5051 30
3287 4905 23 6489 7449 34 5268 4192 14 5647 7012 28 7018 6138 27
6536 6841 38 4717 5884 24 4399 4238 14 6029 4233 21 4925 5445 19
6493 5762 23 4364 5561 10 5520 7434 33 7614 7463 27 6611 5985 27
7256 7881 30 6551 5913 19 4669 8036 23 7827 6747 29 6774 6505 18
5274 6986 26 7168 5298 15 5496 4931 14 5151 5377 26 6697 7843 41
6294 7290 31 4703 7386 30 4692 6100 23 5889 5939 20 7401 4590 27
5586 5579 27 4676 4826 28 3637 4064 10 5681 6057 36 5395 5923 21
6197 6682 30 5818 6121 25 6530 5690 29 4098 4902 16 5733 6304 26
6355 7193 27 6829 7366 24 5659 6759 20 7005 7498 35 6601 6528 26
6396 6848 27 6049 6081 19 6070 7486 36 5944 5687 17 5748 7121 29
5668 7436 43 6061 5792 20 5408 5678 13 6920 6782 26 4761 5402 19
4882 6877 40 4885 4362 16 3685 4718 15 2854 2539 9 4452 3984 22
6268 4493 17 5215 6104 29 5905 6054 20 5769 7320 40 5581 6437 21
6177 6548 19 5867 5993 28 6493 6842 26 7228 6690 26 4661 5259 18
5014 4582 20 7372 7398 31 6040 6829 32 7114 6359 24 4167 5907 20
7497 7170 30 6303 7683 21 6005 3903 13 5245 5279 21 6685 7328 33
6182 5894 33 4535 4161 15 4238 4388 17 8427 7184 24 5245 7489 33
6077 6342 31 4818 4031 16 5046 4727 15 5185 6268 27 6435 7670 35
4501 4389 16 7065 6697 37 5846 7538 28 5199 4850 14 5727 6103 23
5074 6976 27 5198 5003 20 3380 4495 10 6203 5220 22 6690 6726 30
5089 6245 22 7201 6506 22 5746 5062 23 5292 6852 32 6223 5938 21
6738 5881 21 7285 6640 24 7680 9001 31 5554 6229 27 5307 5517 22
5417 5444 17 6570 5840 19 3770 5234 15 6715 7287 33 7489 7110 32
6432 6066 28 4296 5841 22 4169 4396 11 5493 5779 22 7715 6775 35
6630 7492 32 7144 6436 22 7103 6861 21 5719 7511 13 6412 5596 27
