4550 5186 5 5557 5017 10 3280 4861 7 5766 5615 9 3169 4612 31
7629 6001 8 7715 9530 19 6291 6259 24 6888 6959 26 6157 7588 38
6950 6204 4 7343 6421 16 5740 6995 21 4067 4874 16 6297 7322 40
7458 6972 3 7491 7758 14 7996 8508 29 6814 6185 20 5656 6754 35
5529 7188 3 4091 4313 5 6592 5961 14 6006 4400 20 4412 5991 32
5701 5875 1 7757 7667 14 5857 4685 9 5108 7654 42 5201 5269 19
5697 5065 2 6758 9189 13 5805 6144 9 6961 6889 37 5619 4160 14
7934 5836 4 6070 5201 10 7153 8256 25 5772 6307 24 6368 7605 35
7753 6662 4 6334 6670 11 4809 5714 10 5048 7566 37 6520 5466 26
7648 6974 6 6219 5964 10 7257 6745 16 6436 7170 27 6860 7642 39
6803 6380 12 5625 5895 6 4692 5508 13 5853 4855 22 4532 7402 45
6828 6994 13 6042 6547 9 5732 4739 15 6553 7694 31 5881 6312 34
3719 4463 2 6062 5131 14 4946 6095 25 5782 6172 20 3849 4070 33
4103 3915 4 5308 5917 12 5910 5171 26 5967 5599 24 4406 5886 28
6677 5961 5 5426 6284 16 6676 6253 20 4970 5321 18 5986 6561 39
7182 6170 2 5271 5072 6 5141 6500 27 6886 5996 33 4128 5788 33
5094 5573 5 7251 6119 7 8276 8831 34 7018 6429 20 6687 7327 35
6760 7420 11 7896 6909 10 7197 9011 30 6672 5852 19 5130 5773 31
7053 5414 4 5885 7579 8 4866 4990 4 5686 6140 25 5374 6429 40
4898 7329 3 5731 4931 9 6049 6100 16 7320 5157 25 6516 6360 31
6782 8052 8 5694 5827 10 5686 5546 14 5776 5413 22 4290 5591 29
6118 6092 5 6075 7012 12 6731 8113 35 6305 6056 17 6752 5635 25
7517 7424 13 7278 6339 6 5499 6065 20 6436 7572 20 4967 6552 28
5797 6012 4 6462 5653 10 7257 6410 23 6206 6503 36 3645 5290 16
5635 5691 3 8369 8397 12 7268 7055 17 6300 5832 20 4599 6639 33
7355 6355 11 7031 6966 18 5377 6153 22 3318 5352 26 5769 4212 22
6096 5010 4 8128 8387 15 6593 6592 31 4139 6640 22 8057 7135 34
4283 5750 3 6234 7116 11 5132 5067 14 6235 4374 32 4695 5103 26
6421 6135 4 6932 6540 10 5261 5787 38 4849 7187 20 6072 5910 23
9405 8410 10 5589 6301 9 6417 4671 13 6217 7973 30 6849 7740 35
4851 5230 1 8308 10694 18 6125 6208 19 7799 7315 26 7772 6387 32
5265 5321 7 7063 7291 16 6894 6416 21 7384 8545 34 5478 6082 26
4882 5373 3 7531 6382 6 4567 6133 12 5647 4440 18 5474 7557 41
9238 8529 9 6934 7066 12 5659 6752 13 7625 8673 33 6170 5319 33
7072 7455 5 4304 5014 6 7223 7008 19 6760 8671 41 6303 6667 24
5873 5784 7 4751 4646 7 5976 5671 24 6961 7600 32 6248 5421 29
4790 5563 3 7098 5283 9 6015 5706 17 4224 5405 14 3922 5682 36
5268 4713 3 6411 6812 12 5051 5769 5 8072 8220 33 5447 5456 18
9071 7703 10 5613 7281 12 8675 7919 31 5901 5755 28 6082 7124 27
7447 4489 4 5183 6601 9 5652 6704 17 5380 7680 43 6117 7137 20
6801 7638 9 6774 6150 10 6935 8169 26 6115 6106 24 7591 7117 36
5432 6661 7 7011 5880 10 7438 8791 29 5406 5373 21 6255 6664 33
5261 6891 6 6871 6729 10 7592 7280 18 5606 5068 13 6872 7666 47
7825 7300 7 6368 6796 13 7158 6516 21 5569 6148 25 6189 7623 39
6374 5506 10 6358 7186 9 5411 4937 17 4637 6111 26 4954 5690 30
5143 5645 6 6114 4986 14 6622 6346 14 5752 7247 32 5853 6172 31
5586 6284 2 6416 6561 8 7246 6223 17 6881 7674 28 5745 6606 32
6876 6675 6 7600 6969 14 6727 5890 18 5280 5759 22 4693 7330 41
6266 6599 4 6557 6488 12 6500 8076 14 5705 4894 14 5042 5814 38
6985 6998 12 6775 7280 25 6457 6049 24 7430 7548 27 3871 5235 30
6397 7623 7 5509 5868 12 4743 5479 17 5959 5005 23 6430 6640 41
7277 5614 3 7576 8245 8 7228 6479 22 5536 6816 20 5852 7075 31
6741 7446 7 6598 6425 11 6945 6909 19 6294 6406 22 6061 7764 40
6411 5711 2 3971 5282 3 6060 7490 26 4771 4753 18 5526 6096 36
6849 6614 7 5720 6812 10 6365 5460 19 7340 8005 42 5264 5626 16
5656 7150 7 7485 6301 17 5185 5559 19 5964 6225 20 7605 8249 37
7267 5896 3 7791 7207 11 5615 6635 17 6442 8569 31 5797 6011 32
8221 7962 9 8272 7546 14 5848 6513 27 7337 7310 35 5258 6571 19
7784 9524 15 5995 5863 7 7252 6101 27 7503 7237 30 6176 5537 23
8266 7370 12 6968 7261 11 7488 8816 26 8160 7282 28 7216 7310 34
6695 7569 6 5741 5105 9 6585 7292 31 5350 6805 29 7498 6418 27
5007 5069 5 6479 6663 10 6493 5632 8 5263 7218 31 5986 4816 20
6729 7406 4 7245 6640 8 6858 6684 16 7072 7618 26 6327 7030 36
7856 7003 10 4248 3662 7 4314 4565 10 6287 8810 33 6099 6525 33
8647 8915 10 7308 7841 9 7096 8013 28 7066 7421 25 6919 7095 31
7579 7226 7 7580 8972 21 7345 6236 24 7232 7578 36 6125 7044 27
5782 6362 6 9876 9958 18 7473 5561 15 6354 6365 31 4996 7895 39
6158 7188 4 9152 6726 13 6617 6678 21 6495 6504 29 6008 7916 30
6035 4665 2 5715 6496 10 5358 5493 6 5728 6677 19 4696 5740 35
5787 6288 3 5064 5193 10 5658 6925 26 5656 6331 29 5706 5775 37
4416 4932 5 4318 4905 8 4530 4741 10 5328 4862 18 3926 5744 40
3663 3339 0 6696 5594 10 4064 5665 11 5504 4884 20 3878 6495 35
6927 7400 2 5531 4459 5 4568 7062 23 5939 7940 31 7526 6097 25
5894 6860 5 5092 5768 8 6604 5680 13 6305 7228 32 6985 7531 37
5982 5409 6 9425 9306 21 7850 8179 24 6290 7227 29 4632 5658 24
6483 6821 3 6642 9351 14 8468 6846 23 7910 6641 31 4755 5999 27
7659 6001 8 6776 8081 14 7733 8002 26 5496 5692 31 5342 6313 22
4923 4059 1 8255 7533 17 5753 5658 20 5454 6301 24 5262 7549 30
3853 4996 3 5107 5900 8 6402 5402 19 6347 7607 43 4893 4919 21
6478 6718 4 7834 6883 16 5966 7102 24 6530 7211 32 5897 5085 20
7271 8125 6 6737 7618 9 8012 7474 20 8324 9137 31 6267 5925 30
7741 7217 11 6252 7131 8 6225 5977 18 7527 8132 30 7330 6433 29
5092 6407 6 5462 6706 15 8969 7685 29 6281 5641 23 5204 6616 36
4984 4678 4 6929 6329 12 3459 4807 8 7269 7779 27 3748 5798 36
7179 8264 8 6692 6044 11 6362 5266 12 5966 6952 34 4356 4773 26
8167 7604 8 6828 6337 16 6824 8674 30 6583 7443 21 5615 6125 32
8094 9914 5 10051 9069 11 8520 8085 29 5594 5503 16 7611 8015 33
6782 6964 7 5162 5764 10 6084 6487 19 3606 3945 8 5038 6392 43
8207 7222 8 7622 6901 18 5851 4524 16 6853 8076 26 5518 8148 43
4081 4008 3 3631 3436 2 4402 4258 8 4590 5215 10 2745 5409 35
4533 4806 3 7107 6096 12 5577 5687 11 7681 7124 23 5037 7502 38
5920 4632 3 5663 6806 11 5789 6488 15 5893 6669 32 7055 7239 36
6836 5932 4 7008 7603 18 7089 7157 16 7919 8036 40 4003 6313 13
5311 7260 8 4020 4450 5 5811 5583 10 6730 6727 31 6545 4776 24
6760 5075 1 3950 4748 4 5400 6802 24 5890 6958 30 5626 5095 31
6907 5692 7 6314 6048 10 5918 6603 8 6357 6425 31 5110 5960 30
4560 6316 6 4163 3988 5 4288 4422 13 3055 3804 10 3356 3562 34
6070 6544 3 6544 6604 10 7219 6869 23 5762 7259 32 6252 6399 30
7200 6805 8 7833 7180 9 6883 7955 29 7036 7901 31 5672 6088 26
6799 5880 4 6168 6529 10 6110 7175 23 5579 7168 34 5085 5470 25
6115 6925 3 8386 8136 19 6550 8172 24 6895 6185 22 5112 6833 34
9217 8683 9 7347 8391 8 8988 7184 30 5012 5186 18 5687 7974 29
6233 5354 3 6696 6905 11 5574 8843 35 4394 3642 15 6493 6625 33
6425 6807 7 6798 5780 9 4526 4021 13 5804 6196 36 5975 8157 37
6897 7982 4 6796 6434 14 6045 5523 18 6221 7341 40 5438 5165 13
6561 5092 5 5801 4701 13 4558 5418 10 6259 7875 36 5841 6715 25
6009 5130 3 6654 6807 10 6689 7014 21 6435 6342 25 3481 5008 30
4616 5224 2 7347 5327 11 5979 3778 9 3633 6937 35 5403 6003 23
6373 6704 7 6761 6208 6 7364 6363 25 6963 6794 19 4629 6955 33
6994 7426 12 5606 6617 10 6640 6923 26 5888 5172 20 5464 5163 27
5529 6547 4 6419 5116 15 4818 4202 13 4229 5663 26 6368 5529 27
7235 7435 6 8008 8884 10 8009 7112 22 6075 6323 23 6111 7270 35
5032 4535 6 5045 6805 13 5986 5028 24 5774 5877 25 4892 5584 31
4497 5691 2 7410 7629 11 7755 7265 18 5402 5449 34 4295 5750 24
6557 4940 4 4588 5688 3 6264 6632 21 6329 5375 23 6084 7756 33
6663 7534 5 6597 6991 11 7376 6717 19 7740 6172 30 5661 7084 31
5993 3728 7 7246 9926 25 5299 5156 9 7853 6264 24 4789 6778 35
6806 7788 5 6219 8441 11 6522 6956 27 6551 5296 23 7147 6989 32
6689 5810 8 5260 5508 10 5246 6175 16 5970 5991 22 5227 7522 44
4849 5829 5 4819 4433 7 6596 7150 16 3397 4013 7 4775 5594 40
5755 5268 3 5005 5738 9 5765 5761 21 7131 6935 27 5375 6643 32
5618 5765 7 7263 6123 7 6063 5606 15 5669 7165 20 6569 7443 40
4822 4597 4 6493 5372 12 3827 4563 12 5538 4194 23 2377 6549 41
4555 6403 5 4679 4923 5 6225 4750 14 5672 6538 39 3540 3606 14
7070 7922 12 8183 6279 7 7604 8302 33 6128 6293 16 6275 7079 30
7888 7366 14 7271 7346 5 6537 7056 18 7605 9380 39 7293 6869 27
9725 10008 11 9892 10118 23 5615 5033 13 7563 8048 25 6153 5897 30
5459 5707 3 3737 4618 7 7084 6189 18 5235 5576 13 6788 7705 45
5511 5995 3 5336 5348 12 5758 4939 10 4546 5373 31 4637 7165 35
5360 5508 5 6161 5539 7 6483 5973 15 4525 5351 25 4002 6385 34
6349 6940 5 6002 5685 15 4929 4506 13 6107 6482 23 5932 8018 40
6211 6594 9 5826 5671 8 4390 6114 13 6862 7021 38 3831 4815 22
6978 7883 8 10431 9519 21 7228 5572 20 6583 8174 32 6457 7412 23
3852 3764 2 5029 4185 3 3558 4004 9 3992 5347 6 4733 7085 42
8729 8822 12 7422 7709 20 8410 7145 22 6487 7697 26 6718 6767 29
6544 6370 5 6492 6431 9 5503 6007 23 5482 4177 16 4164 5567 34
8381 7230 8 4328 5436 8 6569 5395 21 6034 7112 23 4144 5289 33
6234 6626 6 6509 8287 14 4278 4092 6 7325 6366 25 2750 4303 29
6749 6460 9 6955 8320 13 8795 7765 21 7335 7492 24 6849 8047 42
8611 6869 5 5989 6578 5 5463 6077 15 5765 8215 27 4221 5902 34
7484 7192 8 5184 6133 13 6736 6563 13 6232 8306 34 7205 6315 24
8252 7042 8 7364 7374 11 5361 6342 20 6300 7669 27 5475 4587 29
8792 7492 15 6815 6430 18 5869 6029 17 6108 6933 26 4407 5708 35
5788 6313 4 5356 6351 9 6221 6138 15 4684 4627 25 6915 7725 42
7822 7367 10 7605 5145 12 6853 6884 24 3855 6170 31 6271 6996 30
7714 6732 9 6314 7298 6 8145 9023 31 6437 6283 26 7182 8211 39
3500 5152 2 7350 5883 8 6348 6834 19 8494 9109 39 6408 6942 26
6523 7291 6 5042 4395 6 7365 8435 21 7133 7024 29 6984 7382 34
4165 4359 1 5570 5610 10 5242 4549 12 5515 5452 20 4451 6431 38
6614 7357 8 6489 6035 15 7807 8812 33 7001 7551 29 5959 6193 26
7214 7215 8 8128 6603 18 8321 7980 38 5891 6405 24 6734 8927 33
8347 8863 9 7375 6388 11 4789 5057 13 7804 7082 33 6620 7719 24
6122 8036 9 6160 5625 11 6372 6699 27 5031 5161 14 6363 6238 29
5993 6481 3 5914 6125 11 5072 5501 13 5576 5138 19 6120 7187 38
7791 7453 6 8355 8991 25 5202 5611 14 7868 8415 36 8113 6650 26
5022 6023 5 6951 5929 9 4087 3995 5 5538 5596 15 5124 6198 37
4911 5547 8 6384 7889 15 6630 5801 25 5286 6577 27 5345 5847 36
6514 7354 4 6833 6777 11 4048 5934 18 6836 5470 20 4153 4978 29
6119 7780 11 9137 9167 19 6397 6506 17 7024 7883 36 5676 4579 17
8717 7373 6 6415 6944 11 8230 9258 31 6976 7905 28 6171 6555 32
5518 5325 6 5401 6296 5 5333 3808 7 4681 3864 15 2470 6383 35
7717 7767 14 6349 7342 15 4759 3734 16 5487 5010 15 6004 7335 37
7361 7151 6 4453 6150 9 6201 6168 17 6952 7060 32 6699 6421 28
5159 6311 4 6036 4760 9 7507 7942 30 6235 5700 24 4657 6115 36
5872 5317 4 5755 6634 14 5447 5804 5 6416 7500 37 6021 5858 23
6290 6831 2 5859 6555 8 6683 5515 22 6389 8440 37 5745 6424 30
8448 9542 9 8790 7442 12 8282 7869 27 6627 6419 30 5068 7178 25
6778 8234 6 8701 9292 18 7134 5842 22 6409 7026 20 5380 6021 31
5728 6316 6 7299 6413 14 6914 7453 22 6372 7504 31 6073 7178 29
7312 8356 14 7405 6983 9 6738 5897 19 6700 6639 31 3596 5096 26
7635 6293 5 6601 6556 7 5646 5384 20 5432 7012 28 6403 7014 28
6949 7043 7 5572 6569 13 8001 7754 19 6187 7941 34 5164 4376 20
3432 4138 2 4969 4403 10 5069 4400 9 5277 5861 36 3981 5406 23
6608 7082 5 5755 6117 11 7347 6666 20 7894 8022 34 6963 6829 22
8214 6377 10 5369 7382 9 4956 6490 13 7249 6024 26 5454 5568 32
6099 5767 8 5803 5344 12 6365 7307 18 7047 5977 27 4295 6253 38
8144 7748 5 7409 7726 12 8172 9516 34 5111 5490 17 5854 6379 28
5823 6668 6 5469 5214 8 6566 8079 35 5507 5032 29 6176 5362 24
8886 8091 8 7262 8816 13 8301 10105 32 6012 5789 20 5777 6020 33
4539 6014 3 5314 6578 10 6543 5558 22 6021 5218 24 5709 4862 29
6756 6500 4 7575 7505 9 6380 6232 22 8879 9781 27 6085 6565 24
5616 6430 7 6948 5896 13 5839 5694 14 4725 6230 31 3850 5880 35
5134 5200 5 4961 6433 15 5749 5463 16 6973 6966 32 6156 6992 38
4668 5571 3 4690 5803 9 4187 4526 7 6367 6221 25 5267 5723 43
5514 5676 3 6585 8387 15 5773 5521 13 7906 6521 30 5804 6059 31
6491 6924 5 6764 6530 11 6165 7366 28 5746 5453 14 7445 6611 30
5120 5577 2 6751 5943 7 6546 5637 11 5131 7668 24 4066 5919 34
6588 7091 6 6622 7351 11 7277 6972 32 6613 5602 23 6849 8083 36
7759 7594 9 8321 7163 11 7337 6858 29 6761 8142 31 5242 7387 29
6636 6141 8 5725 6451 8 8027 6371 19 6972 7751 31 4933 7002 34
5823 6719 7 5275 4412 4 6833 8140 20 8288 7176 38 6957 7084 27
4969 4902 2 3243 3466 1 4667 4508 9 3428 4617 9 3601 5340 37
6221 7580 6 5546 6784 12 9044 7226 19 6429 8336 29 5682 5778 36
6547 9455 15 8672 8703 18 7428 6475 27 7332 6352 27 6843 7057 29
6627 4805 7 5727 6126 3 5848 8138 19 7389 8377 39 6358 5905 25
7310 6726 6 6846 7099 13 8179 9097 35 6471 5687 20 5810 6985 32
7602 7368 9 7973 6913 7 6969 9292 30 6375 7133 29 5799 5008 23
4904 6030 3 6539 6041 9 5817 6776 18 6331 6632 31 4394 5416 29
8264 7769 5 8838 7754 9 7110 8105 18 6767 8222 34 6971 6099 22
5387 6691 9 4587 5567 5 7013 6130 15 5303 4889 15 6197 6602 33
8932 7218 12 7618 7199 16 6902 9420 21 7255 6888 35 4610 6370 29
6279 4894 2 6351 6895 9 5681 7586 20 6746 7072 40 5769 6856 29
4857 4546 4 6048 5199 11 4498 5649 17 6519 7889 35 5416 5710 23
5970 6139 1 5536 5349 9 7205 6594 33 5527 5306 12 3860 4765 24
7722 7569 7 7193 8085 14 7381 6666 21 5568 6267 28 5616 7051 28
5098 6195 1 7727 6669 11 6610 8148 34 6732 6908 23 6188 7259 32
7119 6574 7 5702 5754 11 4970 5423 17 6581 5853 23 4764 6423 34
5342 4912 2 6483 5954 6 8248 9096 25 7160 7415 28 4271 6614 45
6384 7928 6 6071 5705 6 5608 5096 18 7334 6301 31 4755 6778 33
7340 5740 2 4878 5863 7 6214 7790 25 7239 6845 40 6359 6115 26
8292 7459 10 7229 6419 9 6310 5829 17 5805 6626 25 6063 8477 42
5836 6567 9 6010 6155 11 8102 8205 28 7614 5897 23 5659 6649 32
7952 7415 6 7784 6689 16 6779 6836 16 6683 8734 34 5830 6167 27
4169 6026 4 3228 4407 1 4937 4674 12 4799 4316 22 4494 5136 36
5352 4906 2 5338 4943 6 7892 7735 26 7186 6765 29 6080 8902 37
5828 6299 7 5918 6142 7 6065 5702 20 6461 6212 32 3715 5493 31
8436 7439 6 5635 6098 10 8788 8254 36 5877 7111 21 6251 6525 31
4967 5801 4 6350 5755 10 5833 5470 15 6141 6395 33 4158 5586 22
5840 7417 9 6366 6916 8 6231 6259 22 6947 5131 22 6126 7454 36
7562 6497 11 5901 6080 9 6131 4660 12 6292 7283 27 4877 7832 38
6884 6699 10 6689 6284 13 6379 6475 23 5808 5897 20 6508 7676 37
5699 6217 4 7321 7170 14 8634 9622 33 6149 6418 20 6455 5479 30
6059 5903 4 6001 6174 11 5605 5657 16 6720 6447 31 5859 8861 39
5918 7763 8 7944 6912 11 4625 6309 22 6439 5716 27 6091 5472 33
7213 7475 7 7191 7090 15 8501 7899 26 7393 8314 24 5053 5115 27
7315 6194 9 7988 7546 19 9952 8443 37 4817 6165 23 4640 8634 38
5121 5122 2 7893 8296 14 4911 4434 12 5717 6451 23 5825 6551 37
6013 7123 5 5620 4535 10 8614 7363 25 6035 5965 15 6005 7012 39
9063 9248 8 9584 10092 22 6527 7813 22 6240 5862 23 6278 6444 28
4816 5217 2 7347 7671 19 5455 6549 17 5605 4548 19 4369 5881 37
8874 7997 7 8786 9918 15 6873 7158 23 7994 6756 25 7040 8365 34
7153 6927 4 7263 7784 14 8009 9752 22 8093 7890 36 6802 7180 34
4496 6046 2 7676 7194 12 7096 5184 10 6775 6096 27 3349 6842 31
8264 7520 8 7072 7117 14 4692 5317 11 6155 5870 17 5586 6767 40
4561 4672 4 6345 6579 8 5105 5092 25 4350 4035 9 3667 5434 33
5758 5009 7 5774 5404 11 5555 6047 24 6008 7278 27 6170 6437 30
7609 6477 9 6991 7605 16 4565 4497 9 5278 4826 17 5915 7336 38
5443 5065 4 4667 4520 2 4489 4647 5 3710 4032 12 4673 7363 44
7128 6644 3 5459 5118 7 6173 7061 19 6540 6799 30 6378 7999 30
5403 6302 6 6503 7322 8 7481 5313 15 6599 7344 25 7538 7554 33
7239 7058 12 8008 9259 21 7514 6326 24 6266 7695 18 5248 5377 26
6881 7271 1 7424 7099 9 6252 6231 13 5754 6387 20 4731 7584 43
8204 8322 7 6822 6388 12 7836 9231 45 5168 5942 22 5078 4787 18
6421 5753 7 5063 6721 5 6114 7289 23 6938 5596 25 5963 6468 34
6088 7063 8 5919 4339 6 4659 5137 19 5465 6900 42 4846 5148 18
6318 6638 7 6085 5397 9 5698 7401 18 7472 5590 31 5737 6761 37
4256 5334 2 6241 5656 7 6510 4628 14 5360 5934 13 6325 7586 44
5659 5663 6 5678 5747 8 6566 5541 24 3732 6151 12 5206 6631 44
5273 5336 3 5537 5914 12 7254 6511 22 6430 6172 21 4915 7343 31
6394 6813 5 3814 6198 9 5566 6535 36 6978 5934 19 5176 6013 35
6931 8052 6 6509 6931 6 6203 5728 18 7256 8045 29 7185 8040 43
7389 8637 5 7937 7376 15 5920 6471 12 9102 8753 39 6466 6235 24
6549 7078 10 7341 7892 12 7920 7783 32 7772 5931 25 5477 6813 34
7571 8046 10 6203 6757 9 6098 7052 25 7014 7165 23 6443 5696 29
4645 5651 1 10107 10001 17 5484 4698 12 7911 7322 40 4950 6445 18
6231 6770 2 6482 6182 4 5034 5598 11 6503 5570 22 6514 8649 39
6494 6772 7 5653 7147 16 4109 4389 9 6312 5536 31 6252 6341 30
7574 7594 8 7731 7070 14 5737 6015 14 6543 7116 27 5363 8687 44
6916 7984 7 7198 6771 3 7075 6488 19 7552 7272 36 5101 7053 31
6931 8964 9 5952 6158 13 6222 5362 20 7086 6908 30 5892 5837 27
7389 6048 5 5129 6543 13 4366 5749 13 6566 6125 23 5407 5933 40
5883 5095 10 6164 7665 14 5834 5811 13 4555 4918 26 5666 5212 30
7874 8389 6 7690 8837 16 6292 7698 21 6612 5268 22 6676 5897 29
5185 5925 7 5425 6872 15 7112 7300 21 6714 6546 26 5834 5227 38
6230 5943 5 5967 6021 6 5707 6294 16 8254 7489 35 5901 7007 33
6747 5578 4 5998 6575 15 6173 7195 27 2824 4295 9 5141 6018 34
7057 6021 4 9334 8513 14 5152 5990 18 8723 9282 39 6036 6564 29
5270 4313 5 4876 4483 6 4533 7242 28 4867 4470 13 6763 5940 40
7050 7751 7 7152 6244 14 7114 7519 21 5393 7607 32 7190 5838 18
7018 6264 2 7360 8854 15 5466 5688 12 5380 7018 28 5529 5666 22
3729 5293 2 5443 4133 11 4792 4659 17 4094 3597 11 3503 4990 38
7546 7638 7 8454 8539 18 6608 6865 13 6808 7311 30 7677 6983 27
5642 5662 3 5302 5112 14 5347 3315 6 6690 8930 44 5411 5573 23
7133 7781 10 7090 6714 15 6494 8121 27 4506 5607 19 7765 6092 35
6954 7298 9 8150 6741 15 6536 6636 25 4932 5405 19 5430 6299 35
8200 8850 9 8943 8057 19 5915 7211 27 6163 6570 25 6498 6890 32
6126 6124 7 6351 4409 13 4835 4532 5 3799 5071 19 4651 6786 42
5932 5451 4 5200 5815 8 7800 6570 26 4864 5882 30 5773 6611 29
7723 8869 9 6599 7562 12 9007 7222 35 5917 6031 21 5818 6033 30
6453 5555 6 4671 5858 10 6165 6322 14 7023 5017 31 4214 6080 17
4983 4619 5 6838 7497 15 6757 7180 18 5238 6556 23 6469 6582 41
7016 7305 8 6311 6884 11 7198 7504 26 6818 7789 35 6055 4247 25
6933 6508 10 4816 6479 7 7299 7902 26 7753 8021 33 5965 5821 28
5131 6764 7 6999 7392 14 5762 4710 20 5731 4653 20 6858 7341 42
7312 8454 5 5141 5220 8 8409 6230 17 6499 6030 22 6150 8026 37
4413 4208 4 3767 3581 4 3384 3948 12 3389 2597 3 3518 6219 37
6569 7089 8 6932 6711 19 6284 6749 19 7100 6479 20 6009 7898 35
7355 7316 4 7629 7894 17 7560 9267 32 7844 5871 28 7391 7876 27
5893 5163 3 5207 5069 7 7158 6648 23 5035 5989 22 5116 8403 41
6540 6798 7 7774 7896 18 6724 7590 24 6587 6684 34 5136 5003 22
4909 5727 5 4850 5394 7 5777 5236 15 5041 3445 7 4133 6929 35
6542 4773 4 8405 9787 15 7009 8357 24 7220 7141 30 6594 6325 32
7705 6883 11 6284 6190 12 7587 7674 23 7059 7749 26 6330 7306 36
5125 5448 4 7513 6591 13 4439 4325 14 5967 6528 31 3336 4184 25
3821 5724 4 8174 6991 13 7327 7465 18 6011 6038 22 5361 6262 35
6479 6261 6 6426 5454 9 6772 6393 16 7294 8492 38 5631 7025 30
6000 6207 3 5642 7322 12 6886 6626 18 7470 6590 32 5731 6718 31
7270 6614 11 5286 6427 12 6274 6128 26 6123 6661 32 5239 5745 21
6434 6120 7 6473 5513 10 7972 7739 25 6331 6169 25 5444 7186 34
6639 7218 7 7134 6551 12 6409 6347 20 5428 8978 30 7623 5767 28
6169 4252 6 6952 8013 11 5963 7173 23 5198 4452 13 4516 7618 44
5480 7000 8 7087 6356 12 8281 7508 22 6141 7756 34 7057 7984 35
5489 6772 4 3779 3021 4 4607 4485 6 5397 5143 12 3969 5224 33
7004 7923 7 7229 7507 16 7407 6261 21 6118 5961 31 6481 8132 37
4695 5392 5 6119 6425 9 6263 5603 25 4433 5140 12 4855 5168 35
8689 6626 10 7779 7388 14 7071 6100 21 4256 5803 19 4194 6829 36
5826 5357 4 3920 4533 4 3339 2940 4 4988 4842 13 4784 6428 45
3796 4214 4 4997 4048 7 4017 3790 8 5392 5451 23 4209 5932 36
9908 10609 8 7642 7585 13 6553 5276 23 8007 6276 28 5341 8015 33
5386 6231 7 6785 7728 11 7960 6925 29 6963 6289 26 5140 6841 33
6498 5956 3 6241 5156 10 6731 7525 21 5463 5799 19 5726 6324 38
7371 7099 6 7288 7538 8 5195 5202 11 4526 4966 11 5768 7489 41
8024 7263 12 4470 5659 7 6109 4924 17 6193 5378 21 4929 6957 43
6672 6003 3 7034 7475 9 6640 6938 25 7326 7475 29 6071 7926 36
6003 6293 4 5188 5714 7 7101 5954 17 7486 7208 30 6346 7893 34
4859 5594 5 6483 5728 6 5835 5674 20 5482 5599 25 4739 5836 29
6877 5945 5 5780 5229 6 3234 5227 8 7962 7919 28 6800 6639 33
5907 7639 7 5153 5100 5 5562 5882 22 6945 7399 39 6104 5757 19
5426 6564 4 9530 9214 13 5588 5926 18 6526 5169 26 6823 7740 36
6632 6058 3 5855 5858 17 5706 6389 9 6556 7451 35 5553 7128 38
5183 5074 6 5849 5425 5 4840 5912 14 5376 6358 19 7152 6093 37
6363 6321 7 6578 5995 16 5482 5547 19 7392 5662 30 5404 8204 27
7033 6772 7 6304 6811 15 5174 5672 14 7915 8310 40 5788 6303 28
6595 7146 6 5945 6191 8 6687 5578 14 5897 6294 27 6035 6610 30
5726 6897 5 7433 7632 15 4887 4703 13 7339 6814 46 2608 3821 9
5928 7753 9 7121 6650 19 6481 5600 21 5679 4851 21 5482 8032 44
4617 5295 3 6729 7671 16 6641 7297 33 7454 6869 26 6268 6608 35
5773 4941 5 6258 6390 11 5738 4865 8 5431 6216 24 4805 7098 36
8293 8498 7 7569 6759 11 7143 6827 20 5328 6352 22 7671 7810 35
4032 5335 4 6086 5598 7 5503 4722 7 6005 5184 22 4598 6685 35
6324 5063 9 5911 5857 7 6261 6841 24 6045 7618 39 5837 6193 20
8374 7913 9 6608 6970 10 5793 6788 21 4674 4645 19 6455 6983 36
4755 5805 7 7005 7310 12 9226 7203 34 6121 6856 20 5119 6390 35
5900 6445 5 4127 4111 7 4323 5044 9 4627 5129 28 5882 5514 31
6705 7546 7 8507 7742 13 7932 7505 14 6893 7594 32 6158 8299 33
5711 6738 6 6385 6756 14 5530 5547 22 3561 3928 13 5855 5815 42
5205 4885 5 3610 4120 4 4162 5141 10 4107 4728 7 4569 5774 35
6647 8692 5 4900 3157 9 7469 7331 15 4739 4834 23 5698 5731 35
4317 5002 7 5643 5864 7 4879 5342 14 5744 5434 26 5323 6322 34
7483 6886 10 5859 4895 8 6094 6132 20 6088 6319 23 5032 7090 36
4635 5309 1 5476 5687 8 4944 5075 10 4879 5131 16 7195 6740 41
6053 6872 5 5980 5414 7 5789 4787 13 6068 6682 28 3539 5115 31
4319 4822 2 3156 3590 5 3841 4193 7 7481 6782 35 5233 5648 29
7605 8958 10 9451 9149 17 7748 5827 13 6586 7765 40 6874 7512 26
4787 6010 3 7098 6649 8 5435 6514 18 5503 4791 13 6161 6964 37
7556 7869 10 7310 6000 13 6678 7077 23 5232 6447 18 6604 6677 33
7379 7864 12 6739 5713 11 7277 6757 16 5609 6597 29 5124 6498 30
7313 6487 11 5388 4321 6 6734 6281 26 4628 5997 27 5875 7267 31
6436 8297 6 6907 8339 11 6857 6163 17 6759 6157 25 5279 6618 37
8504 8977 10 6700 5136 8 9486 10437 40 5447 5211 15 6355 7241 31
7318 7935 10 5498 6255 10 5253 4683 18 7366 5372 24 5109 7057 35
5441 4951 7 5642 6726 9 6639 8558 30 7327 5232 24 6989 6727 35
8458 8906 8 7754 7096 15 6584 6163 16 6256 7520 24 6107 7318 43
5692 7125 2 7684 6542 13 5462 7508 24 7676 6946 30 6252 5835 26
5344 6665 7 5686 6456 8 8855 6214 31 5006 5518 18 5816 7200 34
5776 6964 5 9399 9938 29 7577 7163 23 8093 7952 32 4370 4600 28
6939 8234 9 5369 4364 4 6067 7134 16 7220 7214 28 6242 6757 30
5976 6563 6 6507 5395 10 7987 9402 30 4500 6472 23 7577 6376 34
5306 4286 3 5689 7993 11 6513 6277 15 4368 5529 26 7015 5559 28
7062 5367 9 6665 7667 12 6214 8432 21 6350 6094 21 6635 7420 41
4790 4236 9 8103 7350 16 6029 6962 24 5075 5346 17 5471 6830 38
8456 7802 8 5213 4955 8 6951 6491 21 4961 4567 21 3738 8612 47
6787 6347 8 5103 4973 5 5561 5324 21 6185 6979 41 5643 6328 30
4282 5222 6 4245 5072 7 5499 5404 8 5190 5960 19 6988 6129 39
6080 6028 7 7689 6427 12 7312 6890 18 4761 6183 26 6252 7177 34
6101 5976 1 5504 4898 11 5652 5855 14 7401 6785 29 5211 7176 36
5958 5199 4 4552 6196 11 7666 5361 16 5383 7379 21 4549 5677 32
8279 8576 9 8870 9602 19 8047 8346 35 6598 7466 28 5372 5672 20
6185 6062 3 8183 7082 13 5645 6635 12 5583 7198 31 5769 4784 21
6116 5309 3 5203 6564 10 5452 6593 17 6225 5002 26 6632 7202 26
7778 6597 7 5778 5729 6 7207 8124 34 5547 6087 29 4678 6055 29
6287 5927 4 5590 4940 7 5410 7227 16 6591 5760 31 5828 6878 30
5783 4568 2 5960 7025 12 4693 5178 13 6860 6902 25 5394 5801 36
8301 8153 4 6244 6416 9 8596 6892 20 5252 9218 34 6643 6509 25
7716 7665 8 6226 5355 8 9724 9442 33 6376 6039 27 4764 5314 27
6702 6553 5 4870 6219 8 5755 5850 17 6805 6471 39 5652 6242 22
6577 6348 8 5974 5320 10 5752 5987 17 6206 6737 26 5280 6541 34
4638 4412 2 5372 7782 7 6262 4728 16 8292 6001 28 4399 6316 30
7746 6670 7 6883 7528 13 7584 6805 21 4316 7266 29 5971 4919 17
6365 6206 9 6574 6097 8 6427 6917 19 5358 6227 23 5818 6709 40
5641 5234 2 4546 5584 9 6356 6449 13 6237 6673 26 5593 6179 31
4888 6590 4 4974 4043 8 7211 6962 17 3353 3551 4 6408 7274 41
7581 6848 5 7393 5679 10 6935 7864 15 8542 9892 34 6518 7994 38
6089 6259 5 7572 6534 11 6527 7412 22 5391 5607 18 4633 6993 39
8782 8240 9 5960 5582 10 6313 6310 15 5241 5315 25 7486 8389 34
7826 7250 5 7055 7154 15 4467 5728 17 6114 6361 34 6140 6843 22
7265 7424 9 6899 5925 14 6495 6329 20 5781 6591 25 5306 5637 26
7055 8681 6 6991 7120 16 4861 5071 14 5823 6400 28 6232 6314 30
5551 3754 7 5413 4256 8 4788 7005 21 4518 4934 24 4712 5371 27
6795 7943 7 6715 7161 8 6965 6855 14 5683 6655 31 8208 5687 32
6638 7925 6 7351 7516 7 8109 9161 23 6328 6730 31 6757 5250 33
4247 5852 3 7561 6566 15 6761 7026 17 5702 6329 27 5226 6439 39
6252 6175 4 7840 7353 16 6974 6123 16 5357 6681 29 4984 7556 40
8404 9650 10 9840 10483 28 8300 7133 24 5836 6363 17 5960 5946 34
5659 6572 6 6577 5692 6 6010 6422 25 8048 8550 33 6234 6690 24
7321 6494 5 8162 8696 20 5026 5906 15 6654 7471 29 6980 5911 24
6455 7322 5 9535 8352 15 7449 6067 12 6939 9116 39 3912 5431 22
4989 5866 7 6484 6684 9 5066 5987 15 5724 6318 31 4787 4373 27
6469 5459 3 4905 6518 7 7450 6493 22 6064 5516 19 5526 8042 40
6455 5407 4 4976 5869 9 5729 6008 24 5025 5882 25 6376 7148 38
7690 8464 8 5225 6558 17 6483 6533 22 5799 5159 22 5868 5310 27
6339 6933 8 5867 5804 7 6770 7750 29 6727 6439 20 6293 5604 28
6738 6544 5 3763 4392 3 5695 5859 12 5620 6978 35 6913 6765 37
4943 5600 3 5446 5122 7 5711 5958 11 5719 5652 16 6449 7222 39
6153 5680 5 6074 6061 12 5376 6763 22 8028 7357 31 7085 6666 32
3342 3757 2 5349 3875 9 5062 4045 14 6162 6846 19 4919 6002 35
7792 8309 6 7476 7574 12 8621 7018 22 6695 7555 34 5863 8173 31
8078 7462 5 6841 7075 11 7442 6687 20 6452 5444 25 6054 9032 45
6909 6444 5 6326 5956 10 6628 5906 21 6243 7494 38 6112 6938 30
6112 6506 5 4778 5305 10 6769 5656 10 5289 5106 18 6125 6582 36
6421 6799 5 6693 7714 6 6624 6870 16 7011 5927 17 6936 6154 35
7150 7544 3 7609 7414 14 4978 4720 13 4832 4405 12 5748 7726 37
6118 7235 4 7093 7362 10 6601 9106 30 7708 6475 24 5504 6031 34
7711 7822 10 7406 8818 16 7834 6996 24 5060 5897 21 6331 6961 38
5912 6337 3 5942 6480 9 7028 7503 25 7192 6088 14 5115 8141 35
9732 9129 5 7113 6989 15 6874 7369 12 7779 8436 28 6342 6522 35
7675 8686 12 9739 7440 15 7980 6553 25 5089 7354 38 4701 6094 25
5882 6760 7 7391 5968 11 5644 6043 16 4686 7148 28 6817 6153 29
6709 7533 8 6198 5755 8 5682 4353 17 5518 5493 23 6642 7691 32
6411 6163 7 4795 5675 5 7100 7830 31 5582 5030 19 4926 4919 31
4363 5168 2 5500 4199 7 6640 8269 19 5702 5097 29 3986 5221 27
6963 6568 5 5441 6424 8 5460 5857 22 8834 8584 31 5005 5668 25
9806 7850 12 5630 7568 14 6696 7572 20 6807 7810 34 5650 5981 30
6450 4173 10 5953 5579 10 3835 3974 9 5406 5344 23 4256 6098 29
10504 8767 11 8856 9880 18 6582 7702 26 7271 7323 26 6090 5909 23
4621 3879 3 3947 4562 8 5024 5864 17 3683 3669 13 4136 6053 36
5521 5043 5 7752 8098 15 6535 6784 27 5362 5813 27 4841 6060 27
6835 6747 3 6324 6161 9 7599 7192 14 4581 6319 11 6252 7170 42
6002 6538 7 5691 5693 5 4561 5219 10 6657 5857 25 5147 7475 38
7699 8541 8 6465 6951 9 8869 7221 24 5649 5582 20 6201 6164 32
7088 7891 8 6739 7270 11 6492 6208 8 7667 8007 33 7216 6102 29
5675 4506 4 3164 3728 6 2942 3803 6 4010 5168 38 3676 4498 16
8495 8207 8 8564 8460 16 10521 7903 40 5124 7006 26 5370 6495 30
5066 5301 4 3309 3991 4 6886 5437 16 7120 6927 35 4679 6428 32
7665 6273 4 5485 8233 11 7969 6486 26 5762 7407 35 6800 6827 31
3276 3831 5 6476 5905 9 5892 5621 21 4746 6144 30 6138 5374 35
6139 5951 8 6125 6603 10 5940 5190 20 5452 6226 23 7492 8074 35
7538 6104 9 4902 5388 7 6828 7538 21 4524 5149 11 5097 7149 41
6614 5690 5 6807 8097 11 6156 7442 29 7263 6916 34 6251 6223 23
6346 6750 3 7814 7936 11 5243 6474 9 7046 6287 29 5289 6826 33
8112 7018 10 7570 8080 10 6946 8297 36 5250 6847 19 7759 7457 36
5538 6400 8 5880 6122 5 5739 5589 17 5582 5778 18 5816 6369 31
7559 6796 7 7859 7814 23 5190 5861 15 7449 7158 38 4924 6217 22
6346 4789 2 7439 7583 14 5589 6300 16 5563 5877 20 5058 6661 35
5250 4259 5 4468 6661 9 7563 6380 23 5052 4754 23 4858 8229 39
5759 7308 10 7822 8290 16 7504 7825 25 7130 7688 33 7446 6420 19
8484 6715 6 7117 5924 13 6180 7888 19 7168 9779 46 5584 6375 18
7440 5863 4 6261 7088 9 6874 7493 19 6503 6470 25 4901 6171 33
6520 5769 8 4496 5262 6 5675 6113 29 7128 7851 35 6001 6692 30
6982 7121 8 8165 6854 19 7351 8618 33 6782 8254 27 7104 6566 28
5225 5298 4 4594 4751 2 4763 5376 14 5039 5403 30 4218 4447 29
5619 4864 5 4012 4433 2 5470 5244 14 5076 5868 19 4898 6574 37
6766 7547 8 7044 7565 14 6280 6497 20 4472 4779 17 6841 6420 35
7800 7080 4 6228 6054 11 7238 8268 26 5856 7114 29 6126 5727 25
6636 6359 2 6177 6129 7 6062 5908 29 5825 6166 27 5258 6640 20
4393 5429 0 4456 5110 7 6400 4676 16 5016 5551 16 4342 6260 39
5152 6022 4 6289 6272 9 8294 7229 29 6926 8451 32 5902 5604 21
7046 7922 8 6436 6088 8 7039 5736 17 6895 7539 32 5920 7958 39
5675 6189 5 5679 6694 11 5321 6635 17 7262 6233 21 7226 6988 42
8025 7813 4 5794 5841 9 7308 8860 25 8492 6627 34 6713 6802 32
7180 6179 6 6875 4947 7 6635 7317 18 6469 6964 21 7539 8857 36
7505 7368 9 7290 6267 16 6879 7143 14 7378 7051 29 5724 7267 31
6487 5335 8 6788 6310 5 6837 8340 28 6020 6957 27 6313 6729 29
8120 8635 7 7744 7617 13 8146 7075 21 6868 7583 24 2628 4785 33
3219 4213 1 4226 4144 8 8629 6994 26 3550 4268 8 4572 5618 34
5418 4839 3 6471 5240 8 5099 6313 15 6479 6843 26 5209 7126 40
7200 6214 10 4235 4795 9 5357 6379 14 4911 6291 24 5144 5323 34
10138 9766 15 8791 8595 17 7076 7181 22 5013 7681 37 6940 6017 21
6508 6892 14 6135 5744 12 5575 6356 18 6350 6350 31 5904 7524 37
6153 7051 3 7751 7834 9 7315 5353 16 6658 8395 30 6420 8080 38
6627 7546 5 8453 8151 23 6532 5271 32 6153 5854 16 4531 7302 30
8614 7751 8 6089 8840 12 7197 7147 20 7664 7444 26 7153 6533 28
7090 7913 9 6314 6145 18 7057 6603 25 6770 7141 34 4628 5700 26
3550 3054 1 6252 6829 8 5879 5781 11 3290 4976 10 5856 7892 47
7189 7405 6 8746 7277 13 7527 6405 18 5669 8352 28 4763 6288 39
6177 6331 5 7991 7488 14 7817 9762 41 7294 6659 24 5681 6106 28
7021 5396 7 6246 7575 12 6844 6636 27 6807 7733 42 5276 5790 29
4345 4910 6 6836 5155 13 5341 5906 20 3761 4009 17 5520 6691 38
6139 6942 5 8425 7409 13 5577 6152 15 7081 6449 24 5593 6730 29
6476 6270 3 5423 6202 9 6110 6237 22 5333 4887 18 5063 6483 41
7380 7834 5 7078 5277 8 3610 5244 6 6608 7336 23 5851 5420 28
5692 5191 4 5484 5582 17 6862 6655 21 5522 6985 33 6666 7504 31
5779 6120 3 5692 6026 3 4035 4966 8 4832 5106 24 5188 6091 34
6561 7584 8 8084 5550 12 7051 7364 28 5611 6647 26 5612 6512 33
5214 5274 3 7097 7014 12 5850 5484 13 5727 4447 24 4301 7319 40
3803 4433 0 4339 3782 6 5456 6921 15 3325 3966 13 3049 4523 35
5577 4597 2 4822 5175 3 5189 6230 10 5755 6291 28 4461 5304 29
6403 7918 6 6284 5015 8 4773 4998 14 5970 6160 17 4317 5599 37
4715 5182 2 5414 6881 14 7578 6131 17 6408 8626 41 6560 7064 31
6217 6279 8 5358 5599 8 6293 5992 23 6715 7283 32 5092 5329 31
5651 5542 6 4838 6687 8 5476 5831 19 5156 4253 25 6372 6694 34
5314 4702 5 6292 5982 11 8724 9091 34 5212 4570 27 5610 7723 16
6428 6414 5 6968 7996 16 7196 6250 26 5589 7617 34 5518 5165 22
7336 7390 10 8000 7312 15 6946 5794 11 4669 4549 10 5522 8243 38
6538 7404 6 7006 6561 11 7454 7048 26 6468 7129 31 5727 5733 29
6079 6479 2 6626 6671 12 6604 5973 14 6900 7550 32 6001 6908 39
6730 6346 4 6303 5800 12 7905 9095 33 5487 6675 21 7238 6415 30
4905 5386 3 4945 5743 5 4732 5574 15 6787 6974 21 6595 7413 41
4381 4667 2 5834 6516 11 7296 7419 21 5885 7099 24 6426 6304 41
4283 3343 2 6108 6060 10 3680 4484 9 5252 4562 15 5011 7192 39
6462 7950 5 5906 4452 6 6365 6738 16 4752 5058 17 4703 5452 33
6504 7889 6 7252 6018 10 6914 7603 19 6895 8002 22 6551 6310 36
8392 5769 8 5753 4975 11 7000 8650 35 5190 7627 24 4386 7101 28
6612 5619 5 6067 6104 12 6645 7217 33 4430 6708 21 6015 5722 28
5503 5813 6 7794 5149 8 4985 5964 11 4678 5680 20 4309 7061 43
7098 8176 8 3657 4430 5 6468 6370 18 6691 8572 38 6208 4780 27
6303 6166 7 3622 4848 8 8568 5874 27 5238 7535 31 6839 7410 32
7613 7881 8 5950 6812 11 5660 6118 15 6905 7310 32 6442 6596 36
7973 9365 15 6748 7683 6 7974 7617 37 6456 6230 19 7215 7060 28
8032 7170 8 4659 6666 4 8934 9430 37 5930 5357 28 5686 5662 36
8052 6696 7 5700 7118 9 6681 5631 12 6505 7565 27 6612 7692 37
5031 4811 5 6155 5995 7 6741 6609 29 5503 6039 14 5832 7911 39
7031 6807 8 8107 7482 10 7499 9867 29 6556 6717 24 6782 6134 32
5535 5541 3 5571 5339 12 6763 8126 28 5911 6464 26 5150 3818 26
7695 8377 10 8431 7830 15 6337 7943 22 6929 6383 22 4893 5978 32
4010 3828 0 5894 5452 7 7211 8332 25 6599 7206 25 6523 5977 33
6128 6010 6 5932 6811 8 5263 5441 10 4115 4934 10 5026 5819 34
6053 7200 8 7444 5900 11 5358 6108 17 5031 5204 28 5422 7045 35
6355 8189 11 8551 8291 18 8454 7620 32 7237 6413 27 5523 7133 33
5682 6533 3 6887 6587 14 5780 6700 16 5799 5134 9 5220 6560 41
5868 7693 7 6665 6510 10 6091 6004 17 5046 6896 33 6713 5076 27
5968 4793 5 4794 4541 13 4759 4134 7 3824 4825 11 3430 6077 40
5304 4744 5 7230 6828 11 5823 5154 17 3921 4648 9 4126 5681 37
4055 5100 3 4877 4496 4 4929 3805 13 4949 4526 18 4087 6505 42
6733 6790 9 6323 5996 16 3991 3931 10 6950 7074 28 5539 6715 36
6118 5448 4 5341 6384 8 4343 5585 7 5501 4873 29 4331 5283 25
4424 4591 1 5868 4439 11 3063 4491 15 3992 4510 23 4486 5920 34
7626 7347 6 6143 7658 10 9219 7782 34 6658 8816 29 5979 6288 24
5896 6253 7 4673 4689 12 6328 7417 24 5149 7129 29 6810 5484 31
5695 5784 3 5978 5266 7 4988 6387 18 4857 4565 17 5798 7436 39
5570 6702 5 5129 4553 7 7399 7061 24 5273 6337 18 6393 5684 34
8057 7344 6 6170 7192 10 6405 5295 10 5314 5935 16 6403 8161 39
4497 5606 9 6783 6786 14 5493 4673 14 5298 5814 27 6966 6970 32
5928 6397 3 7111 5537 8 5324 4893 8 7144 7809 14 5959 6984 33
4728 6052 3 6430 5899 9 7116 5941 13 6669 7544 28 6421 7080 39
5410 5305 4 5330 5361 11 6738 7084 24 7238 7273 36 5236 5252 26
3417 3471 1 4868 6518 8 4350 5109 15 4151 4544 18 5162 5153 32
5768 4767 3 6445 6658 8 6889 6898 27 6205 7069 27 5880 7311 35
3668 5400 3 6879 5617 8 3435 3568 8 3881 4289 13 4480 5631 36
5295 4628 6 5582 5496 10 6101 6804 22 5549 5238 26 4357 5212 26
6213 7546 9 7587 5070 7 8264 8425 33 5631 6705 22 4340 6211 33
5307 4980 3 4823 6036 6 5614 5884 10 5093 5818 11 4763 6049 46
5486 5300 3 5533 6049 7 4797 5946 21 4350 4434 15 4918 5577 34
5474 6186 3 6282 6552 6 6730 6475 17 6879 7403 39 6321 7380 38
8769 8968 11 6737 5996 12 7509 6584 27 6235 6203 24 5777 6572 30
4496 5234 2 7035 5970 18 6629 7493 16 8059 6752 37 6713 6725 24
6834 9186 9 5948 5593 14 9252 8062 36 6569 6096 23 6687 6935 21
6854 7022 2 8380 8529 17 5938 6704 10 6482 6201 20 9196 9512 42
7075 6435 9 10045 9214 13 5705 6213 20 5168 5665 14 4381 6508 37
5872 5575 6 5586 4766 7 6755 6887 19 5033 5897 17 5719 7349 45
5468 5478 5 5738 6750 11 5837 6293 19 6956 5566 18 4998 6169 39
7566 7246 6 5896 6612 14 6771 9961 38 6488 4425 13 4678 5134 29
6047 5095 6 6295 4983 6 4461 5738 21 4196 5792 10 5206 6124 39
6712 6967 5 7275 7261 13 6023 6842 18 7334 7775 40 4110 5013 17
5933 5401 6 6598 6638 6 6533 6845 17 6211 7169 28 5305 5191 27
5605 6119 3 5796 5556 6 6175 5086 6 7304 8788 42 4501 5690 17
5997 6724 3 4574 4216 7 4183 5166 6 5327 4764 10 4671 5630 36
6121 4985 5 4585 5408 9 5551 6104 15 5934 7803 35 6712 5874 33
5059 3832 3 5358 4029 5 6372 6507 14 4121 4348 15 5611 8459 36
6174 6594 9 5672 6489 9 8176 6604 24 7586 7188 27 4881 7511 39
6753 7124 7 5841 7113 15 7635 6790 17 6545 7431 34 6633 5420 25
4547 5746 6 5578 6961 9 5993 4568 16 7632 6376 37 4906 5646 29
3708 4969 5 4398 4991 8 5315 4986 11 6657 5721 21 3821 5341 34
6729 5672 1 8815 8532 17 6752 7591 23 5206 8540 34 5983 5667 31
5672 5237 3 5576 6015 12 5730 6937 29 5785 6252 22 7429 6583 29
6446 5447 2 6916 6500 7 5755 4513 9 4748 7622 26 4942 6537 35
6678 7193 10 6611 7892 12 5412 4432 12 7560 7004 37 4851 5551 25
7239 6487 4 6943 6996 8 5550 4959 7 4427 5188 26 3230 5573 30
5342 5342 4 5276 5662 11 4397 4839 11 5208 6472 29 5389 5777 32
8745 9561 11 6274 6576 10 7255 7489 19 7284 6484 22 6645 8180 44
5462 7467 5 7145 6216 16 6188 4903 14 7174 6647 32 5744 6388 33
5616 5809 2 4986 5562 7 6096 5557 17 5244 6841 27 7109 6387 31
8785 7610 11 8447 8227 11 6606 8312 31 6129 6663 23 5143 6507 33
8557 6140 8 4655 6904 10 5524 6077 18 5719 6678 33 8213 6238 31
7075 6322 8 7747 6555 12 5575 6811 33 5795 5600 25 4091 6085 25
5122 6637 6 6392 6341 12 7847 6353 24 5146 7145 24 6212 6119 37
7104 5905 2 7600 8249 14 5890 6501 11 7842 7757 33 6871 7373 34
5786 5941 5 7305 6966 11 6869 5466 17 6087 7254 24 5527 5667 33
6494 5801 1 4965 6564 9 5912 6382 16 6505 4737 11 4063 5614 34
8271 9040 13 6086 4937 11 6381 6915 14 6495 5897 22 3808 7289 37
6763 7694 8 4939 5537 8 8811 6631 31 4328 5775 32 5152 5332 28
9100 7400 11 6152 6873 9 7039 6795 12 5691 6763 19 6435 6499 32
5015 4498 1 8339 7742 12 5942 7508 14 5343 6922 35 4733 5473 19
4959 5775 7 7271 6495 15 7639 6859 20 7503 7736 34 3894 6350 29
5385 6418 5 6535 7070 9 5378 5498 18 5315 4481 16 6133 7151 44
5263 4495 0 7850 6974 10 6047 6736 20 6647 5996 15 3627 6493 32
7153 9420 10 7569 6099 10 7229 7130 27 5731 8909 36 6095 4593 24
5642 5183 5 6440 6181 11 4317 5473 16 4469 7851 36 4968 5246 19
6577 6505 3 7200 7443 10 7691 6694 23 6280 7568 30 5770 7281 36
8560 7054 11 8413 9608 19 7361 7475 25 7552 6379 24 4969 7022 23
5514 6559 4 5809 5284 6 5289 5400 8 7214 6162 16 5565 8206 41
6750 5296 8 4693 6551 7 7107 6356 19 8255 8645 37 6634 7551 28
6340 6094 3 4067 3687 4 3932 6254 11 6475 3634 18 4584 6740 43
5573 5184 3 5438 5899 12 5985 5107 28 3904 5983 20 5591 6613 45
6093 7360 6 6574 6410 7 6465 6993 18 6044 5212 20 5668 6326 32
4783 5227 1 5387 4929 8 4383 3691 4 2935 3527 5 4094 6718 39
4857 4540 6 3944 3914 5 4152 4115 13 4645 4883 22 4291 5213 29
7361 5831 6 6221 6028 11 5967 5951 8 6143 7521 14 5495 7323 39
5914 6151 10 7410 6165 13 5128 7276 22 5924 7023 27 6910 6382 34
4789 5184 5 7445 6958 15 6642 6132 25 4284 4230 16 4324 6936 41
6402 5910 4 4898 5426 4 6577 5222 15 6926 7731 42 4123 6252 23
6959 6784 4 6231 5596 8 6644 6579 17 5210 5851 23 6525 6942 32
5907 4829 4 3017 4393 2 5707 5133 13 5258 5020 17 3168 5993 35
5213 5171 2 5366 5177 5 5852 6510 15 4659 6008 8 4963 5551 36
7050 7782 6 5838 5793 6 7184 6332 21 6888 6742 21 5626 7830 29
6073 6016 4 6077 5530 6 5802 6322 9 6431 6342 19 4047 5607 37
5631 6952 9 7871 8268 14 4417 4811 16 5885 6715 38 6423 5903 26
6310 6285 6 6215 6861 8 4937 6761 13 6267 6349 30 6758 6384 32
5979 7545 5 8326 9304 14 8717 7088 12 5104 6344 21 5958 6473 34
8306 7658 10 6269 6709 13 7257 7735 24 5492 6145 24 4125 6331 33
4968 6320 6 7994 7999 16 5762 4616 13 6686 5892 25 6563 8051 33
5288 6657 9 6515 5717 9 6465 6834 22 6164 6790 29 6440 5129 28
7397 6875 4 8204 8294 14 5470 5616 19 6430 8571 35 6664 6452 30
7826 9222 7 9776 8674 17 8513 6673 23 8086 7932 37 5748 7601 25
7926 7485 9 7615 5073 7 5665 5744 15 5568 6229 19 5372 8302 46
6264 6651 3 7215 6533 11 5389 6097 8 6275 6517 27 6860 7097 35
7288 8102 6 6698 6857 11 9313 7263 25 7961 9116 42 6223 5952 18
5133 5989 7 5619 4564 5 4822 5886 15 4703 5021 18 4216 5285 33
5969 4205 7 4532 6091 11 7265 6753 23 5296 5407 12 4949 7823 37
6564 6971 6 5913 6410 6 6430 6214 25 4881 4975 17 4790 5868 35
8237 8381 12 9334 10221 20 6310 6206 16 7789 6695 22 5183 6074 35
6173 5481 5 3396 3971 6 4111 6215 17 5506 6220 37 4280 4717 31
4355 4776 3 5562 4965 8 4446 3775 16 5766 6388 23 3121 5207 31
7831 7104 10 5620 7061 11 5391 4522 21 6119 5931 29 5111 6353 29
7192 5976 7 4699 5735 7 7317 7007 16 6101 6803 21 5999 8322 45
8632 7815 5 6791 6122 14 5873 6406 28 6423 8258 32 5356 5424 19
6446 6477 5 6783 5288 5 6775 6930 20 5137 5720 20 6004 6656 30
4899 5772 4 5796 4721 10 5544 5838 24 4308 5298 32 3764 4805 20
7313 7621 12 4926 5606 11 5357 4907 7 7153 6707 39 4800 5287 24
5881 5848 5 7068 6941 12 5667 6191 21 7669 7106 36 5191 4566 16
4212 4431 2 5722 6326 7 4683 3905 5 5241 5157 20 6659 7669 42
7693 6247 5 5444 6656 9 7188 7235 23 5784 6611 34 5785 7788 23
6458 6192 7 7746 9095 18 6420 7476 24 6279 6234 26 6968 6641 32
7567 5925 7 6673 7086 13 6456 7816 23 5611 6314 24 5232 5372 36
7171 6302 12 7506 6249 9 4969 6277 23 6861 7282 29 5176 7307 32
6915 7349 7 5601 6556 10 6632 5974 24 5955 6817 20 7592 5876 36
7510 5772 6 7643 8839 14 7574 6877 24 7274 8070 34 5418 6631 36
7411 5640 9 6103 6075 15 4356 6924 34 4272 5412 19 4473 4371 18
6413 5929 6 6870 6488 3 6138 6584 13 5710 6069 29 4554 5927 37
6714 7264 4 5683 6518 9 5714 4956 12 7767 5407 17 6569 7882 42
6655 7181 7 7085 7339 14 7218 6400 27 5733 6514 18 6446 7349 40
5678 6410 5 3471 3801 2 5523 4787 24 4593 5252 30 3782 4524 23
3499 3629 1 4814 5229 8 3908 5009 26 4710 4896 19 5315 4681 28
5968 6167 3 6432 6375 14 5063 4701 13 6037 7266 25 7190 5752 30
7698 8017 9 9928 8059 15 6493 7654 20 7290 7751 27 6087 7470 36
6267 6963 7 5683 6517 12 4308 5329 12 3681 3996 12 5953 5651 37
5828 5726 3 8694 7375 19 7735 7439 20 6185 5850 23 6401 7632 32
6279 5866 4 5688 7342 13 6233 6776 16 6203 5035 24 5545 5884 31
3022 3428 2 4990 4273 5 5455 5391 16 3438 4154 7 4855 6776 39
7351 8276 8 7476 6793 11 7027 8938 37 6076 5987 24 6009 5193 28
8200 7270 11 5616 5519 15 5987 5577 19 6281 6680 28 5856 7960 38
6786 6996 5 4551 4986 3 4234 4832 5 5637 5416 37 5058 5026 22
5618 5843 7 5632 6948 9 5729 5548 19 5264 4538 22 4517 4480 30
4260 4272 0 5903 6137 13 4518 3548 7 4982 4596 22 4944 8069 41
5847 5802 4 5184 4577 4 4763 4325 16 4766 4658 17 5514 7076 36
5333 4711 5 6992 7350 14 5391 4740 10 5246 8713 40 5667 5705 26
6567 4786 5 5041 4728 7 3204 5515 5 5375 6326 28 5328 6891 37
5295 6671 2 5444 6470 8 8073 6800 22 7857 6998 22 5209 7765 40
8506 8268 11 5708 6273 13 6829 6702 18 4349 4451 20 4732 7596 39
7739 7816 7 5015 5860 6 5880 5529 21 6248 7233 28 5466 6656 34
6048 5751 7 5524 5875 19 4487 5562 12 5415 6952 31 7169 6238 34
6486 6746 4 7373 7843 16 5927 7506 25 6982 6312 22 6045 6002 33
6598 6566 9 5591 4806 10 5814 5956 14 4791 5054 20 3565 5960 29
6980 6851 7 6675 7109 8 5004 5014 12 4857 6306 21 5217 5696 38
6117 5720 8 10363 8518 20 5352 7508 16 4882 5225 33 5482 5864 28
6757 8059 11 4021 6117 3 6961 5470 19 5955 5891 28 5322 5442 30
7631 8563 6 6777 5832 12 7211 7829 21 7716 8833 27 7357 6037 32
5958 6081 4 5473 6145 14 7783 6587 25 5749 7937 35 5996 6298 29
8180 8354 13 7156 7529 14 7291 8705 19 7402 7576 28 5843 5961 32
5350 7294 5 5874 8026 13 7437 7937 32 7189 5963 33 6561 6283 28
7089 5915 7 4790 3755 5 5294 5439 11 6842 8525 38 5402 6911 33
8213 9311 11 7600 7016 14 7990 7377 27 7466 8166 31 5408 5237 23
5369 5171 3 7539 8363 18 5749 6461 24 5624 6381 32 7052 5976 33
4774 4881 6 5535 6269 7 7714 6648 33 5091 6864 21 7311 6988 31
5350 4874 2 5323 4543 7 3801 5343 18 6211 5523 26 5368 6422 33
7639 9217 12 6888 6710 11 5860 6639 17 7209 8458 37 7032 5176 22
7158 5801 7 8301 5938 9 6481 7351 23 6678 7356 24 5031 7483 36
6418 7173 6 7569 7192 18 5119 6784 13 5950 5578 18 5348 5720 30
4608 5368 3 4972 5159 9 7403 7760 22 5727 4781 14 5366 7672 49
4709 3764 2 5493 6597 7 5922 7103 24 5248 5948 32 5442 4532 24
5474 5875 4 6165 6104 10 5422 6952 24 6257 5472 24 4395 6696 39
9184 8190 7 7623 7948 11 6725 6291 16 6867 6432 27 6806 7281 32
5991 5695 2 5827 6459 10 4842 4786 3 5852 7953 31 5879 5389 39
6340 6267 5 7331 7618 12 8827 6809 23 5135 6345 28 6010 6903 30
5579 5678 2 5526 4544 9 7972 7186 24 6487 8313 41 5174 6865 26
9461 8399 9 7525 8569 17 6429 6690 27 6555 5611 29 5803 6850 32
8171 8459 10 6293 5496 7 7158 8555 21 5989 6634 20 5208 6314 36
4624 4344 2 6356 6132 12 5392 5596 19 7487 7320 33 3823 6029 33
5130 5489 8 6306 6875 8 4823 5100 17 5455 5939 25 5781 5919 32
6557 7695 12 7479 7005 21 6940 6572 21 7996 5993 28 4596 6808 28
4270 4536 2 2898 3923 2 6170 6463 18 5642 3566 10 3381 5118 37
6248 5781 2 5947 6205 13 7771 6699 21 5242 6033 29 5122 6512 33
8406 9609 8 6311 7047 10 9215 8898 26 6879 7041 22 5728 6551 31
6089 6429 4 7621 7353 11 6848 6614 14 6582 7146 28 3334 4725 29
7976 7579 8 5408 5821 14 6244 8108 26 6162 4687 20 3865 5178 34
8466 7143 9 5136 5082 7 6506 6268 15 5672 7634 38 4397 5817 26
5687 6400 4 4407 3130 6 5591 6482 16 6381 7953 45 7131 6681 30
5843 5391 5 6326 4425 8 4827 7082 23 5229 5251 20 6248 6210 31
4256 4815 7 6050 6114 10 5301 4592 22 6372 5642 26 3766 5401 31
6933 7162 6 7339 5894 13 6231 8017 25 5594 6546 16 5856 5243 38
7773 7362 7 7170 7291 15 7070 6314 22 6086 5686 22 5951 7874 35
6189 6171 5 4270 4468 11 6044 7431 19 6269 7490 32 5854 6604 33
6752 6665 4 6233 6664 11 4698 4577 18 6558 5818 21 5772 7759 37
7914 7005 8 7452 7444 20 6378 5866 23 6074 5995 25 4702 5548 28
8758 7549 8 6101 6844 7 6818 8366 23 5172 6963 33 5505 5679 29
6880 7262 6 6571 5774 16 5587 6938 21 7615 7719 36 5771 6127 27
7406 6576 5 6258 7090 9 6180 6053 21 6408 6070 24 4231 6235 35
7108 7062 11 6789 7890 21 7251 7473 27 6791 6437 23 5414 5431 30
8643 6778 6 8631 8325 20 6877 7116 30 6288 6972 29 5661 7636 32
6413 6073 6 5603 6940 12 5205 6315 22 7152 7576 27 6485 4891 31
5996 4660 4 4717 5925 11 5621 6484 25 6922 8179 39 4749 4704 17
7648 6739 6 6724 6762 11 6098 7113 21 4988 7047 37 5259 4357 19
5605 5576 3 4861 6506 9 4932 4755 11 3769 4241 13 6552 6904 39
5616 4958 5 4047 3878 5 4172 4263 10 4839 4214 9 4955 6856 36
5217 5382 2 5706 5403 8 6513 6961 15 5736 5858 15 6225 6504 40
5017 7347 5 4825 4897 5 8392 6765 30 4782 4020 19 5550 6521 31
7095 6662 5 6399 7423 13 7513 6228 19 5493 5778 11 4709 6143 35
7135 7007 3 7193 8255 17 6939 6594 25 7079 6600 31 6125 6824 35
4904 4798 3 8374 6887 13 5111 4902 19 4614 5853 25 4812 6722 40
5024 4969 4 5908 7876 13 5942 5065 15 6010 5981 27 5167 5611 34
3891 3233 0 2391 2746 4 2815 4394 8 3092 3447 10 3217 4402 34
8682 8729 8 7983 6594 16 6132 7545 28 4931 6214 20 6198 7913 40
4819 5624 2 6713 6777 9 6687 7415 19 6417 8726 47 8398 5510 29
9557 8442 13 6640 8511 19 7219 7200 23 7253 6389 28 5289 6877 33
6721 7766 7 7984 7618 14 9878 8617 34 5967 6443 25 4781 5776 23
7354 7056 6 6388 5590 8 6931 6107 16 4799 5532 21 5275 6570 39
5448 3988 5 3590 3869 10 4951 4743 15 5748 6380 26 5657 7799 42
7828 5847 4 6734 5325 6 4943 6534 9 5751 6868 19 5972 7944 43
6374 6760 3 5737 5438 5 7669 7594 22 6196 7220 9 8575 8206 35
6301 8073 9 7738 7074 15 6327 5968 22 6623 6300 29 5804 7064 36
6238 7690 4 6129 5996 14 7362 7363 27 9037 7864 39 6262 5884 21
4778 5181 4 6091 6116 7 5197 4962 7 5936 5452 16 4520 6168 35
6290 5444 6 5507 5813 10 6036 6458 23 6079 6963 29 6094 7560 29
8075 7570 12 5417 6383 10 6310 6149 18 5662 6699 32 4690 5548 26
7576 7448 9 7626 9202 19 7767 7378 27 5816 5076 19 4433 5851 37
7620 6598 7 6274 6869 10 6446 8287 32 5828 5500 25 6269 5654 28
6029 6335 4 7532 7784 11 7927 9502 32 5844 5514 18 6251 6313 29
4911 6637 5 6655 5399 10 5438 5485 6 5635 4778 27 6236 8126 38
7827 8396 7 7386 6891 16 6495 7140 11 6906 6818 30 4853 6734 36
7834 8887 9 7276 7583 14 8164 7658 31 5023 4285 19 6319 6254 29
6306 7185 8 5004 4597 10 5292 5995 14 6239 6313 19 7209 6793 38
7418 7986 4 8190 7417 8 6606 6682 18 6638 7463 30 4633 4521 23
5740 7498 7 6183 4353 6 6803 6850 17 7101 7477 33 6096 7877 29
5326 6780 3 6191 5135 8 6094 5712 20 5069 7188 33 5592 6009 35
6984 7832 6 7323 6940 14 5832 7647 32 6139 5297 12 6051 5918 32
5621 5691 7 6971 7427 17 6132 5635 21 5447 5796 27 5178 5355 32
4236 3956 0 4374 4475 6 5641 6366 13 4479 4448 19 5217 6783 44
5557 5039 6 6407 7117 15 5466 5566 17 4252 6941 36 6276 5183 30
8174 7211 8 5965 7021 9 6107 6858 19 5735 6580 22 4937 6314 44
6408 6452 6 6583 7212 13 7329 8201 22 5035 6422 21 7142 6128 36
10340 10480 13 6914 6322 9 7671 7763 34 7578 7418 34 4156 6006 22
5718 5541 5 7178 8193 11 8093 8951 32 7314 7792 34 6846 5200 22
7712 8462 7 6050 6062 10 8619 9971 37 8158 6458 33 4704 4026 22
8105 7273 8 5516 5866 11 8081 8861 37 6966 6018 26 5490 6592 20
9581 7927 11 6260 6403 14 5102 7830 15 5834 5305 19 5754 6550 42
6168 5141 5 7523 6864 12 5134 5901 21 7403 8488 36 5590 5825 22
8269 10124 10 7576 7637 12 6209 5891 23 6548 6773 26 6603 6707 33
7689 7056 5 6765 7356 11 4717 5772 19 6748 7055 34 7043 6288 30
5583 4625 6 6468 7514 15 5649 6590 20 6100 7358 33 5819 5686 32
6397 5678 5 5754 5899 20 7601 8332 37 5589 7467 28 5345 5825 25
7208 7271 7 8235 6647 16 6826 7467 21 7561 7908 32 4107 6036 28
6969 5901 6 6019 6245 10 5303 6457 12 3688 5593 24 6410 5460 32
7439 6790 6 8684 6970 11 5229 6225 9 5546 6040 22 6174 6825 36
4299 5241 5 5129 4470 4 5606 5556 16 6299 7754 35 6317 6227 29
7912 8029 7 8515 7907 10 6595 7746 20 7098 6673 36 5766 6416 22
4984 3851 3 4235 4560 6 5419 4670 6 2737 3647 9 3243 5157 32
6420 6982 4 4660 4389 2 5389 5857 10 7600 7796 33 5471 6088 32
6759 6233 8 5991 6198 4 6333 7683 26 5410 5280 15 6695 7370 42
5691 5217 6 5942 4033 6 6808 6807 21 4031 5942 16 5837 6755 32
6576 7234 7 5595 7189 14 5858 4971 12 7150 6222 26 6091 5979 30
6989 6098 7 5040 6729 9 7396 6863 24 5173 6401 24 6000 6102 31
6520 5376 4 4330 4831 7 5670 6583 22 5118 6178 36 5531 5246 21
6294 5886 5 6179 6392 16 6995 7869 19 5583 5811 17 6519 7748 42
6218 4290 7 5885 6545 10 5132 5922 19 4138 4236 15 7114 8236 42
4767 5163 3 5566 4412 11 6210 5938 10 5331 5962 19 4355 6033 28
5276 5628 2 6852 5626 4 3759 4164 22 5565 5816 26 4586 5946 34
7091 6508 7 5186 4771 5 5783 6419 18 4410 5370 12 6169 7735 39
7731 8429 15 6812 7074 12 4903 5654 13 7578 6411 28 6342 6011 26
6048 6005 5 5125 5048 11 5768 5997 20 6824 5667 26 4023 6965 33
4991 7213 6 6553 5957 13 4691 4726 12 5474 5930 16 6964 7196 37
5892 4997 6 6399 5470 11 4066 5498 15 4412 5265 18 4993 6525 35
8315 7949 6 8344 8592 19 5647 5599 16 5698 6797 31 6343 5009 21
7434 7108 5 5366 5671 10 9392 9316 38 4471 4995 21 4934 6250 30
7834 6747 8 7059 8382 21 7359 7780 35 4751 4925 14 5515 5691 22
10489 9192 12 7290 7012 16 6278 7213 28 7418 8877 31 7210 6525 29
6444 5585 5 5213 5763 11 6393 5861 19 5426 6794 30 5806 6894 34
7468 6888 10 5685 6345 9 6946 7593 33 6707 5389 28 4649 7116 30
8773 8553 15 5094 5283 13 6165 6741 23 7202 6484 31 5283 7370 21
6383 7785 7 6337 6287 10 6847 5571 23 4849 4320 19 5011 7411 41
7967 7859 6 5121 4840 7 4031 6213 19 5880 4949 21 6141 6175 34
6605 6781 8 3060 3687 5 7466 8136 28 7251 6588 28 6031 6673 34
7539 7501 3 4777 5388 5 6013 5150 19 5116 6630 25 6307 7154 41
7329 7190 9 6531 5921 13 6963 6630 21 5443 5978 38 6684 7651 29
8026 6928 7 6685 6440 10 6356 8495 36 6546 6839 25 8444 7467 32
4852 5564 8 5783 5489 9 4938 4264 10 6297 6162 24 6402 7442 32
7115 7665 14 7157 8226 22 6903 5994 21 6094 6049 20 7011 6267 29
5127 5951 7 6023 7502 17 6503 5670 22 6565 7874 38 6563 4928 25
5742 6472 4 6277 6980 8 6389 5729 17 3508 4591 17 9464 7483 38
8259 7279 9 7184 8010 15 6822 6840 22 5643 5630 23 6308 7030 35
5777 5013 3 6431 6538 13 7212 7878 17 4294 4858 7 7582 7108 41
6703 6806 6 7536 7630 11 4795 4607 4 6164 7376 38 5786 5233 27
6750 5827 5 8145 8654 21 5525 7047 17 7196 6773 20 5241 6160 37
6665 7145 8 5197 6434 10 7166 7647 29 6110 5611 36 6515 5600 23
6381 5799 5 5557 6114 10 5991 6786 20 5345 6516 19 5920 5721 34
6353 5020 7 6740 6018 8 5224 5280 20 6074 6801 20 6009 7753 35
6626 5880 7 6604 8190 7 6738 5933 22 6200 7540 33 6986 8016 34
4549 6049 4 6185 7889 19 6486 6277 23 5875 5494 17 6716 5956 35
6722 7330 6 8749 8030 17 7906 7238 28 5542 5855 20 7476 7475 33
6270 6643 4 8801 8585 19 7449 7135 13 6472 7501 32 5060 5194 27
5958 7837 12 6001 4703 7 7374 7252 29 6515 6393 34 5696 6114 28
6955 7600 6 6547 6728 9 6736 5510 18 4877 5323 21 6636 7326 34
7543 6341 5 5967 5960 12 7083 7543 23 5488 6074 28 6491 7616 40
5411 5697 5 5859 5933 11 6326 5836 19 6326 5730 20 6281 7358 39
4634 4190 5 6461 7209 8 5182 4779 10 6457 5904 21 5683 6522 34
9343 8047 7 6394 7251 13 5370 7581 21 7326 5717 14 6730 8426 46
6743 6029 7 7259 7692 12 4632 5590 4 5811 4961 16 6491 8278 40
6634 7561 9 7921 9043 17 7579 6487 21 6183 6928 30 6222 5934 25
4140 5796 4 5664 5276 8 4389 5989 29 4925 5431 22 6130 4866 25
7638 5853 5 6741 7140 13 8377 8582 25 6790 7549 24 7109 8374 38
8098 8356 5 9370 8093 15 6700 8656 23 8410 7906 36 6896 6676 30
7989 7827 10 7616 5735 15 7529 8450 28 5729 6421 32 6692 7762 28
6968 5389 3 5268 7775 17 6427 5825 8 3970 6251 32 5781 4634 23
8899 8461 12 8160 7888 14 6067 7038 17 7158 6418 32 5159 6515 26
7220 7441 4 6873 7003 13 6232 5832 21 6039 8994 39 7597 5136 24
6851 6914 4 6725 5546 12 6567 6923 19 5044 6838 32 6174 6773 29
5519 5064 5 6714 7370 11 7164 7635 18 5893 3963 9 6117 8213 38
5529 4629 3 6204 6584 10 7441 6902 29 3707 6249 35 5327 4855 21
5644 5729 5 7521 6148 14 5673 6885 19 6555 7322 23 6392 6978 40
6071 4960 4 8120 8663 19 7708 7113 30 5520 5984 21 5947 6415 27
4228 3724 6 3920 4054 7 5257 5616 16 5835 5448 30 5177 6803 36
7003 5896 1 5326 5904 4 5379 5718 10 6244 5776 13 5002 6381 31
6168 6402 6 6364 7906 16 6376 5817 20 6055 6064 23 6363 5398 31
8914 8463 14 6685 7423 13 7787 9302 32 6063 4094 22 5151 7299 34
5054 5297 3 6977 6400 10 5405 6363 22 5505 6511 28 5586 5182 33
6621 6099 3 6843 7694 14 6392 5968 14 6243 6983 30 6192 6460 25
7833 6080 12 5875 6125 12 6748 8797 33 6022 5755 28 4628 6933 29
6103 6695 6 7783 8044 10 6503 6422 11 7035 8214 31 6128 7912 37
6256 6793 10 6853 7620 11 5429 4601 17 4605 4580 17 6904 7346 39
8809 8564 8 6844 9024 11 6246 6150 11 6858 6338 18 6471 7817 42
7594 8853 15 6998 6416 10 8439 9182 22 6670 6148 23 7179 7727 29
7442 6731 3 6406 7774 13 5829 4561 10 4709 4822 11 6346 7058 37
5924 7344 7 6852 6467 9 7196 6735 27 7594 8624 37 6525 6313 33
7530 5846 6 8822 9051 14 5059 7161 19 6039 8278 30 7435 7104 31
5561 6342 5 7104 6875 12 9572 7643 33 5739 6909 12 3794 6227 33
7049 8201 10 8306 7199 12 6680 7231 32 5992 5928 23 6423 6653 30
7236 7767 4 6442 5224 13 7369 7984 31 5616 5526 26 5327 5899 28
5328 6600 7 5498 6094 7 5597 5119 12 4233 3656 7 4998 6739 38
6226 7521 6 5226 5491 5 5773 5485 14 7241 7237 40 4600 5073 19
6760 7282 5 6107 5748 6 7692 6343 31 7315 6525 27 4461 6310 26
5517 7708 7 5676 6537 5 7258 7691 32 8717 6932 34 5771 5768 26
8132 8290 7 6412 6896 9 6633 5826 20 6358 6317 24 4199 5325 30
6890 6543 4 6875 6933 11 6304 6060 18 6961 8475 30 6167 6175 31
7040 7185 8 7550 7736 15 4886 4974 15 7219 7880 32 6119 6335 33
6965 5083 6 6843 6535 8 4056 6031 20 6705 7504 32 6299 6264 27
5421 5356 3 6945 5367 7 3828 4375 8 5084 5488 19 4752 6943 34
6161 5861 2 5311 4836 11 4114 5565 17 5475 5240 10 4759 6166 47
6210 7244 5 4565 4646 8 6581 7350 22 9284 9204 51 4869 6443 22
8438 7916 11 8657 8674 12 6791 8381 29 5991 6651 20 5504 6979 40
5913 4591 5 4951 7088 14 8561 9480 29 6497 6550 30 7319 7270 38
6990 5751 8 8061 8297 18 6519 7107 15 6141 7575 38 6359 6260 25
7091 5127 5 6191 7408 5 6113 7532 23 8102 7455 34 4933 5034 27
8161 8348 11 5946 5449 9 7539 6187 16 5886 8869 40 5746 5563 24
8422 6443 10 6086 7153 10 6588 6396 25 5562 8275 31 7993 7001 29
7055 7544 5 6852 6538 11 7850 7873 22 6990 7439 25 5853 5852 31
7295 6287 3 5736 4971 6 5365 6703 10 5124 5060 12 6255 7922 39
7986 7862 5 5603 6313 11 7384 7416 28 6256 6262 32 5452 6519 27
5757 7668 8 5021 6690 8 7049 5863 18 6304 6272 21 6562 6543 37
6262 6741 7 6128 6270 5 6607 7398 32 5852 5074 16 6078 6784 39
7415 5882 7 6596 6337 15 6979 7441 25 5769 7100 26 4453 4614 26
7182 8728 10 7374 6010 14 6416 7046 18 5781 5684 18 5277 5926 37
8081 6710 8 4967 6215 10 4652 4870 13 6827 7421 29 6565 6935 36
7436 6920 7 7149 7505 10 4610 6535 14 7003 6567 34 6111 5925 23
7334 6174 2 6568 5940 15 7323 7493 23 7112 7385 32 4760 6499 27
5365 7435 6 7098 7774 8 8797 6504 19 6543 8286 44 5443 5632 21
4678 5329 5 4863 5393 12 5860 5137 16 4330 4143 25 4422 4549 27
7381 6255 6 5558 6201 9 5567 5272 25 6732 7553 33 6118 6885 25
5643 5803 3 5768 5055 8 5449 5699 15 4863 6817 29 5715 5936 29
9508 8822 11 8893 8090 18 7044 6524 22 4800 5419 20 4479 6225 33
6541 6775 8 5025 6336 8 6205 5109 14 4974 4771 21 5187 7169 37
5214 6691 2 6103 6577 18 4919 4542 11 4779 5298 12 7348 7011 41
5703 6556 2 7177 6466 8 8642 9222 30 6919 8624 31 8837 7525 32
8275 7973 6 6919 6017 10 7127 9395 27 5528 5716 19 5309 5999 30
7167 8244 8 6061 6130 11 6383 4036 15 4595 6305 29 5047 5313 30
5192 4931 4 6213 5559 8 4634 6160 15 7095 6131 26 4904 6510 40
6007 4953 2 4849 5130 5 6360 6584 17 5633 7716 23 5903 6871 38
5752 5082 6 6816 6905 12 8082 8325 35 6836 7923 27 5543 5659 22
5266 4153 5 5791 5394 7 6632 6975 29 7323 5833 18 4413 8748 44
8060 8155 12 6805 7202 15 7179 7041 18 6962 7379 27 6236 7390 37
4606 4884 6 6768 7232 14 7987 9484 27 8190 7329 33 7036 6684 25
5992 6347 2 4455 3536 5 6333 5963 10 6383 5891 22 4042 7672 42
5834 4462 4 5938 6546 9 6185 7362 21 5630 4883 13 4696 6457 31
6329 5620 7 7154 7308 15 7263 6446 17 6719 6605 31 4979 7374 33
5746 6371 7 7626 7025 7 9244 8130 36 5893 7293 30 5570 7248 32
6852 5415 8 6315 5729 14 6852 7735 29 7331 7799 31 4937 5734 21
5200 6066 1 8462 6749 11 6205 6938 21 5617 5004 18 6158 7570 35
8326 9179 15 5946 6075 9 7934 6455 15 7826 7286 34 4905 6735 33
6097 6270 9 6143 6496 10 6422 6944 21 6870 5894 29 6547 7577 33
6369 6180 6 7102 6200 9 6293 8535 33 7848 5943 27 5316 6786 21
7763 6254 7 4286 5080 3 5842 6604 23 5040 5407 14 6472 7680 39
7292 6186 7 6492 6397 10 7471 6701 24 4873 6260 26 7168 7392 29
6878 6520 6 6783 6677 6 6985 6958 23 4654 5999 24 5746 5405 27
5444 5631 1 4250 4911 5 6302 8579 26 6370 5291 18 5981 6235 30
4514 3826 4 6670 6937 13 5612 6809 14 5231 5318 13 6684 7136 42
7444 7989 4 8944 6491 21 7670 7740 25 5818 7002 26 4249 5986 34
7127 6581 5 5437 5426 12 6458 6131 18 4879 4210 18 5055 7591 42
7458 7025 7 5745 5969 6 4575 5412 17 6909 5704 26 4977 7158 39
9065 9323 10 8564 8815 19 6943 7799 30 6437 5750 28 6232 6471 28
4565 5004 2 6240 6751 17 5867 5509 12 3121 2668 5 4468 6288 35
6140 7798 6 7318 6052 11 6462 7239 16 6613 8682 35 6162 6241 39
9883 7818 7 8015 7566 18 5986 6920 22 5577 8155 36 6437 6041 25
4970 5650 9 3301 4758 4 7265 5908 34 4090 4521 16 3601 4965 25
5768 5356 5 5800 5271 4 7925 6136 25 6274 8737 43 4254 4337 11
8849 6459 10 9204 9066 16 7671 7482 21 6579 8539 28 6695 7862 37
6284 5834 12 7529 6271 13 4050 5582 19 4901 6041 23 6566 6417 29
6262 6316 6 6313 6161 17 6845 6465 18 5229 7429 35 5222 6426 33
6783 6221 3 8278 8010 15 8260 8189 31 7209 8612 38 6595 6581 26
5759 4654 5 4692 6084 11 5338 4611 16 7195 8944 36 5595 4780 35
7649 6651 5 6869 7753 12 7152 5407 15 6674 7759 29 4682 6008 25
7266 7990 6 7890 7555 16 7717 8653 31 7628 7754 30 6474 4928 25
7732 7950 7 8784 8596 21 6663 5913 20 5006 7086 31 6608 5421 22
6442 6550 4 7984 7152 11 6427 7303 24 5323 6583 30 6763 7437 29
4688 4629 2 6384 6099 11 5683 5577 15 7121 6830 32 6563 7356 30
6196 5189 5 6792 6608 13 4778 4941 13 4754 6598 27 5006 5787 42
6281 5055 5 4912 6699 8 6166 5816 10 5065 3112 8 5571 7107 39
6278 6850 2 7621 6576 12 8383 9158 32 7339 6619 19 5625 6486 28
6586 4432 3 4820 6482 11 6176 6440 17 6959 8537 41 5283 5635 27
8056 8242 9 7350 5655 8 7322 8583 29 6288 6374 22 6977 7368 34
6767 6932 9 5380 5308 8 6791 7608 18 5935 5148 23 5480 6847 34
7698 6724 8 5586 6895 8 6531 6257 25 7169 8378 42 5742 6779 24
8025 6887 6 8527 7399 12 7519 7008 12 6597 9535 39 5485 7332 29
8335 9304 8 8870 7727 13 7617 7258 18 4542 4577 19 5670 6723 37
7146 7626 9 6951 6143 8 7937 8348 34 6089 7228 28 5128 4744 27
8387 8929 12 6562 7425 9 8694 7583 25 5908 6812 29 6165 5438 20
5500 5190 8 4057 5594 6 7398 8052 20 7662 5892 27 5054 5841 41
5002 4922 4 5790 5126 4 3442 6438 10 3807 3499 12 4073 4639 38
5826 6322 7 4938 6136 10 8216 8730 33 6099 5718 24 5927 6549 34
5641 6201 4 9784 9792 19 6857 7465 35 6400 7040 30 5368 6817 30
7555 9202 8 8851 7331 17 5680 4612 9 7329 7482 36 5262 5742 22
8697 7445 8 6535 8820 14 6750 7096 15 7188 6709 30 6226 6115 35
8457 8680 13 8282 7475 14 7251 8552 36 6402 7075 26 4841 4479 17
7766 6303 6 7334 7729 10 4526 5715 30 5724 7339 29 6507 5668 24
5647 6304 4 7031 5961 13 6353 6317 19 5411 7635 35 5094 4894 26
7827 9145 12 8135 7163 14 6797 6691 17 5790 5437 18 5398 8238 48
6948 7446 5 7876 6597 18 7302 8255 25 7304 7246 31 5438 5119 22
6448 7172 4 6947 6974 9 7418 6125 12 8536 9185 38 5036 6162 31
7108 7554 9 5944 7304 15 7228 7234 24 6212 6186 24 5531 5497 29
6648 6180 7 4834 5659 13 6670 6310 31 7603 7247 29 4603 6572 29
8612 7644 12 7214 6130 12 7773 8804 29 4993 7287 30 6930 6610 23
5401 6173 5 5909 5313 9 5633 5797 19 5859 6639 29 6569 7655 37
8294 6816 8 7300 7594 11 8396 9709 39 6427 5444 27 5287 5434 19
5332 5861 3 6854 7179 9 5153 5043 12 5689 6233 31 5329 6154 27
6376 6666 6 5559 6405 9 5277 4741 10 8732 6791 33 4688 6874 34
7889 5284 4 6134 7403 17 5874 8154 26 8086 8095 31 5107 5181 29
4763 4740 4 5837 5683 10 7750 5487 26 6584 8293 27 5184 7070 36
5228 4041 3 6001 7150 15 7769 7959 35 5739 5838 21 4711 6365 18
6689 7113 8 7307 8445 13 7955 6955 26 6086 6510 24 5924 7429 28
6294 6394 11 6674 7593 14 7426 7314 26 6053 6646 37 4603 3978 22
5011 5002 2 5999 7504 9 6106 5552 18 5891 5103 23 4489 6513 33
7113 6639 8 5100 6179 15 6084 5707 16 5769 5607 22 4333 7198 44
5082 5252 3 5285 5135 11 5516 5027 11 6739 5489 21 4652 6037 34
5435 5456 8 4021 5984 6 9464 7477 22 5695 5976 15 7189 8970 40
6887 7674 3 6741 7058 12 8082 9686 37 7333 7162 33 6980 7045 29
5859 6224 2 6358 5107 6 4155 4697 6 5867 6270 19 4858 7094 41
5293 3856 5 6442 6198 7 5829 7327 15 4393 5022 21 6099 7391 43
7432 7060 6 5990 5411 6 6048 7120 15 7046 7731 36 7684 7790 36
5011 5037 3 6865 7112 15 5667 5812 15 5839 5490 9 3438 6124 37
6262 6733 4 7637 9261 13 6661 6702 10 7299 5985 26 5537 5713 29
6553 7165 9 6424 6218 12 5831 4842 21 6646 6493 18 6055 9047 46
7662 8040 10 8205 7337 11 6129 6747 21 5792 6494 18 7138 7606 36
7614 6594 9 7602 8143 17 5206 6304 22 4499 6011 18 6154 6656 33
5348 4913 4 6510 6220 11 4977 5753 15 6995 7002 33 4098 5781 31
6133 5917 7 5762 6782 10 7040 7865 20 6299 6441 32 6688 6527 26
7064 5362 4 4383 4997 8 5603 6122 17 4248 5046 12 5276 7827 44
6483 7211 5 7904 6931 13 7640 5791 24 4177 5634 14 5626 6754 31
6699 6683 4 4422 5207 5 7441 6628 25 5984 7261 26 6988 8155 42
8708 7268 12 5903 6471 18 5577 6575 15 4321 5110 20 6459 6672 34
5815 6785 5 6397 7006 16 6281 4551 8 6136 7407 28 7411 7705 40
7894 8322 9 6624 6363 13 8519 8967 26 6316 5729 17 6802 6388 36
7283 6590 5 8421 7064 13 6822 8946 29 5789 6016 29 6062 6602 24
5730 6782 5 6160 6536 9 6421 5936 12 5102 5283 17 5264 6309 38
5325 5625 4 4644 4940 9 7014 7236 24 5277 5967 27 7516 6068 30
5921 7046 6 7634 6042 16 3217 3809 12 4234 4934 9 6020 6762 38
6640 7879 4 4694 4159 6 6505 4694 17 6333 6991 28 5386 7206 31
6660 6771 11 7613 6284 12 6061 6649 19 6828 7242 39 4576 5990 30
6177 7164 8 5152 5432 7 8307 7029 32 6680 6274 19 4219 5524 32
5678 7840 7 5608 5116 9 5652 4797 11 6133 6396 26 5678 5763 38
3650 5056 5 5090 5347 7 4612 4843 26 4734 5931 28 5658 4974 30
4918 6060 3 8151 7098 17 6502 6931 24 7162 7909 38 5445 4898 25
6306 5974 4 6483 6284 13 7728 7656 27 7181 7704 30 3931 4462 25
5199 6207 5 5967 7454 8 5980 6850 20 5982 7160 37 7540 5115 26
5998 6505 10 6425 6811 16 3786 5027 8 7841 6824 46 7145 5679 26
6445 5891 4 6006 6824 13 7034 7055 24 4653 5480 36 4184 4950 24
5559 5685 3 6854 6795 8 5731 6995 22 6804 7541 32 6810 6597 32
7663 6313 6 5513 4784 8 5998 6045 21 5898 5455 19 4401 6310 34
9694 8088 13 8806 8954 20 5658 6532 21 6544 7640 29 6708 7099 32
9583 8319 11 9223 9570 21 6618 8385 21 7492 7682 30 5840 6685 26
6695 6167 6 6355 5632 9 7265 6775 18 7858 7305 31 4324 8440 39
9324 8809 10 6918 6430 8 9441 8316 17 6520 6692 25 6075 7923 36
9621 7278 11 7813 7203 19 6364 6440 17 5248 7835 23 6064 7014 37
8113 7661 13 4904 5759 8 5836 7632 28 7646 6436 33 5503 5162 22
