5059 6756 4 7178 6766 7 6507 7009 5 7356 6912 6 4562 5920 2
5912 6220 0 6011 6610 9 4725 5601 2 7190 8500 3 6465 5299 6
6622 6307 2 4550 6467 5 5542 6110 6 7667 6648 5 7463 7643 9
8115 8067 7 6030 7217 8 4714 5469 0 6403 8128 8 6794 5837 3
5739 7020 4 6537 7660 4 6962 8030 8 6060 6294 4 9183 8010 10
6181 5424 0 5005 6924 6 7047 6834 4 6647 5153 4 4287 5976 4
5353 7167 7 5804 6539 6 5166 6626 4 6926 5441 4 6170 5821 5
4193 5181 5 6443 8546 5 5975 6308 3 8631 6584 6 5051 5765 9
6408 8832 7 6872 7484 4 8204 6473 6 5208 4707 3 6140 7621 7
4755 5348 5 6429 7383 3 6424 7734 7 6340 5638 2 5759 5780 8
6689 6912 7 5982 5159 5 6532 6596 5 5502 6797 3 7098 8367 9
6227 6943 7 6647 6825 2 5832 7050 2 5573 6287 3 7264 7796 10
7712 7999 5 4689 6857 4 6747 7020 4 6590 7185 3 5545 5658 6
4065 4210 1 5170 5658 4 7320 7128 7 4748 5597 4 5537 6298 4
6781 7434 4 5967 6355 3 5682 5709 1 4336 5015 2 5190 5739 8
5854 6532 7 8441 7784 6 7321 6992 2 6113 7135 3 4841 5966 2
5694 5577 8 6404 7209 6 5660 6003 1 5639 5424 8 4028 4411 3
5338 6621 10 8012 6096 7 5306 8242 3 6838 6563 4 5693 6145 4
5670 5908 5 6503 6185 3 4407 4126 0 5694 6818 7 6390 6754 9
4039 5935 6 6737 7079 7 6204 5389 3 6359 6668 6 6513 7285 1
7255 8146 6 4500 5781 4 6204 7814 4 5875 6522 2 7973 7288 10
5278 6914 9 4204 5483 2 5763 6262 2 5101 6651 6 5550 4169 3
6708 7603 8 7174 6993 9 6002 5769 0 6730 7637 7 5637 6718 5
7049 5921 1 5084 6194 5 6534 5131 4 7434 7961 5 6458 8678 6
5115 6533 3 5407 6085 2 6658 8211 5 6508 6146 3 5812 6782 5
6182 7741 4 4351 5537 1 7748 6516 5 4647 5602 5 6593 7456 10
5752 6238 7 5405 7285 5 5908 6078 2 7196 7550 1 8940 8118 6
9342 8590 3 5235 4585 1 5776 6997 3 4906 6969 4 5617 6558 10
6345 8918 3 5589 6654 4 6540 8005 6 6569 6450 6 7564 5304 3
6465 6855 2 3544 4746 6 6454 5760 8 4534 5275 2 6455 5669 3
5995 7619 5 4416 4500 0 5986 5576 4 7105 6004 4 5592 7441 4
6494 7508 5 5791 6949 4 6931 7951 11 7522 7250 8 7160 6845 5
5562 6331 5 5837 5986 7 5377 7462 9 4958 4548 1 6393 6102 7
7641 9878 8 5901 7324 4 6657 6395 7 6964 6449 7 5375 6343 3
5476 6092 3 6268 6401 6 5528 7838 9 7484 7919 9 7372 6351 6
5208 6406 6 7155 6467 6 6001 6111 4 6641 8539 6 5311 5296 4
7339 9240 7 5963 6729 5 5066 5520 5 7635 6833 2 7141 7416 4
6719 5213 4 6081 6700 8 7253 8083 4 4862 7687 5 5807 5548 5
5791 5427 2 5863 5696 1 6528 6508 4 5841 6474 6 5003 6323 7
5173 7170 7 6090 5892 4 5197 4710 0 4818 4320 6 4799 6893 6
6057 7272 5 5492 6260 3 5396 7266 7 5553 5183 4 5873 5862 4
6129 8199 10 7777 7264 4 5266 6183 3 8744 7402 8 7150 7690 7
6094 7012 5 6467 6423 4 4577 5919 4 4835 5649 2 7119 6577 5
5583 4467 3 5702 5576 1 7698 8388 5 5246 6723 1 7058 8060 6
6301 6324 4 6665 5461 5 4804 6400 3 6143 7557 6 6515 5927 4
6453 6894 4 5829 7005 3 8367 7879 7 5616 7236 5 5682 6150 8
6723 6184 1 6335 6326 7 5427 6643 9 7679 7835 3 4471 5999 6
4862 6437 5 6618 6020 7 5101 6706 5 6345 6780 6 5072 5204 3
4692 5714 2 4690 4356 2 5948 5158 6 4280 5317 3 5060 6378 9
4883 5361 4 5768 6665 7 5954 6958 6 5218 4988 8 5652 5855 6
5602 9064 5 5965 5046 3 4937 6007 3 7655 6733 11 6765 6193 6
7797 7080 4 7119 9181 1 8118 8231 10 6601 7980 6 6531 6854 5
6286 6876 3 6262 6730 7 4771 5766 5 5464 6272 7 6072 5222 4
5523 7240 5 8199 7589 3 6139 8323 7 7244 7339 4 7416 6063 7
6484 5933 7 4401 5057 4 5326 7777 10 4978 4859 3 5942 6141 6
6369 8195 9 6930 6398 5 5386 5980 5 6188 6157 2 5121 5773 5
3966 6258 4 6381 5661 4 5809 5019 4 4681 4967 6 5561 5878 3
7060 8046 5 8653 8254 8 6787 6811 6 4229 5840 4 5830 6577 4
7245 6640 3 7362 6677 5 4886 6592 3 5540 6923 5 7053 7145 10
4780 5418 2 6638 7510 11 7623 9738 7 6790 5804 4 7134 7081 8
8441 8895 6 5409 5791 4 4977 5831 5 7283 6279 10 5429 6504 3
6798 4910 0 8493 7692 7 6214 8769 5 5707 6563 5 5921 7573 5
7869 8988 5 7192 7261 7 4961 5201 4 4841 5345 5 5977 6144 6
6748 8937 3 7929 6110 5 4794 5499 3 7014 9133 4 6390 5911 5
6879 7894 8 8156 6734 7 5408 6331 5 4963 6181 2 5333 5971 4
6807 8130 7 7882 6469 6 4346 5164 5 6174 8162 5 6015 6845 4
4873 5844 3 5046 5292 2 5996 6623 6 5444 7215 7 4619 4685 2
3981 4623 2 5326 5480 2 6978 8039 4 7179 8416 5 7259 6603 8
7222 7533 8 5679 6748 6 6181 6600 4 5933 7845 2 5547 5295 3
5011 4497 4 5272 5573 5 4175 5957 11 5262 4966 3 4283 5121 5
6527 6671 9 6111 7054 3 4848 5521 6 5501 5032 3 4686 5595 4
7191 6474 6 5152 6764 8 6061 6027 5 6485 7722 3 3221 3388 1
7884 8751 6 6964 8520 4 5791 7196 10 6424 6520 4 6725 5975 5
5682 4810 6 5740 5680 3 5846 7275 8 5472 6902 4 5028 6300 6
5129 5765 3 5044 5111 2 6642 6235 3 5439 7581 12 5404 6069 5
7863 6610 8 5906 7216 7 5123 6493 4 5550 5574 6 5494 5833 7
5402 6559 2 6280 6400 6 8161 8985 6 6344 6475 6 7902 7952 6
5766 4981 6 6111 6534 4 6564 8118 5 6220 7361 8 5866 5799 4
4341 4007 4 5169 4766 2 6186 7252 3 6598 8852 5 6817 6943 8
6731 8248 7 6353 5905 4 7054 7073 8 6900 7085 5 5027 5752 2
6408 5003 3 5582 7424 11 4193 4996 1 5105 5623 3 7878 7099 5
5234 6881 6 4526 5876 6 5155 5332 4 6098 5770 9 6439 4884 6
6205 7585 7 5493 5598 3 5420 5684 1 6429 6097 9 6722 6903 9
5504 4337 0 6373 6778 3 5772 7464 9 5278 6622 6 4701 4621 5
6135 8164 4 6445 6463 5 6301 5742 2 5263 4182 2 6826 7745 5
5428 6617 3 7706 6448 11 7182 8814 4 5269 5247 4 6932 7723 4
5446 5571 7 4545 6199 8 7803 7349 7 5403 6281 6 7164 7767 6
6863 5819 4 5718 5673 4 5094 6789 6 7495 7260 5 5594 7400 8
6238 6710 6 5529 4852 6 4812 6256 5 8218 7821 9 6136 6639 3
7750 7272 4 5716 6647 3 5303 6183 2 7568 5962 0 6390 7339 11
6851 6511 6 4903 5260 6 4880 5430 5 5797 5288 5 4431 6757 6
7110 6299 3 6066 7342 3 6595 8411 7 4613 4751 1 7893 7159 6
6556 7137 6 6161 7718 6 6637 6214 4 5177 6275 6 8330 7954 6
4207 6822 3 5636 5961 2 6169 5657 3 6542 6615 7 5955 6760 6
6563 7359 6 5872 6571 7 4709 6222 8 6103 4650 3 7494 7648 5
6324 4665 2 3863 3398 4 5859 7163 7 6973 6901 4 4466 7614 3
5920 4126 2 5157 6402 5 5679 5994 9 6748 7867 6 4706 6096 3
5687 8013 4 6570 7488 5 7174 6831 4 7327 8051 6 6698 6103 8
5242 6895 1 5056 6241 4 7259 5853 3 5725 7007 6 7678 7111 11
6501 6354 0 4978 5821 4 5714 7838 9 7557 6780 8 5307 5801 7
7158 6628 2 5190 5112 5 4788 5158 0 6228 8515 8 6339 6943 9
4669 6889 6 7193 7214 0 7103 6174 7 7695 6974 2 6569 7524 2
6052 7333 4 8011 7563 1 6080 6153 4 6232 7460 5 7672 7330 4
6660 6578 4 5535 7835 8 4899 5647 5 6884 6584 4 6308 5850 4
7414 7973 12 8541 9030 8 7576 8326 4 4881 5532 1 8508 8251 7
6883 6471 5 5534 6159 3 5929 6516 4 4894 5086 5 4548 5920 3
6311 6453 3 5140 4178 2 6233 7705 7 4961 5876 6 6978 6795 5
7543 8043 10 5697 6291 3 7625 7189 9 3773 5930 6 6517 7035 6
7154 7703 3 8055 8488 6 6198 7721 6 6257 5846 7 4651 5084 3
4623 4984 1 5761 6714 5 5102 7066 6 7595 6379 5 6672 6609 6
3726 4500 3 6334 5444 9 4624 5168 2 5395 7800 8 5242 5528 5
5446 6407 6 3873 7232 7 7038 5708 2 6672 5356 2 5755 6580 8
5372 5616 4 4054 5965 5 5766 5969 3 4371 6064 7 6457 5381 6
7349 8813 9 5814 7061 5 5471 6436 6 6279 6149 9 6869 4692 1
5051 5020 1 7923 9444 10 8057 8107 5 7875 6958 6 5899 6882 3
6654 5576 3 5576 7104 10 5856 5585 1 6634 6837 5 4591 7537 4
4651 6457 9 6235 5307 6 6595 7032 2 6455 6639 5 5997 6449 3
4474 5507 7 5932 7033 3 7194 7337 5 7022 5532 7 6106 6576 3
6129 6177 6 5722 6421 5 5984 6512 6 5029 6380 5 6200 6014 6
7213 6787 5 6458 7560 2 9038 8761 8 5849 7828 5 7195 6148 7
4917 5297 6 5254 5963 3 6071 5900 5 5221 4351 2 5760 7490 5
7410 6935 4 7456 6893 7 4536 5876 1 4731 6193 7 5464 6469 6
7411 7064 1 4689 5833 6 6803 6770 5 6194 6518 5 5698 6124 3
6884 7508 5 6033 6600 3 8237 7695 6 6344 6666 4 7469 8430 6
4069 5037 5 6169 7441 6 5145 4598 4 5525 6955 7 5472 6282 6
5224 6940 6 6238 6198 4 6712 6046 4 5809 5799 3 5984 7113 7
6572 6621 6 6556 6768 7 7408 8204 6 5881 6979 4 5546 6165 5
7672 8484 11 8360 7523 6 4459 5431 3 6069 7481 8 6417 6987 4
5800 7321 6 6969 7622 4 7236 7199 5 6311 7498 4 4485 3709 2
6335 5150 3 4899 7460 7 6104 6370 7 4605 5694 3 5877 5601 4
5732 6576 2 6009 5649 2 8305 8228 4 6812 8724 8 6998 7185 4
6797 7074 7 6609 6377 6 5973 6315 3 5271 6859 4 5085 5626 7
5311 7033 5 5366 5744 1 7578 6170 9 5247 7299 1 8583 7693 10
8841 8086 3 7215 7665 4 7304 8520 6 5775 7680 7 6505 6218 6
5765 6222 3 6879 6169 5 4578 4491 1 5161 5961 6 5383 7445 8
5263 6333 2 6795 7916 2 4046 4933 6 7246 7192 4 6880 5798 4
6442 6405 3 6257 5553 5 6477 8284 7 5418 6824 3 6198 6686 7
7387 6360 5 6625 6980 4 7105 4944 3 4221 6252 1 5265 7670 14
6415 6889 4 7673 8379 9 7153 6214 8 6571 7795 7 4780 5790 1
7320 5996 3 5812 6860 7 6776 7827 6 6778 7534 5 5323 6018 3
6816 6614 10 4207 5275 5 5608 6651 3 6079 8039 4 7900 7082 2
7196 8796 6 5548 7456 8 6594 4963 2 4968 5658 4 5893 5703 3
7102 7211 6 6640 8051 9 5630 7742 2 6622 7052 2 6488 4691 2
5943 6122 3 7443 6397 5 7828 8644 10 5770 6317 3 3400 4212 4
4552 5741 2 4740 5544 5 5542 5244 4 6843 6780 6 5388 6451 6
4948 5865 6 5698 6558 10 5865 5807 5 7527 7711 4 4397 5299 2
8123 6423 11 5578 7370 4 6591 6733 3 7900 7538 10 5875 7054 7
7453 7910 5 5680 6142 3 4622 7606 10 6426 6177 6 7365 5756 5
6366 6260 8 5088 5271 2 6837 8100 8 6643 7414 5 7129 7603 6
4433 5008 2 8752 9579 8 5796 6114 4 5475 5652 1 6572 7350 4
5747 8374 5 5419 4331 3 7381 8354 7 6166 7452 8 6309 5833 8
5374 6230 4 6293 8399 4 7672 7930 6 9018 8692 5 6311 5706 5
5252 6160 1 6860 6672 7 5359 5236 6 5998 4909 7 4380 5907 5
5733 7428 4 5616 5284 7 7504 7886 2 6169 5374 5 4842 5825 3
6430 7907 9 4830 6864 3 5604 6336 4 7156 6396 4 5878 5385 3
7702 7181 9 6537 7792 3 5611 5465 4 6612 5476 0 4668 6128 4
7935 7774 6 4428 5433 2 5951 6828 5 6103 6612 5 5900 6342 4
6537 5895 5 4924 4653 2 5796 5979 4 6191 7215 2 6198 7638 10
6393 6253 3 6967 7513 4 6991 6175 5 4456 6358 4 5423 5528 6
5392 6363 3 4726 6738 7 7323 7109 8 6604 5019 10 6255 7290 5
5847 6497 6 7589 9599 8 5632 6611 8 9476 8932 9 8099 7453 7
6078 6611 6 5429 6011 6 5499 5459 5 5088 5566 1 4655 5653 5
6041 4505 5 5749 5682 3 4758 5761 3 4694 6930 4 8428 8072 10
9016 9705 10 10433 11149 10 7671 7222 7 4792 6103 7 4919 5330 5
6457 5055 3 5275 5618 7 5022 6287 4 4084 5903 5 5361 6894 4
5399 5013 1 7476 8623 11 5122 4011 2 4681 6183 7 5644 6085 7
5220 6267 6 8087 7987 7 6212 8480 5 7413 7523 7 5480 5162 5
7327 6898 4 6246 7532 2 6630 6582 2 6555 7786 5 6422 7339 2
6555 7200 5 5397 6725 3 8588 8179 4 8021 8237 5 5612 5965 3
6657 8352 2 6270 7913 7 5120 5437 2 6866 5826 4 6750 6737 3
6105 9277 6 6414 6329 1 7338 5529 3 6864 5841 4 7394 9066 6
4461 4563 1 4958 6914 3 8287 7117 3 5821 7006 2 5504 6579 9
6422 6409 6 6643 7299 5 7609 6578 6 7518 7861 5 6037 8010 9
7670 6853 4 6943 10004 8 6614 7504 6 5938 6094 7 7414 7405 8
6523 6503 3 6558 8583 8 7274 6851 5 6329 8420 7 6999 6796 3
7053 8326 5 7313 6862 4 7465 7857 4 6593 6427 2 4806 5515 5
7624 6410 10 5607 6059 6 6274 8682 5 5381 5668 10 5620 5430 3
7704 6662 4 6110 5988 4 4179 6342 4 5753 7630 11 7844 7702 3
4646 5579 4 6188 6846 11 5488 6274 5 4750 5046 3 5864 6180 5
6630 7182 3 5116 6460 1 5431 5735 6 8658 8330 8 5441 5928 3
6339 7690 4 4598 6252 4 7709 7090 6 5559 7325 4 7366 6100 6
6312 6576 2 8672 7454 4 6520 7621 4 8376 7400 2 7598 9486 3
8774 9078 7 7761 8369 5 5115 5678 2 5726 7168 6 7508 7041 9
7059 6125 3 5874 8263 4 5800 6571 5 4948 5136 6 5231 6338 5
5478 6198 5 6060 4903 2 7351 8554 4 6374 7802 7 7027 7667 6
6420 6458 3 6574 7053 2 4887 6502 3 5981 7393 6 7057 5473 4
7169 6932 7 5885 6533 5 7046 7871 3 5708 6246 4 6734 7128 4
6495 6518 5 7140 8720 5 6374 7507 3 7054 6675 3 5874 6619 6
6337 5963 3 6085 6200 3 4705 6596 4 5002 6277 3 7045 6996 6
5183 5762 7 6029 6767 4 6584 6008 8 5444 7078 5 5036 4972 2
6443 7448 4 4815 5422 2 4533 4611 2 6015 6683 6 7109 6068 6
6490 6416 4 7906 8422 9 7112 7154 1 6285 7203 5 3966 4896 1
7451 8259 3 7344 5574 5 6523 6859 7 6836 7466 6 4965 6912 6
6361 6718 3 6050 6801 7 5102 5396 4 7754 6404 6 5066 6539 6
5144 6951 5 7452 8091 3 7512 6325 3 4847 5786 9 4492 4418 2
6149 6508 5 6548 6859 6 6328 7317 4 6771 5752 4 5778 6718 7
8331 7806 7 7924 9368 5 7397 6561 4 6920 7315 4 6505 7806 9
4565 5172 4 5480 5503 7 6172 6944 4 5287 5823 5 6359 6383 5
5972 6586 3 6002 6649 7 7135 8087 8 5213 5655 4 4093 5157 2
4976 6646 3 6555 6089 1 5199 4894 6 5559 5247 9 5113 6223 4
5433 6548 2 6566 5864 5 6393 6967 8 5389 5931 2 6075 6252 10
5010 5225 3 7830 7379 3 6553 8461 4 7002 8223 5 7186 6433 7
8265 5823 0 5994 7918 10 5500 6749 4 6032 8394 6 5284 5180 5
6491 8598 4 5223 4914 3 4932 6602 4 6995 5497 5 6835 6752 10
5043 7227 4 5950 5900 5 3705 5089 4 5064 4704 6 3856 3037 4
5978 3982 2 5231 6205 4 7258 6586 2 7299 10146 7 6618 7726 8
7468 9050 9 4705 5510 3 6381 5161 7 4898 6240 7 7064 6921 4
5749 7511 5 6700 6880 4 5732 5980 3 5945 5290 5 6386 6585 4
4711 6498 5 7337 6771 5 8041 8311 14 5497 6440 4 4527 5518 5
7931 7888 4 6364 7202 5 9864 8885 5 5858 6940 6 8388 7924 4
5849 5976 2 6633 4680 3 5074 6817 2 5958 6943 2 5444 7484 8
6001 5710 2 5566 7497 8 5584 5334 1 7240 6880 5 6601 7610 6
6391 5101 3 6060 7430 10 5621 8341 10 5013 4691 6 5037 5626 6
5793 6878 2 7542 7174 6 7724 8011 9 8472 8249 4 6635 7885 6
7064 7360 5 4509 5276 1 6468 6148 3 6253 7592 4 8181 7483 8
7341 7905 0 7474 6604 5 7661 9127 12 4936 7234 1 6493 6601 2
4374 5366 8 6299 7907 4 5875 5567 2 5888 5477 3 6072 6090 5
7542 5941 4 4825 5975 4 6201 6428 4 7740 7691 6 5864 7564 3
3903 4714 2 2623 4446 5 6433 7326 2 6454 7598 7 7984 5946 8
5150 4826 5 6107 7383 6 5762 7651 6 4566 5122 3 4895 4831 10
6414 6010 4 6620 6602 2 5793 7270 9 5286 6341 5 7392 7210 4
4874 4327 3 6373 8022 4 7048 6235 3 7012 8687 6 7350 7422 4
6769 6875 7 6636 7397 6 7906 8601 7 5103 5574 6 7282 7229 5
5907 7728 7 6875 8593 6 8482 8150 4 4784 4764 9 6744 6731 8
5190 6392 4 5788 7666 6 7065 6026 2 5950 5903 5 5448 6307 5
5917 6259 4 7643 6987 9 7056 9791 4 7125 7497 9 6128 5420 2
6546 7171 7 4924 6916 5 5223 4623 4 6289 6604 8 5967 6414 6
4641 4872 3 5604 6221 4 7480 7803 8 6190 5624 3 6196 7331 7
8112 8415 5 6832 8328 8 4810 5183 3 6532 7182 6 4968 5596 2
6768 6776 7 5703 6350 3 8147 8421 4 7269 7696 3 6675 6926 5
7060 6704 4 7664 7187 4 7014 7257 3 6778 7293 7 6339 7286 8
5312 6119 2 4044 4422 2 6493 7418 7 6603 7732 10 4477 4132 2
7983 8315 5 7809 7741 5 6417 7310 3 6345 6432 1 5646 7305 7
6876 5677 5 6152 6532 3 6530 6922 8 5396 7546 5 6396 6954 6
7123 9021 11 7569 8432 6 6970 6892 5 6861 6811 8 5373 4878 5
6465 5572 2 3730 4523 2 6726 7835 4 7971 7288 4 7548 8959 5
4519 5280 2 7149 8462 8 7131 8085 4 8561 7672 7 6218 6134 6
7310 6581 3 5566 6464 3 6619 6912 10 5607 7622 4 5503 4844 2
4965 7062 6 7573 7175 6 5082 7936 7 5437 4871 2 5437 4292 3
4895 7447 6 5348 4227 3 4864 5815 1 6490 5427 4 5866 7327 7
6670 7220 5 7023 7754 7 7257 8591 13 4206 5002 2 7784 7816 8
6210 7545 3 8425 8713 5 6685 6592 6 6864 7325 8 5669 5289 2
4355 4453 4 5921 7200 5 6675 6832 6 5058 5430 2 6431 5974 2
6224 6843 7 4827 5307 4 6491 7479 4 6338 7468 4 4576 5122 5
5913 5838 9 5672 5460 3 5802 5514 3 5650 6491 4 5056 6635 6
5810 7713 6 7695 6941 5 6414 5560 4 4793 4664 4 4815 6921 10
5877 5895 6 5937 7655 4 5400 6798 4 7176 6953 1 5919 5662 4
5476 5625 3 4739 4934 2 6505 7502 3 4496 6631 5 5674 5039 7
4154 4498 2 3847 5287 5 6787 6934 7 5588 5517 5 5973 7802 9
5703 6337 6 7284 7333 8 6140 6087 7 5698 6386 3 6200 7249 5
6073 6648 3 6103 7148 6 6129 8056 8 6873 6850 6 6096 5863 1
5348 5552 2 5810 5082 4 5442 5787 3 5762 8520 6 6201 5895 5
5612 6194 8 6029 7168 4 7693 7106 7 5564 8020 5 7445 5679 4
5716 7181 5 5978 8563 10 7894 6425 2 6940 5856 3 4805 6252 6
6272 8723 6 7828 7459 6 6377 7050 5 7768 8007 6 6225 5120 4
8039 5688 3 4937 5966 4 5332 6631 8 6150 7403 7 5666 5716 3
5571 5452 4 4812 5962 1 6455 5833 5 4945 4813 5 5772 7443 9
6895 7646 4 6243 7376 8 7023 8160 6 8634 7194 10 6240 7329 3
5100 5942 2 7999 7794 5 6773 6773 4 8553 8992 3 8127 9651 6
6075 6743 5 6879 6516 3 5426 6751 6 6645 8375 8 5103 4361 2
4627 4869 3 6370 6120 1 5124 5857 3 7480 8879 9 8115 7379 7
6551 8121 7 5733 5955 3 5775 6548 1 6911 5695 6 7053 7634 5
6289 7338 10 7234 7132 6 7774 8760 3 5840 7822 7 6093 5235 3
6765 7841 5 6556 6396 1 5768 6163 9 5222 4306 2 6555 8167 6
6018 8058 3 6144 6591 6 7067 5758 6 5471 5366 0 5187 6497 9
4760 5369 2 6353 7631 7 7221 6933 3 7771 7126 6 7057 8570 11
6643 5401 2 6839 5912 3 4718 7750 5 5386 6698 5 6148 6234 3
6631 5509 4 5664 6079 3 6463 6305 1 5226 8058 7 5940 6762 5
6219 7960 6 5771 5481 4 7450 6752 1 6773 6161 4 5784 7518 5
7250 7252 3 5473 5941 2 4926 6811 5 5629 5906 7 5894 5571 4
6036 6029 5 6034 6257 2 7006 8217 3 5316 5430 5 5355 5949 6
5097 5072 4 6962 7331 4 3915 6828 7 7149 7913 9 5011 4434 4
5814 7639 6 4960 6030 1 6191 5463 2 4760 5653 3 6688 6625 4
7144 5761 7 6524 6809 7 6101 7155 5 4827 6198 3 5321 5977 8
6574 6583 7 4552 6301 4 5036 5065 4 5058 4745 4 5275 7051 6
6247 4656 5 6085 6651 6 6409 7957 10 5503 6018 4 7979 8404 8
4882 5430 4 7208 5508 3 3309 5485 3 5286 7077 3 7048 6942 4
5666 5517 7 5052 5458 5 4590 6849 3 4993 6368 7 7245 6391 5
4201 5701 7 6785 6312 7 5152 5131 5 7222 6089 8 4219 5968 7
4426 5060 6 4635 5037 0 6577 7150 3 6402 5721 4 4549 5571 7
4834 6325 4 7878 6273 6 4935 6165 3 6330 5425 1 4879 6287 6
6316 6207 1 7062 7739 6 8098 9546 8 7239 8109 4 8589 7396 5
5843 6718 9 4885 5393 2 6656 6982 10 4768 5369 5 7023 7195 7
7110 6597 4 5625 6344 8 4950 5274 2 4347 5492 8 5382 7228 2
7128 7433 2 7831 6907 5 9913 9731 12 5728 6963 2 6025 7908 6
5678 5114 2 7257 7948 5 7183 6667 4 3806 6208 9 5498 6225 7
6280 5989 5 5670 6057 9 6017 6490 3 4680 5532 4 5119 6386 6
6613 6973 9 6948 6692 6 4470 5077 0 6261 6722 7 4807 5301 3
4269 6208 5 4564 3426 1 5220 5307 6 4768 5374 2 5037 6593 12
5858 6052 2 6178 6236 7 4826 6052 7 5051 6546 5 4956 5408 6
6380 7055 5 5156 4908 3 5559 6373 7 4436 4786 3 6466 6222 3
7297 5319 5 6769 5167 2 4412 5974 5 5701 7988 2 4837 7161 10
5277 4955 3 6942 7237 9 8433 9461 6 5700 5553 4 6723 7310 5
8823 8759 7 8053 6431 3 6583 7614 3 5305 6423 6 6384 7218 7
5744 6463 7 7440 8222 5 7808 8091 3 5864 6004 1 7640 7614 5
5467 7174 4 6950 6907 5 6206 7050 9 6576 7167 1 7474 6474 10
6351 7166 12 5656 5388 6 7081 7263 8 5585 6990 4 5073 6208 4
3631 5601 4 6792 6610 6 4921 6880 8 6700 4939 4 7505 8720 4
6481 7161 4 6593 8900 7 6420 6416 4 5903 5722 3 6863 6101 5
4569 5302 3 6536 8285 11 7247 8314 8 7442 7714 6 6126 4416 5
6199 6738 4 7049 7892 9 8690 7352 6 6239 7270 2 6895 8435 7
9560 8962 10 4822 6199 4 5445 5776 2 4187 5037 3 5445 6492 4
4146 5884 0 5727 6751 6 7087 6097 3 5742 4761 6 5652 7115 10
6677 5539 3 6123 7719 8 6361 6458 7 5567 6671 4 7415 7877 8
6360 8637 7 5408 4964 1 5268 6624 6 6247 5321 3 4316 4986 3
6488 7205 6 6016 5816 1 7294 7398 3 5254 6040 2 5585 6297 8
6611 6263 2 7037 6326 2 6913 8571 7 6142 7233 5 6515 7011 7
5689 6717 7 6998 7265 5 7147 5947 4 6004 7045 6 5650 5788 5
5771 5526 1 6176 6034 6 5694 5797 4 3487 5509 2 7135 7416 6
7012 7764 8 6129 7974 8 6718 6462 6 6470 7506 3 7331 6586 6
5073 6035 6 6410 7176 3 4722 5879 6 5904 5830 4 4896 5072 4
7963 7732 5 7752 6649 5 6477 7833 3 6277 8239 6 5736 6522 2
4959 4969 4 5886 7388 7 4282 5160 6 4637 5553 5 5967 6105 5
5601 4991 3 7692 8196 11 7958 10364 7 5175 6011 1 6238 6281 4
6078 6011 4 7491 7016 6 4997 7004 6 7083 7466 9 4446 4375 3
4854 6673 10 4312 5454 2 7643 6824 8 5899 5667 0 5146 6807 4
4232 4384 3 4797 8132 9 5545 6274 6 6143 5159 5 3777 4027 3
5831 5764 3 7978 7585 1 7260 8822 6 5471 6147 4 4756 6055 7
8115 9900 11 8193 8359 5 7904 7354 5 7385 6711 6 5642 6807 3
5575 5887 7 6063 6400 5 4699 6226 4 6140 7401 5 7111 6503 4
8856 9424 5 8279 7172 4 6708 7335 4 8022 8336 8 6671 7450 6
7241 8704 7 7875 7289 9 7415 8312 3 6230 6029 2 5196 5834 6
6142 6900 5 8181 7290 5 6075 7330 6 6375 8215 5 6356 6467 5
6846 5082 4 5857 5865 5 5859 8362 6 7013 8020 5 8859 10044 7
5610 5459 3 7771 7599 8 4812 6256 8 4719 6430 5 5010 5239 4
6688 6417 6 4972 5649 4 6153 5931 5 6921 6461 7 7337 8561 6
5086 7015 5 7441 7152 3 6884 8838 8 6350 5961 3 7353 5660 7
6777 7287 8 6466 4647 4 6883 7380 3 6668 9886 7 7501 6844 6
6748 7285 9 6134 6207 5 5243 6168 4 5351 6361 5 5449 5747 3
6362 6168 3 5732 5247 1 5636 8692 7 5378 5377 5 6040 5991 5
5045 6532 2 5856 4632 4 4975 5377 0 6543 6661 5 6651 7679 11
6759 6156 6 8132 7368 8 4629 5682 3 6933 7488 5 6003 8648 10
5958 5254 3 6254 6826 3 7135 5959 3 3762 6279 9 5266 6994 2
7178 6358 2 5826 6091 2 6117 6672 4 6322 8027 3 9349 8205 6
4865 6746 7 6723 5930 4 5502 6087 4 5254 6046 3 6077 7177 4
6598 6714 3 6691 8114 5 8145 7689 6 8040 8695 6 5750 5904 3
7240 6651 6 7558 6893 8 3637 5459 2 6395 6597 6 5504 7829 5
6170 5723 0 7030 9723 12 5699 4295 3 6889 6394 5 6608 8196 5
6693 6465 1 4087 3804 1 5949 7281 6 6412 6923 11 6488 5929 3
4466 5148 5 4727 4993 2 5923 6086 3 5029 7963 12 5651 4651 4
5885 8262 8 7590 6549 11 6247 6672 5 6605 6812 8 4593 5478 3
7514 7582 4 3983 6881 4 7185 7453 5 6241 6245 5 8443 7507 5
5752 5666 3 6105 5972 5 4186 5731 3 4519 4753 2 4998 5131 5
6168 6746 3 8089 9382 4 9420 8743 8 6475 7763 2 8618 8735 8
5698 6636 5 5586 6168 10 6354 5787 6 5767 6937 3 5569 5642 2
4523 6149 1 4435 4693 3 6284 5532 2 5922 6213 11 5130 6595 3
7029 7670 7 4937 4995 0 5714 5927 2 4909 5635 11 4653 5300 2
7483 7596 5 8548 7597 7 5228 6105 6 6825 8254 5 5982 6516 5
5851 5452 2 3778 4368 1 6091 5779 8 4932 5935 6 4263 6276 9
6286 4334 2 7902 6945 8 5817 6231 4 5378 7561 4 5951 8791 7
6054 6084 4 6661 6933 5 6141 6769 4 4037 4771 2 5262 6029 5
7287 7359 6 5192 5487 0 6712 5672 6 5056 7259 7 5354 6391 4
5332 7239 4 6041 6144 5 7918 10408 9 5250 5817 7 9023 7445 7
6535 8203 6 6341 7334 3 7888 6288 5 7104 7619 5 6537 7956 6
7553 6084 5 6011 8746 6 5646 5609 3 7148 7427 5 8877 9560 11
4755 6318 8 5264 5960 5 6790 6641 8 4585 5320 1 4744 4145 4
5846 8662 7 6232 7140 8 6540 5746 7 5970 6882 4 7316 7062 4
5071 6733 2 4515 5379 2 4251 4163 1 5456 4983 3 4664 6093 12
7177 7023 4 4549 7585 2 8131 7214 7 7658 7087 1 6374 6864 7
6753 8663 5 6083 7825 10 4967 5034 4 6157 5037 1 6844 6665 5
4738 7705 8 6057 5879 2 4879 5211 5 4909 5205 3 4990 5189 5
4114 5211 4 6615 6720 5 5598 6789 1 5295 6516 4 7120 5660 8
5747 6828 4 7272 9227 10 5742 7280 4 5309 5287 3 6792 5946 3
6436 8238 7 4299 5310 2 6367 6415 6 6314 5946 5 6058 5690 9
6980 5968 7 4615 6084 5 5447 5764 6 4413 4374 2 5457 7132 12
6553 6797 2 4001 5580 5 6911 5521 4 5513 7002 7 6463 7328 8
7807 8534 2 5891 7017 4 8061 7994 5 5170 5186 4 8683 8661 2
7378 7046 7 6974 9000 8 7178 6138 6 5572 6598 6 6396 7009 8
8505 8434 3 4257 6324 4 4671 6942 4 5558 4868 8 7127 5659 6
5765 6480 3 6210 6737 6 5764 6243 4 7404 7341 7 5422 5550 5
7502 7981 3 4816 5323 4 4761 5915 6 5128 4313 4 5901 6055 7
5982 5931 6 4816 7005 6 5222 7065 7 5661 6392 7 6135 4531 7
7406 6821 5 5852 6343 3 6192 5620 3 4889 7138 4 6078 6727 7
7046 8432 9 6403 7337 7 4397 5143 4 6258 6361 8 6704 5408 7
4435 7457 8 7348 7067 2 7117 5745 4 4901 5961 4 6307 6627 8
6868 6003 4 7012 8315 8 6014 7004 7 7276 7085 2 6349 7625 4
7286 7223 7 7712 6742 6 5187 6637 5 6665 7427 5 6774 6934 5
7016 7261 5 6362 6981 5 6138 5683 4 5067 7313 4 5483 5349 7
4264 4407 6 7006 7346 6 4892 5386 0 5516 7217 6 6529 6409 5
5481 4596 4 5647 6183 5 4016 3863 1 4794 6882 5 5082 6304 7
7879 7672 9 5249 6377 2 6252 7671 8 6772 6463 8 5447 6574 7
6438 8244 2 5835 6138 9 5169 6290 3 5659 5075 1 5947 5948 5
6594 8189 7 6478 7988 3 6787 7146 4 7451 7550 3 6537 5085 8
5409 4132 3 6829 7036 4 4607 5324 5 8008 8919 6 4959 6680 6
7667 7501 9 5074 4906 0 7603 7985 10 4491 6254 1 7028 7307 10
5319 6072 8 7385 5432 4 5740 6597 6 4297 4495 4 5928 7577 7
6343 6798 4 7117 8522 9 4002 4353 1 5879 6248 10 7258 6652 5
8338 7524 3 8045 8557 5 5168 6814 4 5953 6119 3 6391 8446 7
6825 5497 3 6009 7729 6 6118 6120 10 5766 5784 3 5078 6621 4
6091 6055 4 6008 6736 6 6870 7361 2 6680 5884 2 4663 6757 5
5565 6070 5 7542 7336 5 5487 7400 2 4182 5678 3 6534 4925 7
7225 8311 4 5203 5382 10 6194 7459 6 6659 6983 2 6718 6582 6
6244 6048 7 7693 7446 7 5742 8447 7 6246 6364 5 5285 5853 4
6243 6466 4 6569 7062 7 4782 5396 2 3974 4804 4 5274 5560 5
4590 3967 5 5098 6395 6 6749 7280 7 5921 6079 4 6605 7562 10
7198 8047 9 6079 5107 4 5848 5346 2 6222 7517 5 6181 7392 9
8204 7925 4 4656 6221 3 5803 6293 8 5740 6697 6 6659 5112 5
7824 8753 4 7613 10184 10 7635 6917 8 6805 7303 3 6187 6454 6
6353 7411 5 7543 6333 4 7282 7821 2 6678 6753 7 7777 9763 11
5275 6969 4 6413 6744 6 6845 7957 9 6794 5639 3 4714 4752 3
4407 4496 4 5605 6783 8 4855 4859 3 5797 7013 6 6388 6234 8
5675 6544 4 9139 9264 7 7616 6835 5 7377 7989 9 6367 7951 8
4960 4659 6 5405 6271 4 6263 6656 6 5178 6117 10 4486 5426 3
7337 7917 7 6097 6753 5 8137 6803 2 4192 7282 4 6653 7115 5
7487 6379 6 5991 6525 2 6869 7109 4 4758 5829 4 5589 7058 8
7372 6994 6 10766 9423 12 6195 7459 3 6604 6971 4 6087 7703 7
6529 7557 8 6002 6768 3 6635 7479 3 5764 5358 6 6357 6210 2
7459 5976 1 5936 5891 4 5686 7109 3 6077 6796 4 5484 7704 7
5509 5907 2 7293 8752 7 6863 7886 6 6710 5530 6 5878 5900 4
6037 5959 4 4771 4362 3 4982 6175 1 7068 6830 5 5061 6778 7
7930 6650 6 6377 7616 4 7038 7531 2 5647 6754 3 6500 7608 5
3781 5208 1 6313 4662 0 6060 6181 4 6268 7099 6 5610 6127 3
6266 6935 5 6794 7335 8 7309 7041 5 5267 5912 8 4749 6136 5
6310 7015 3 5887 5386 8 5243 6702 6 4309 5330 3 6438 5501 6
5387 7956 7 7410 7937 9 8856 7569 8 5940 6860 3 6465 6804 4
6307 7146 7 6415 7464 9 7813 5554 5 6015 7669 4 5886 6549 8
6498 5278 2 6130 7617 7 6722 7207 5 5022 6337 6 6458 7056 6
3809 5682 6 3402 4252 3 6063 5520 3 4809 5959 8 5102 4149 1
7991 7552 8 4235 6580 7 6773 7861 3 6242 6389 0 7759 6901 5
4437 6428 6 5357 6072 3 3275 3146 3 5415 5847 7 6171 6870 6
6065 6372 4 4881 5507 4 5486 4661 3 4926 6509 10 4114 5619 4
5723 6209 4 5323 4843 8 6962 7523 6 5998 8388 8 4770 4640 3
6671 7387 2 6284 6361 4 6631 7618 8 3934 5516 4 7301 6334 4
6520 7051 9 6357 6789 6 4264 3693 2 6773 8030 10 4888 6320 4
6581 7174 5 7080 6581 2 3899 5552 3 5925 6378 2 7502 7088 9
5147 6335 4 6625 7180 4 8301 7346 7 4091 4953 1 7093 8049 7
5509 5600 2 6692 6392 2 5894 6281 2 6338 9137 7 7171 7040 5
6573 5909 2 6979 7295 3 6634 7618 4 6340 7126 8 6707 7327 6
4525 5992 1 6447 6679 5 7644 9446 8 6139 6088 7 7033 6420 4
6109 6705 4 7292 7785 6 6434 5672 3 6054 7172 5 7587 9260 7
5352 6588 7 4942 5653 2 7593 6031 6 6490 7763 7 4363 6216 6
4363 6636 8 6155 8392 3 6115 5962 4 4123 4718 3 7185 6507 7
5440 4759 1 7493 8835 10 5652 7456 2 7698 7411 4 7192 6705 6
7927 5850 4 7633 6896 7 7505 7481 4 5628 7722 6 6651 7839 5
6733 6919 4 4140 5761 4 7752 6458 3 6390 6023 5 6175 8305 11
4850 5560 4 6513 5508 1 4902 5319 3 7634 7430 5 6081 8371 9
6551 7908 10 5951 6604 9 3949 4694 2 6002 6151 1 5995 4784 3
5982 7405 4 7188 6353 5 7145 7971 7 5064 5743 4 6335 6633 5
5536 4783 4 6222 8549 10 6672 6459 3 5187 5210 2 7292 8199 10
5940 5979 3 7317 5812 2 5765 7924 8 4918 6946 0 6341 6193 3
7253 8038 4 5212 6492 5 6342 6239 2 5942 6134 3 5401 5959 3
5591 6107 7 4098 3666 1 5298 7146 8 3147 3865 1 5705 5377 8
4242 6214 0 6134 6054 5 6618 8188 11 5453 3958 2 6325 6626 8
8449 7305 8 4424 5265 5 5750 6844 7 5520 7565 5 4748 5219 5
5227 6766 3 5894 7330 6 6950 7137 4 6086 5945 2 7630 6858 8
5555 5544 3 5289 6190 3 4603 4887 6 4207 6013 2 6330 5747 6
8193 7517 4 5503 6149 2 4864 4924 0 7259 7939 7 6322 6573 6
7064 8263 3 8380 5520 9 6219 7339 7 4322 5090 1 4371 6970 4
5743 5779 4 5270 6257 6 5032 6292 3 4263 4970 4 6551 5765 5
6681 7696 5 4974 5100 7 6222 7067 6 4617 4077 1 6762 7624 3
6158 7386 4 7070 7121 4 6714 6683 6 7575 6912 1 6568 6925 9
5637 5820 7 6827 7338 5 4944 6152 8 6708 5926 8 7400 7641 9
4753 5082 3 5322 4994 9 5536 7684 5 7172 6977 5 6749 6785 4
5128 5459 4 5223 5451 2 4249 5981 6 4974 5260 1 6252 6920 7
4552 5201 1 5541 5399 3 5938 5611 4 5359 7424 9 5154 5468 6
6383 5450 10 5586 7142 5 6121 6290 4 5239 5040 6 4286 6927 5
5983 6570 2 5195 5105 2 6172 6412 3 6960 8542 6 6028 5955 2
5452 4120 4 5815 5574 3 4901 5688 5 4260 7132 6 6116 7143 8
7385 5859 5 4684 6755 2 6515 6977 4 6335 7434 7 6156 6759 4
5476 5711 1 8336 8505 11 7197 7548 4 7319 7260 1 6403 7212 3
6808 7536 6 6830 9075 4 6511 5600 6 5664 5646 1 7364 7451 8
7180 7432 6 6347 6917 4 6572 5978 7 6244 7483 7 6561 7020 7
5314 6698 8 3586 5253 5 6765 6722 9 5580 4589 5 4541 6162 6
7551 6278 5 6010 8512 4 4557 4487 5 5621 8078 10 5498 5519 6
6427 7365 5 5921 7279 6 7312 8756 4 4161 4233 1 5736 4852 5
5777 6491 3 6573 6622 4 6446 6677 5 6099 7592 11 6331 6620 6
5281 4634 4 4862 4770 1 6359 6449 6 6146 8443 5 4459 6368 3
4985 6754 6 7237 7138 9 4601 5093 2 4729 4945 1 6671 6613 6
6767 7212 3 6454 6541 4 6939 7473 6 6055 7868 3 6615 5743 5
5851 5487 3 6418 6922 6 6316 7686 5 6213 6775 7 4561 5861 7
4037 5431 4 4667 5540 1 7438 7320 5 3703 4951 3 6567 5933 11
5699 5505 4 4899 5270 5 5535 6102 3 5368 6324 1 4707 5645 4
6669 6555 6 4729 3823 5 5443 7064 7 5998 6211 5 4916 6250 10
7304 6794 5 6069 7009 2 4747 6781 8 5165 5793 9 4772 5407 4
6560 7279 10 5518 6686 6 5653 5399 4 5560 5324 3 6719 7500 3
5935 4821 4 6316 7700 7 9012 9873 8 6076 5983 2 6599 6787 4
5666 6555 6 5709 7089 5 5905 5491 4 5771 8401 3 7338 5998 3
5677 6656 8 7120 7795 3 5153 5496 2 6150 7206 6 4443 4701 4
6561 7891 8 5257 7899 9 7264 6439 7 6075 5925 0 7070 5966 5
6823 8292 6 8573 8194 7 7358 7163 5 8078 7538 5 4863 6091 2
6486 7760 4 5989 5448 3 7305 8400 9 6699 6293 4 7550 6791 10
6610 5504 2 4332 4691 4 5208 7104 7 5785 6535 11 4964 5810 3
4764 6306 7 6633 6062 5 4490 4851 1 7329 7187 8 6515 6276 6
6763 6053 6 4714 6829 6 6142 6273 2 6408 6844 7 5090 5726 3
3860 4067 0 5144 5683 4 6931 5987 2 6439 6061 4 4515 7410 11
6388 6285 3 4988 6030 5 6488 6061 9 4524 5721 2 6030 6443 7
5306 5889 1 6213 6245 4 7566 7050 3 6230 7477 1 7945 9478 7
3772 4872 5 4942 5652 4 6406 6804 10 5700 5611 1 4729 5902 3
7209 7191 5 6407 4977 2 5771 7222 5 5660 6559 5 5318 6772 4
6172 5926 4 5245 5647 3 5585 7144 5 5678 6384 6 5179 5147 3
5029 6383 6 5162 5365 1 5317 5972 6 5588 6671 5 6429 5847 6
5118 5500 2 4867 5991 5 6165 6690 10 5915 5858 3 5517 6462 7
5168 5485 5 8385 7855 7 5170 5621 6 6037 6828 10 5577 6424 6
6737 6842 3 6177 6379 8 6421 7494 5 6219 6891 6 5690 5943 6
4308 6845 4 5860 3624 3 7164 7558 3 4854 6350 8 6446 6115 7
6481 8463 3 7117 4872 3 5363 6630 9 6396 7308 6 5506 5980 6
6023 6366 5 5818 5558 5 4647 6476 2 5961 6931 4 5348 5316 3
7657 6573 7 4603 7222 3 6031 5949 2 6279 6820 5 7210 7960 8
6361 6729 7 7295 6908 7 7460 9844 9 5311 4553 2 8087 8373 12
6621 6747 2 6550 7369 6 6605 7807 7 8643 7746 12 4975 6105 2
6546 7241 4 5656 6865 4 6522 5622 4 5806 7233 0 5899 5414 3
5343 6410 8 5302 5520 5 5937 5104 5 5832 5457 1 4196 6325 5
7601 7566 7 5510 6559 5 6324 7717 8 5816 5952 5 6002 6151 6
5799 7086 3 5852 6018 5 5791 6329 5 6189 6526 10 7328 7508 6
8039 8496 8 4970 6938 3 4699 5667 1 6446 6471 2 6097 6018 3
5803 6263 2 4830 5298 2 6619 6214 2 6919 7008 6 5298 7220 8
4021 4976 1 5972 6221 7 6459 5572 3 5461 7876 8 5330 6177 2
4622 4859 4 5960 7165 5 6658 5920 8 6274 5590 2 5498 7864 10
6415 5227 4 3290 5253 2 7731 8619 10 6534 7604 3 6794 6922 3
4414 5726 5 3946 5565 6 5718 5214 1 6329 4703 0 5804 6962 6
6593 6592 6 5416 5889 3 5865 5784 5 5233 6396 3 5132 7721 3
4860 5728 3 5852 6336 7 5597 5112 5 4983 5344 6 4822 6114 7
7266 7063 6 6748 6491 3 6568 8627 4 6055 7036 3 6806 5823 3
5518 5720 6 6051 4795 7 5586 5634 4 6161 7201 8 5066 6638 4
7313 10090 7 7182 7967 8 7144 5106 4 7208 7692 2 6769 6190 5
5830 8281 5 6345 7228 7 7316 6411 1 5783 5063 4 7594 8120 2
4762 6894 2 5787 7199 2 7830 7237 7 6728 6070 7 4275 5172 2
4744 6321 5 5187 5678 2 4848 6981 5 6292 5904 4 6752 5775 5
6000 6743 4 4619 5148 4 5488 5077 5 5667 5792 5 5961 6879 8
7156 6969 4 6808 7720 4 6491 7264 7 6458 6880 5 6100 6608 6
5666 6299 4 4382 5795 6 6071 4813 2 5284 6645 5 8203 8096 4
5170 5370 2 7071 6885 6 5705 7010 9 4976 5292 5 7200 7764 2
5433 5955 5 6046 6269 5 6382 7144 7 5946 7352 5 6488 7263 2
6517 7544 5 7272 6688 8 6283 7810 5 5246 4908 4 6749 6395 6
6599 7480 7 6001 7721 1 5983 7562 7 6475 4325 5 5980 6695 4
5962 6102 6 5737 5007 5 4862 6243 2 6477 6555 7 5142 7085 6
4138 2773 2 4911 5483 4 3305 3786 3 3887 5999 6 4630 6065 7
6234 7398 7 8181 7509 8 7052 7975 4 7300 6600 7 4707 6233 6
7227 6891 2 6164 5992 4 5827 7041 1 5958 7159 5 6618 6941 9
5067 6308 4 7831 6665 7 7280 6551 5 7176 7534 5 6035 7677 9
5408 4359 5 5501 8035 11 4705 4691 6 5766 6273 5 3398 3902 5
6956 6505 4 6823 7441 5 6361 5947 4 5475 6939 3 7024 6890 4
8098 8342 9 4873 5653 3 8978 8117 5 6524 7904 12 3937 5122 2
4272 5587 6 5204 5270 3 5359 5858 6 6366 6224 9 6170 7045 11
8214 8722 6 6822 6938 8 6094 6617 1 5102 5292 4 5256 6318 5
5870 6600 4 7334 7556 4 7087 8564 1 7940 8192 2 6041 6932 7
7434 6801 3 7866 7799 11 5690 6681 2 5815 6597 5 5371 7196 3
6714 5881 2 4024 4883 2 4123 6291 5 4758 5907 6 5351 4800 5
4818 6528 8 5159 5601 2 5811 5712 6 6359 5487 9 4656 5681 2
5911 5625 4 6814 5640 5 5695 6188 0 4420 5207 5 4481 6532 11
5519 6487 4 5673 7046 2 5292 4610 3 4947 5319 5 5351 7063 9
4849 7321 7 7691 8050 5 6665 6697 6 5202 5670 5 6864 5639 3
6209 6202 6 6233 6506 9 6167 6894 1 6483 6438 6 6041 7674 7
8715 8556 4 7382 8632 4 7680 7805 6 7390 8108 2 5849 6154 3
6556 5814 3 5157 5095 3 7394 7308 4 5609 7868 8 6331 7425 9
6135 6534 10 5998 6885 5 5865 7317 3 6851 6084 5 4678 5494 5
3526 6858 4 5495 4518 5 5384 6042 6 6093 6497 7 4671 4008 1
7776 6882 7 4454 7122 5 6427 6141 5 5168 6022 8 4619 4680 2
5628 7205 4 6077 5725 5 7219 7737 6 5451 5857 3 5404 5637 5
6668 7044 2 7583 6673 2 6177 7515 4 6879 8933 12 5728 5894 2
4815 4726 6 6239 5443 3 6006 8029 7 3578 4800 3 4618 5693 5
6280 6545 4 6673 8770 6 6117 4947 4 5361 5351 2 6506 7978 7
5434 4005 2 4480 4977 9 4603 6124 7 5035 6903 5 5760 6039 4
6098 4444 3 6492 6718 3 7473 8583 6 5757 7221 6 5697 6622 2
6777 5923 2 6373 6955 4 7668 6739 4 8071 9978 12 5715 7458 7
6538 7322 7 5850 6008 5 4360 5108 3 5556 5166 6 5454 5584 7
5980 5785 6 4162 3072 4 4887 7024 5 6507 7423 4 6379 6632 5
6632 8176 8 6210 7027 4 7269 7686 3 7650 7248 1 6773 5889 5
7631 7028 2 4942 6545 5 5829 7394 7 6435 6593 4 6155 4944 5
5894 5274 4 7163 8138 6 4551 4287 1 7487 7665 8 7686 9148 8
5725 6576 5 6499 6729 2 5854 5527 4 4292 6675 2 7259 6678 11
6538 6785 5 6585 7806 3 6507 7635 4 6591 5463 7 7345 8373 9
6897 5949 5 6000 6833 11 6470 7997 10 5023 4674 4 4370 5885 3
7821 7009 5 6789 6546 7 5740 6269 6 7703 8977 6 6019 7701 4
6389 7249 5 6681 7619 9 5647 6767 3 5123 4665 3 5164 5030 7
4852 4296 0 6263 7262 6 6110 6828 4 6972 7156 2 7297 7603 6
4848 5825 5 5534 5493 4 5199 5443 9 4421 5586 5 5249 6269 3
4776 6578 5 6525 6305 6 6460 7848 7 5592 5002 2 6632 5913 6
5563 6803 6 7902 9287 6 6869 6945 6 8483 6535 7 7101 8014 8
7262 6016 7 3967 5451 1 4324 4617 4 4602 6055 9 5567 5725 4
6960 6668 6 5323 6956 5 6844 6395 3 5697 5835 6 8177 8256 8
4506 5654 6 5484 5524 3 4764 5110 1 6777 7685 5 5536 5464 7
6027 6734 1 5290 6815 7 7671 7260 5 6343 7673 7 6025 6075 7
5004 6919 3 4177 5790 8 8331 4999 9 5966 5491 4 5116 6550 2
4180 7334 6 8175 5986 4 6798 7511 2 5361 4608 5 5471 6402 3
5028 5587 6 4272 5250 3 5614 4356 1 5076 6392 4 5800 6639 8
7997 8165 6 5333 5932 3 6975 8540 12 6824 8349 6 4009 3423 4
5750 5469 7 7567 6526 9 7185 7190 9 4984 7282 4 7107 9095 6
7237 6539 1 6893 7907 6 7653 7144 4 5455 6959 5 6368 7146 4
5867 6640 2 7155 7082 9 5044 5232 2 6230 6749 3 6359 6003 7
4722 6187 6 7347 7929 8 5107 5932 2 6724 5262 7 5524 6375 3
5799 7940 7 8314 7781 9 5474 5984 4 8103 6814 5 5653 6451 5
8091 9010 3 7615 7861 7 6411 5973 5 6930 7615 8 5867 5716 4
6913 6285 4 6106 5690 5 4938 7453 3 5969 5641 6 6211 6415 8
7608 6972 4 5428 6279 3 4143 4039 1 7700 9053 11 6224 6749 7
6150 7643 3 7289 7960 10 7571 7530 4 5131 6564 5 8374 7933 6
5003 5488 4 5981 6469 7 5540 5139 1 6401 6408 6 5269 7240 7
8863 9833 5 6333 7254 7 7550 7801 7 7247 6697 6 7569 8728 8
5132 6172 8 7152 7164 9 4620 5556 3 6384 5894 6 4221 4972 3
5960 5717 3 6329 8754 7 5518 6127 2 6565 6391 2 9175 8204 10
5168 5210 2 7097 8210 6 6621 7819 6 6281 6681 4 7929 7367 9
9826 10176 4 6708 8229 3 7629 8848 6 8986 9102 4 5992 5063 3
8170 7789 3 8737 10401 10 7211 7924 4 9212 7768 3 6045 7403 8
6327 8462 14 6300 5581 4 6840 7240 4 4918 5240 5 6635 8414 7
6389 5582 13 5467 5580 1 5751 6484 2 6238 7659 5 6403 7343 8
6575 6639 4 4875 5741 5 6822 6287 6 5077 5974 1 3747 4632 3
6525 7392 2 7090 7970 9 5756 4752 0 6211 7682 4 6234 6559 7
6619 6491 5 7027 9059 5 6519 6676 5 5972 5851 1 5989 5671 2
5504 6616 4 8064 8362 5 5350 4758 1 4867 6309 5 6859 7257 6
6203 7265 6 6611 5760 2 7398 8051 3 7122 7485 4 5885 6236 6
6536 6877 8 7844 8619 4 6893 5280 3 4945 7113 3 5814 6774 9
5703 7957 9 8002 7324 4 5734 5441 4 6290 7146 2 6301 6774 3
6097 5731 1 5636 6771 5 7248 6288 5 6507 6613 2 6109 8010 3
6245 6783 3 6387 6692 2 5504 8097 6 7490 7341 7 7183 4668 5
7167 8644 6 6891 8904 7 5605 5135 2 7620 7043 3 5880 6068 3
7298 7818 5 7649 7398 4 5766 5699 3 5998 7240 4 8551 9574 4
5255 5518 2 4942 7251 8 7040 7969 5 7051 5556 8 6727 7402 3
4625 5174 0 6135 8121 5 5365 5394 3 6007 6154 3 6964 6186 8
7733 8558 9 6452 6716 5 6445 6213 5 6499 7027 4 5925 6761 7
7252 9560 10 6952 7192 6 6076 6044 3 6077 5351 0 5976 6914 8
6730 6260 6 5141 6087 2 6337 9266 7 6330 5989 4 6611 6734 6
6299 5165 5 7093 7576 10 5628 6639 1 5963 7132 6 6543 6954 3
4510 4119 3 6191 7478 5 6340 5689 8 3544 6007 3 6560 6563 8
6610 7963 5 5176 5107 3 5194 5689 5 3730 5540 5 5746 5676 6
6832 6039 7 7659 8704 6 6000 6095 6 6828 6795 5 5219 7551 5
8444 11092 10 8367 6571 5 8331 5914 4 6896 9676 10 7405 7562 8
6980 6912 7 4230 3926 2 5565 7493 7 7018 7747 7 7419 6095 5
7744 6975 5 5877 8097 5 4889 5806 5 6653 6346 2 5458 5351 2
7620 7513 8 5636 7246 4 8710 9019 10 7046 5285 7 7073 9479 9
3788 5805 2 4448 5248 1 8038 6770 8 5421 4965 9 5729 7655 7
5716 8542 5 4135 3471 0 5572 6652 9 6956 6673 3 6294 6361 7
5352 5201 2 4547 7497 4 7115 8127 9 6698 5237 1 5713 5324 3
7922 7981 8 5605 5817 2 5663 5678 1 6462 6445 5 6341 8249 10
5664 5944 3 6640 6285 1 5234 5586 5 5682 8612 7 4469 4583 9
5353 6176 2 7246 7046 9 7922 8541 9 5364 5703 3 4895 6619 3
8348 8272 6 8643 8281 4 7386 7771 8 5140 5712 5 6479 7484 3
5115 4988 4 4632 4922 1 5973 6680 8 5962 6508 6 6474 7200 9
5306 5738 3 5285 5926 1 6563 7234 6 5231 5201 5 5891 6335 8
6953 7263 8 7309 8862 1 7063 6357 6 4849 5166 1 8450 9490 8
6009 5597 2 5620 5286 6 5031 7032 6 7022 6327 8 4940 7246 7
7806 9430 8 5148 5785 3 6333 5672 3 6435 6406 3 6317 5840 4
9318 9089 9 4915 5586 3 6901 7337 7 7749 8282 4 6433 6017 6
5377 4596 7 5225 5019 4 4642 4094 1 6435 8342 6 7200 7093 6
6983 7721 6 6130 6344 4 6246 7606 5 6979 6718 4 5501 5144 3
8106 6942 3 6438 8052 5 9396 8612 2 5392 6241 5 6703 8138 3
7372 7378 3 7295 9881 6 5752 7470 3 9723 7876 6 8196 7822 3
6666 5815 6 6792 7167 5 5530 6456 11 6223 6511 3 6607 7831 5
5940 5446 1 5864 7489 12 6587 7526 11 5026 4214 1 4927 5671 4
5699 7397 6 6904 7302 5 9283 7249 5 7398 8755 8 7662 7573 8
5254 6216 7 6948 7421 3 6130 7849 9 5275 5995 3 6868 5981 6
6874 6235 5 5942 6212 5 6019 7954 5 5787 6555 3 6498 6727 2
6454 6660 3 8503 8398 8 6644 6902 10 6006 6795 8 5178 7406 3
4074 5143 2 4808 4292 2 5973 6350 4 4357 6605 6 5535 4703 9
5707 6347 7 4109 4894 5 7469 7130 6 5466 6357 6 7248 6233 4
5188 3762 2 6564 6638 10 5877 7070 2 4807 5353 4 6466 7727 7
7166 8068 9 5459 4432 1 5975 5622 5 6972 7146 2 4303 5875 9
6516 8693 5 6037 8636 4 7815 8484 6 6392 4160 1 7029 6754 7
7186 8220 9 5181 5633 2 6126 6058 0 8497 8521 4 5853 6106 1
6627 6710 3 6340 7620 1 4313 4904 4 6447 8313 9 7771 6081 7
6819 6464 6 6355 5738 3 7250 8705 10 6565 7734 6 5509 5767 6
6807 6526 3 7343 7154 8 6005 6995 0 6655 7375 2 6875 8793 6
6704 7911 5 7551 7734 2 7840 8795 7 6761 7411 7 7004 5815 8
7105 6885 4 7791 7906 5 8089 7563 10 4923 5775 6 5453 6762 9
7398 7554 5 5576 6765 5 6895 5997 3 6588 7962 5 6324 6771 4
5911 6525 2 7229 7718 4 4754 4579 4 7222 7160 5 6868 8126 6
6073 7530 5 5266 5638 2 5748 5947 4 6391 5441 7 3998 5194 4
5862 5420 5 9000 8122 10 5511 6341 3 5484 7157 3 5327 5766 8
7099 9058 7 4377 4829 2 6587 6316 3 8565 8861 10 7051 6911 5
6152 6765 9 6851 7607 8 5911 6179 5 5661 6314 7 6215 6633 4
7871 8490 9 7405 6910 5 5436 6319 4 5062 6996 1 6580 7245 9
5597 6476 3 5205 5009 3 6211 6478 10 5996 9287 14 7430 6102 6
4342 7536 4 4935 6255 4 5832 4203 0 4104 5811 7 5353 4695 4
5475 5654 3 5487 5566 3 5830 4561 5 4200 6284 5 4460 5712 4
6686 6656 7 4206 4552 3 6490 7440 6 5742 5527 3 5629 7202 6
5814 5950 2 4875 5123 3 8297 7803 2 3971 6173 4 6862 7182 10
4488 5047 7 6743 7090 3 7027 7976 9 6249 6998 1 5700 5613 1
8181 8210 9 5253 6931 4 6628 5757 3 5621 8677 6 7343 6876 4
4424 5678 7 7781 7363 9 6880 7746 10 5357 6101 6 5086 6698 5
7763 8948 7 7400 6694 4 5071 6113 4 5835 7360 6 9295 8322 7
4439 5765 5 5253 5008 4 4409 6691 7 6447 6274 5 4624 4713 6
6865 5977 8 6269 7129 6 5777 7543 3 6787 5281 3 6865 8949 9
5248 4176 2 5754 5807 5 6676 7100 4 4320 5125 4 5499 7342 4
6126 6365 7 4659 5771 3 4727 4827 4 5743 7958 8 6449 5811 2
5528 7063 3 4626 2949 3 5548 5829 7 7696 8867 9 6562 6251 6
6983 8961 10 8380 7051 5 6596 6585 5 4892 5307 2 5921 6761 8
6391 5735 3 6112 5948 7 6311 7391 3 5121 7681 7 5805 5637 2
5245 6901 5 6990 6910 4 7070 9347 6 7782 7437 4 7902 6041 3
5884 6468 5 4506 4297 8 5020 6048 5 4259 5386 2 4606 4880 8
7714 6878 10 5711 5933 6 6360 7540 7 5972 6564 4 4807 6047 4
4676 4694 5 4144 5995 3 4842 6551 1 4893 5618 3 7877 6382 6
7303 7351 10 7831 5752 4 5304 7195 5 6615 7902 6 5253 6040 4
6985 6856 7 6654 6820 7 6185 6416 3 6050 6958 7 6516 7159 6
5841 6030 3 6570 6718 5 6011 8171 8 8596 8888 5 6327 6260 5
5549 4327 0 6103 6263 2 6771 8114 7 5066 6104 2 4593 6670 8
4631 5287 3 7321 7078 8 7517 7043 8 4841 6062 3 7494 8767 8
5606 6073 8 6254 5303 4 4394 6470 2 5951 7122 3 6259 6340 5
5432 7278 6 5906 5137 2 5721 5464 5 7254 6602 9 6850 9507 5
5871 6669 3 6282 7008 3 6921 5756 5 6151 5907 0 6644 8525 10
6488 7474 10 6919 7159 3 4800 7198 4 7867 7759 7 7525 6741 4
5432 7907 6 6378 6354 4 6225 6393 5 6574 5627 3 6264 6496 6
5769 7469 13 6239 6717 8 4664 4795 1 5980 6057 11 5692 5452 6
6168 5529 2 7028 7610 8 3609 4063 3 7559 8231 5 5769 6727 7
5393 5917 5 6344 5568 1 5751 7170 10 6394 6692 8 5934 6820 3
4638 5353 3 6276 6247 9 4777 7477 8 4063 4956 4 7432 6275 11
8785 6455 7 6057 6642 8 5403 6405 6 4146 5987 3 3886 4488 11
3745 5373 5 6412 5858 5 5463 7204 10 6913 6645 6 6530 6665 7
5923 6882 5 5041 6675 7 6623 6580 4 6579 6246 2 7460 6833 7
5155 5180 4 6308 6630 5 6538 6357 5 3906 3882 0 5960 7834 6
6381 6528 5 6434 7766 5 6164 7232 7 6405 7555 6 4828 4516 4
5797 7750 8 4392 5991 6 5925 3312 6 5278 5139 3 5072 5816 6
8208 8083 6 6466 5119 4 7351 8637 5 6202 6754 7 6393 8409 6
4955 5988 1 7194 7256 7 8367 9055 4 5407 6108 1 6464 7227 11
7437 6580 6 6991 7699 6 5803 7071 7 6701 7503 7 4391 5554 7
5198 4305 1 7527 7925 10 8037 8396 5 5792 7139 6 6407 6863 4
6662 5782 4 4217 4617 3 5000 7263 7 4935 5341 4 5237 5249 6
5955 6540 1 6346 6418 5 7031 7130 7 7019 6202 5 5793 7523 7
4573 7192 4 7447 5933 4 7235 7416 5 4364 4938 1 6301 7020 7
5871 7560 3 5292 6635 4 6750 6006 6 6285 7580 6 6857 6002 5
4897 5553 5 5874 6166 3 6238 8809 5 7827 6283 3 5415 5151 8
5822 4210 2 3169 7041 4 4800 7201 3 7184 6631 4 6252 6226 6
5980 5767 1 6162 7217 3 5803 7759 8 5325 5240 4 5466 5462 5
5276 5125 5 5612 5739 2 4578 6237 6 4959 6165 6 4530 5172 6
6499 9332 5 9548 8628 7 8922 7984 8 5877 5831 1 6334 6748 7
5791 7183 3 6548 6496 5 6744 6533 4 5258 6761 6 5989 5747 7
8282 9126 8 6973 6017 8 6037 7043 5 8590 7655 11 7742 8593 5
4912 6467 5 5355 4969 6 5782 6572 3 5117 6005 7 6149 5373 3
7414 7621 1 6623 7190 2 5849 5232 0 8089 9256 7 6545 7522 7
5840 8894 3 5424 6756 0 6594 6697 5 8876 8567 8 7178 4955 3
8271 9309 12 5175 6945 6 7103 7724 6 8332 7405 6 7393 7169 8
4418 5342 5 6491 6769 3 6065 6287 9 5872 5354 4 4601 6713 7
6098 6419 9 5075 7420 5 5601 6727 8 4960 5177 6 4911 3850 1
5718 7668 6 8478 8173 9 5668 5008 5 6801 6434 4 6248 7618 3
4984 7819 4 7452 6556 4 5996 5196 2 5451 6179 3 4957 6085 9
4900 5316 1 5993 5355 3 4894 5708 5 5426 6920 8 4705 4607 2
5547 5604 7 6703 6979 7 4943 6069 8 5625 5713 3 6949 7589 6
5587 7248 4 6857 8180 4 8036 9374 5 7105 6308 5 8513 7077 2
5849 5370 3 7479 5336 4 6134 8348 7 7141 7980 7 5181 6523 6
7005 7619 6 5062 6324 1 5703 5964 3 6180 7043 6 5282 5380 4
6559 6359 5 5946 7361 3 7328 8471 10 4724 4578 3 8200 7679 8
6400 7944 8 7454 8644 6 5613 5250 0 5852 6377 2 6525 4828 3
6715 6744 5 5982 6930 1 6046 5984 4 8122 7650 8 7228 7817 7
7426 6957 9 4870 5019 4 5014 6623 5 4970 5908 0 7017 6996 5
4416 4924 3 6037 5017 2 6072 7576 3 5755 5565 3 7565 9561 9
5808 7945 11 5726 6153 3 7547 7284 4 7820 8588 7 5688 6427 3
6747 7506 7 5897 5697 3 6646 7386 4 6921 7688 3 6463 6735 9
5287 5555 4 6192 6124 2 9088 8770 5 5862 5706 1 5739 6983 7
6347 7333 7 4995 7792 6 5158 5755 8 7975 6053 8 5274 4939 4
6290 8795 9 7891 7024 4 5796 5567 4 6441 7856 5 6555 5798 4
7418 6171 2 8920 8159 6 5597 6269 3 6868 8933 2 5910 8386 7
7990 8996 9 6280 7379 5 5695 7082 6 6130 7235 6 8411 7499 5
7827 10201 9 6609 7778 9 6455 6266 6 6655 7337 6 7765 6979 4
3881 5437 5 5747 6101 2 6648 5810 8 6259 7524 3 6248 5921 7
8332 7553 4 6753 8785 5 4642 4936 3 4762 5159 4 7029 6815 8
4027 4438 3 5838 5953 5 4918 6287 6 5293 5699 6 6862 7978 7
7042 8367 4 6456 6280 6 4107 4086 1 6934 6437 7 5269 6920 6
5187 6274 2 6679 6961 5 7089 8166 4 6983 4579 1 7332 8665 9
6909 5051 4 6388 5946 6 5079 8107 6 6134 5566 2 7894 9344 4
6329 7620 7 7726 5626 5 5093 5295 2 7262 6796 4 5971 8420 11
6140 5020 4 6188 6453 7 7984 8407 10 5111 6131 1 9264 9572 13
6551 5907 1 7306 9608 10 7690 8198 9 5738 4963 5 7391 8697 11
6327 8493 5 6864 6393 4 5812 5099 2 6494 6538 11 6559 7621 8
5687 5014 4 5612 6106 4 7187 9001 6 7148 7564 2 6004 5546 6
6265 7046 4 6681 6200 4 5648 6811 4 5923 6824 5 5160 4591 5
7952 6788 5 9591 9462 12 5519 8096 3 5596 6267 4 6629 7574 3
5978 4751 2 5076 6869 2 6698 7658 9 7325 7029 3 5988 6722 4
4797 6014 3 6616 6258 3 7486 6614 6 3492 5428 2 5203 5892 5
6201 6008 5 5745 6842 3 6361 6807 9 6615 7850 5 6418 6192 5
6165 7872 9 6399 5042 2 6585 6629 5 7058 5718 7 6917 8047 9
6262 7536 4 6363 8594 5 6694 6098 2 8677 8606 6 4756 4200 2
5636 5016 3 6205 7518 5 7207 6763 9 3886 5815 5 7137 7195 7
6971 9100 9 6699 6905 6 8497 9041 8 7039 6649 3 7266 6312 3
10010 10347 11 7230 6663 5 9385 8902 8 6517 7178 3 6748 8051 3
6370 6734 8 5435 6828 2 5936 6689 0 6879 6630 6 5367 5132 3
5208 6278 5 4091 4939 3 5551 7634 10 5557 4746 2 3746 3480 2
5920 6303 4 5603 6235 2 5742 5120 5 6464 7881 4 6984 7071 7
5390 5987 4 6138 5327 3 5284 6962 6 5472 5755 3 3977 5049 6
6317 7890 4 7005 6792 4 6038 5192 3 5974 6172 6 4548 6196 6
6430 5865 4 4223 4809 3 5717 6274 4 5281 7316 5 5886 5988 6
4524 6385 4 5113 5513 6 6782 6810 9 6118 5457 2 4737 5727 4
5880 6892 4 7055 8870 4 6990 6862 3 7136 6977 8 6197 6021 2
3645 5091 3 7108 6528 6 6452 6579 8 5080 4717 1 5114 6754 8
7772 7104 2 5550 6855 3 7539 7196 4 5421 6775 3 7844 7145 5
5943 7034 6 5623 5871 0 8900 8867 6 7217 5857 6 7040 7858 6
6225 6742 4 7928 7157 2 5643 6365 7 4951 4840 5 5034 6754 5
6017 6995 5 7227 6155 3 6789 7072 7 6433 7965 5 4601 5108 2
6068 5796 1 4352 6459 5 5953 5348 7 6947 6525 7 5525 6837 5
5176 6612 4 7222 5814 2 6642 7617 6 5434 7001 5 5432 5720 3
7506 9006 8 6649 6400 2 8465 8847 9 5854 5901 4 6035 5737 6
5558 6224 3 5784 6482 4 7213 8199 2 6631 6541 7 5943 6300 4
5385 5574 5 5364 5585 4 6004 7243 5 6037 6540 1 5604 6885 7
3699 4005 4 4248 4975 5 5563 5858 7 5693 6338 7 5382 5682 6
5227 6124 6 8387 7073 6 5264 5958 3 6391 7178 5 4635 5680 6
8319 6666 5 7240 9267 10 8172 7474 9 7242 7469 4 5695 7074 9
8056 8132 8 6686 5911 4 6311 7245 6 6439 7657 8 5697 6074 9
6801 6509 4 7803 8320 7 6513 6851 7 4889 7145 9 5093 4504 4
6432 6734 5 6639 7111 6 5911 7314 6 6599 6649 2 7124 6992 6
4774 6944 11 5079 5095 6 5868 6112 3 7644 7865 6 3924 5131 4
5882 5091 5 5318 5498 5 5750 6615 4 4338 5535 8 5066 5470 3
5642 7073 1 7080 6690 2 5991 7754 4 5167 5999 9 7090 6178 7
6489 7212 13 7643 7343 8 6763 7626 5 4893 5448 2 4589 5064 4
6035 7138 8 6348 5863 0 5354 6240 4 6601 7205 1 6175 6563 3
6202 6389 1 7227 7552 11 5640 6141 1 6588 7748 3 5649 5811 4
5187 6838 8 6004 6962 7 6866 4943 4 5381 6023 2 5846 6927 7
7855 6387 6 6514 8449 9 8295 10921 10 5465 7020 3 7253 5422 4
6598 6284 9 5774 6710 4 4598 6231 7 4533 4338 2 6189 7174 8
8943 7493 4 5458 7712 3 7904 8873 2 5504 6866 11 6319 4924 4
7620 7259 5 5969 7277 4 7139 6958 6 6458 8877 10 5635 4914 1
6337 7223 11 6195 5409 5 8262 8803 6 5826 6390 4 6463 7022 4
3722 4195 2 5492 4313 0 4805 4652 3 3871 6022 4 5172 6900 14
5774 4416 1 5300 6976 4 4484 5114 1 4656 4856 7 6943 7748 7
4681 4872 3 5600 4978 3 5995 5031 4 5056 5927 3 5307 8041 10
6488 6767 1 5581 5964 4 6470 7026 4 7907 7125 5 7577 8655 5
5026 5375 6 4939 7907 8 6049 6051 6 6012 6120 2 4270 4784 2
6058 7509 6 7052 6417 4 5053 5497 7 6218 6727 2 4962 5290 5
6085 6178 6 3551 4876 3 6476 8610 5 6291 6303 3 6243 6678 4
4114 4809 3 6247 7041 3 6843 6941 5 7021 7240 8 5431 7006 5
3966 4335 2 6853 5935 5 7113 7708 4 4773 5558 1 5989 7556 9
5252 5522 1 5743 6005 4 6106 7355 5 5512 5502 5 6568 6417 8
5249 6966 6 9235 7567 5 6004 6671 4 6510 6643 3 5373 6971 5
5565 5739 2 5934 6716 4 7676 7395 8 6560 7261 4 4516 6278 7
7070 9092 14 5386 7209 4 6832 6178 3 5813 5307 3 4771 4548 4
4710 6179 5 7550 7083 6 5026 5040 5 6357 6804 5 6246 6663 7
4276 6167 5 6482 7523 8 5725 6703 2 4913 4456 1 6881 6690 7
8844 7779 7 4824 6186 7 7874 7222 5 5552 5708 2 5473 7454 6
6170 5791 4 5802 7690 7 6423 6795 9 7221 6317 6 3922 5638 3
6838 6055 1 4347 5725 2 6773 7038 4 6524 8541 13 5867 5838 3
6871 6941 8 5714 5446 4 5742 6655 2 6278 6230 5 4474 6734 5
7832 8323 7 7517 7513 7 7257 7974 5 7617 7783 8 8325 7634 3
6331 5978 10 8678 7671 9 4906 6660 4 6881 8074 6 6239 7934 13
4761 4384 2 7173 6582 6 6741 8390 7 7025 7263 4 4337 5860 3
5777 6645 3 6381 7156 5 6325 6312 5 7447 6933 0 6675 7312 6
6498 6322 2 6972 6506 5 4879 5740 7 5259 6010 0 4700 5173 6
4145 4454 1 5232 6095 1 9351 9334 9 5367 6625 3 6309 6415 6
5962 6318 7 7806 7950 3 5233 4564 3 7094 8927 10 4527 5795 5
6461 6349 5 5595 7819 6 5902 6302 7 5562 5923 2 5430 5031 4
5526 6249 4 5550 5413 0 5615 6004 2 4716 4844 9 6051 7170 9
5963 6706 7 7099 6972 3 5246 5470 6 7022 6736 2 5912 6866 8
5503 5311 1 7876 8179 5 4395 5137 5 6581 5822 4 6340 8421 9
6161 7041 9 6958 6697 6 6884 9222 4 7310 6129 1 6574 6424 6
6634 7366 5 6319 5351 3 5535 7990 3 7866 7668 3 8447 8460 6
5077 5533 7 6223 6826 6 6450 4772 1 5140 7634 2 6013 6436 5
6062 8580 7 6462 6606 6 6927 6295 7 6092 5552 1 6506 6969 7
5358 5330 3 5141 4716 3 8110 7783 7 4589 7650 1 5622 6434 7
5906 7589 6 6509 6434 3 5756 5523 1 6123 6975 9 5578 6444 3
4505 5994 2 4813 5177 4 6364 6830 6 5803 5900 4 6432 5917 6
8366 8899 9 7256 8211 7 5662 7703 3 5728 5379 2 6544 6220 5
5548 4942 0 4448 6020 3 6499 6830 8 4327 5521 5 5611 5707 6
6431 7790 7 5366 5453 3 6782 7925 6 5296 5705 3 5241 4475 4
6313 5845 4 5608 5753 4 6810 8030 5 5012 5304 2 6619 6480 7
6613 7449 2 6554 7758 3 7155 6482 2 7085 6000 2 7329 8310 8
6897 7429 4 6744 7275 5 7391 6794 4 5556 6457 6 6089 7678 5
4233 5534 7 5824 6202 7 3151 3964 1 5721 4033 3 4248 5693 6
5708 6547 4 6008 4876 6 5976 7811 8 4456 4751 3 3613 4995 5
6477 7032 8 5437 6562 2 6179 5408 2 7580 7834 7 6621 7582 6
5886 5818 2 7009 6606 9 6945 7518 5 5282 6131 3 7238 7777 5
6608 6407 7 4666 6386 3 5965 7821 8 7008 8078 6 7260 5664 7
7150 6904 3 4652 5605 1 5464 6823 5 6173 6635 7 6676 7967 6
7319 7700 7 6526 6070 4 5405 7079 2 5981 6359 3 5504 7403 7
7131 6047 4 6826 7247 7 6560 7031 7 6972 6099 2 4708 7089 5
5276 6107 5 6595 7029 3 8539 6411 1 5652 6553 6 5482 7228 5
6677 7045 10 5048 5577 1 7428 8436 6 5187 5313 7 6089 6819 3
4860 6851 5 4434 4961 2 6954 6543 3 6960 7567 9 4834 4858 5
6590 6172 3 7680 8909 8 4306 4395 1 2894 6443 4 6292 5018 7
10024 9454 7 6344 6143 4 5827 6423 5 6787 5748 1 6043 9094 9
6783 6771 8 4581 4762 4 6348 8072 5 6012 5997 4 5247 6213 9
4856 6549 5 6917 5746 7 7463 9098 4 5992 6827 4 5418 5848 5
4439 4518 4 8063 7590 7 9863 10620 6 7607 8284 3 5332 6259 5
5440 6011 3 7067 6722 4 7969 6941 8 4051 7629 9 7617 7774 7
6515 5291 7 5127 5480 4 5062 7950 7 4424 5958 3 4329 4109 2
7207 8258 5 5567 6621 3 7653 7045 4 6228 8200 4 6618 6151 3
7677 6863 4 3885 5621 3 5522 5556 2 6587 6280 3 6726 7755 6
5926 7208 6 5379 4556 1 7627 6975 4 5035 5587 5 5041 6943 10
5467 5896 7 5524 6516 4 5015 6048 7 6185 6124 4 5880 5774 7
6502 6255 3 8996 6614 6 4315 6182 8 6001 6467 3 6145 8107 6
6483 8606 10 6308 6608 8 5490 5471 5 6286 5694 3 5292 6787 6
4352 5277 5 4294 6716 6 6363 6099 4 3921 3783 1 6988 5991 3
7376 8007 8 6184 6139 5 6197 6062 3 5502 6412 6 7629 8440 4
5268 6958 6 7160 6879 4 5987 5961 0 7161 6410 7 6764 7979 6
7016 7776 7 6623 6768 6 5552 5627 8 5977 5556 3 4566 6431 6
4798 4214 5 5459 6410 6 4585 5882 2 4976 6454 6 6624 6926 6
6299 5900 4 6503 6879 4 7441 9397 9 5717 7404 3 6044 5531 4
6037 6305 7 5020 4435 7 6191 5340 4 5519 6868 9 3830 5965 4
7708 7126 5 7960 8576 5 7947 7678 5 6380 8068 4 7117 7696 4
4474 4746 4 4565 4780 4 4760 6634 5 7074 7031 4 6579 6854 5
5875 4569 7 5876 4922 2 5622 6536 9 3771 5786 3 5113 7005 8
5312 7741 6 4345 4913 4 7597 7686 10 6445 7005 6 4378 5026 4
7952 8444 3 6396 7722 10 6600 6888 3 6087 5108 4 4027 5334 3
5045 4594 7 5315 7622 3 5317 5791 3 5978 6371 4 6217 5798 2
6247 6884 3 6626 7557 8 7001 6676 2 5887 6870 3 5676 4747 5
6372 5927 6 5599 7637 11 7028 8177 6 4290 5475 4 6161 5054 5
4460 6426 3 4102 4295 3 4943 6193 5 4044 3510 1 5587 6103 9
8281 6153 7 4987 5960 1 6187 6529 4 6668 5827 5 5251 8591 7
5710 4755 4 5834 5360 4 4386 5467 6 3038 5484 6 6533 7042 6
5562 5398 3 6956 7627 2 6897 6885 11 4931 6733 6 7335 7681 8
5310 6538 8 5945 5509 3 7216 7558 3 5729 5744 2 7219 7701 6
6109 5875 5 7161 7995 1 5332 4731 3 5612 7394 6 6560 5906 5
7905 7223 8 8448 8584 10 5104 5412 2 5270 6135 4 6002 7813 10
5434 6021 5 5908 4988 2 5974 9195 9 8360 7802 11 6174 5981 2
5161 5760 3 7260 7755 8 6672 7065 5 6924 6302 6 5014 4976 4
8632 7356 5 7161 9282 3 7108 7059 4 6799 8786 7 8032 8658 6
6206 4629 2 4455 7385 8 4699 4616 1 6311 6119 6 6718 6953 5
6499 7118 5 4508 5606 5 6634 7413 5 5480 4856 6 5709 6965 9
6555 5386 1 5828 6007 3 7306 8113 8 4452 5489 3 6770 7616 6
8183 8425 10 6572 6031 2 7740 9859 5 6806 6505 6 7218 7618 6
7732 8111 2 6597 6010 2 5042 5508 5 7359 7999 9 6237 6552 4
7618 7607 5 3570 6086 3 4807 6161 3 9189 7233 6 4953 5760 4
4787 5782 4 6696 7314 4 6568 7543 10 5535 4969 3 5609 6032 6
7453 7692 4 7115 6220 2 5984 7947 10 7803 7685 7 5830 5928 4
7366 6920 2 8107 8649 6 6530 5865 2 8230 7824 2 6409 9203 6
8709 7955 13 7735 8724 3 7229 8302 3 5734 5627 0 6515 6505 9
6328 6859 1 4085 5848 3 7410 7858 5 5986 4240 3 5472 7375 8
4840 4940 2 4579 5269 3 5748 5459 4 4345 4110 1 4250 6900 14
7210 7216 5 7263 7493 2 5530 6591 1 8393 8413 9 6180 6685 5
4900 7540 10 7896 6757 7 4416 4644 0 4879 4763 3 5050 5549 5
5116 7009 4 5328 6422 5 6657 5337 4 6169 6963 4 6317 6270 7
7555 8014 8 6328 5450 4 6874 7289 8 5270 4739 1 4606 6666 2
7597 6205 4 8511 10787 7 8031 8938 3 7489 6316 4 5394 6481 4
6287 5843 3 6590 8042 8 8118 6968 12 5372 6753 4 6045 6550 3
5720 4945 3 6234 8187 10 5673 4664 3 6821 6703 8 5200 7599 11
6070 4614 5 5860 6373 3 5577 6123 2 5288 6218 10 5824 7104 3
5567 6626 5 5000 4982 4 7190 7828 9 4951 5310 4 5437 6580 6
6035 9080 10 6133 5294 2 6073 6622 5 5291 6265 5 6498 5059 5
4251 4124 2 5851 5407 4 5278 6134 10 6132 6916 9 3117 3775 5
5204 6735 6 6807 5763 4 6033 6935 4 5153 5310 5 5727 5970 5
5104 6296 6 4190 3726 1 7036 6842 4 5389 6696 8 6448 5889 9
6234 8277 6 3038 4408 1 5715 7199 3 8088 6466 3 6481 6201 8
6305 7456 6 5538 8287 6 5978 6540 2 6117 4819 2 8355 7074 10
6282 5364 5 6632 5608 4 5295 6440 2 5718 7513 4 7165 7617 8
6101 5873 0 6557 10088 5 7940 7556 4 7403 5369 4 5928 7360 3
6614 6972 4 6438 8635 6 7911 6698 4 6201 6958 2 6786 6835 4
6474 4804 2 6036 4822 4 4695 7078 7 5612 6065 8 4400 7390 4
5182 6149 3 5360 6839 4 6015 5985 4 5325 5359 8 5826 5931 3
5861 7155 4 4117 4369 5 5965 6898 4 7463 6123 6 4407 4651 3
5317 5357 4 5254 5658 5 4555 7065 4 5472 5389 2 5745 6714 4
6494 5999 6 4929 6463 5 6357 6321 1 5479 6596 7 4174 4988 3
5411 5892 5 7719 7914 6 5729 5709 2 6059 7954 6 7089 7494 9
7337 6170 2 6983 6712 5 5495 5851 6 6968 7944 5 4537 6254 4
6590 7171 4 6664 7096 3 5151 6964 5 7720 5964 5 5754 7010 8
5893 6508 5 6791 8775 7 6097 5069 1 7746 7434 9 7144 7458 7
5105 7092 6 6278 7729 13 6165 5978 5 5539 6475 5 6643 5851 3
4975 6694 2 5221 4712 2 5370 5616 2 5685 5142 4 4395 4772 6
6012 5757 9 6613 8317 7 7120 6382 3 6086 8781 6 6404 5644 2
5654 6307 2 4441 5654 2 7644 6883 8 5563 7234 3 6619 5804 4
7154 7256 6 5125 7502 5 4694 6574 1 8651 9723 9 7225 5869 7
6288 5297 6 5134 6622 8 6207 7250 6 8468 6561 8 7036 8997 11
5086 4390 1 5979 6121 4 5306 5560 5 4977 6755 6 5284 6579 6
6013 6427 3 4552 5354 5 6788 7326 8 5129 5146 8 5860 6355 7
4965 5349 5 5825 5734 6 5573 5948 1 5448 4367 3 4221 6543 3
5890 6056 5 7840 8623 6 8991 8197 3 6139 7528 4 7931 8725 4
4273 6815 7 5181 5480 2 7232 5207 4 6481 6829 7 6579 7169 4
4860 5638 2 4863 3700 3 6401 6796 2 3931 5000 4 7111 7117 8
7199 6577 13 5732 6280 3 7313 7836 0 4957 6032 3 5220 6032 6
3804 4596 4 5417 3871 2 5208 7403 6 6484 6340 5 7230 8169 9
6648 8120 8 4239 4278 0 6014 6947 8 4652 5853 4 7416 6483 5
4989 5992 6 5378 5136 2 8479 8413 3 5609 7112 4 5278 6423 8
6369 6066 12 5484 4897 2 5091 5982 6 5164 5178 3 5424 6252 6
7895 7143 1 7108 6436 3 4206 4170 2 3506 5935 6 5560 5977 6
5315 5892 2 5756 7112 6 4502 4316 4 6025 5858 4 7707 8331 8
4463 5524 4 4982 5811 6 5379 6149 7 5094 4796 3 4747 5291 3
6505 7243 5 8175 7744 9 4815 5596 1 6292 7206 6 5488 5122 3
5605 5233 4 5774 7253 8 4519 4555 2 4125 5842 7 6326 6013 5
3854 5603 1 5128 4604 2 6703 5340 3 6070 8285 10 4649 5190 4
7462 7333 4 6155 5856 4 7639 8260 4 4763 6367 4 6462 7467 6
5756 7133 7 5842 4817 1 5179 6618 9 6453 7375 5 5791 6306 5
7238 6643 6 5780 6880 6 6089 7611 3 5797 5489 2 6612 7672 6
5467 5597 1 10181 10724 8 7218 7718 8 8998 8674 6 4355 6201 7
6066 6205 2 5186 6441 11 4622 4868 5 5572 4732 3 7187 8149 8
6024 5460 1 7459 7912 15 5684 6720 2 6947 7617 1 5299 6996 4
5931 6460 7 5140 5541 2 6212 5197 3 5520 6615 5 4912 6253 7
7154 7220 3 7477 7860 10 7392 8199 7 7787 7802 6 7724 8042 3
6778 7363 10 6878 6134 2 7601 7282 6 5242 7757 6 5937 6637 4
8211 6434 2 7481 7806 5 6366 7094 5 4096 5699 4 5933 7542 8
7650 7379 5 4344 5653 1 8469 8693 10 6386 5178 3 5847 7872 8
5850 8818 3 7400 6233 8 7265 6825 2 6165 6622 2 7308 7247 5
5372 6398 5 8264 8042 5 5996 7643 7 7261 6736 4 5686 6415 4
4971 5295 3 4471 4547 1 5949 5865 6 4847 8102 9 7557 6696 5
6977 8404 7 6125 6520 3 6953 8059 7 6541 5981 6 6574 6820 6
5303 5333 5 6559 6848 6 6224 6386 2 5968 7373 10 5282 5495 4
6596 7317 9 6386 6697 6 5613 6038 2 7081 7100 9 5173 6487 6
4612 5642 10 7432 7344 5 5913 6255 3 5941 5892 4 5597 7065 9
7022 8142 2 7466 5910 2 5495 5430 6 6314 7148 8 5725 7533 4
6099 5420 6 6030 6585 3 7011 7074 7 4784 7061 2 6628 7178 8
5086 6323 9 6541 5154 2 6516 6766 2 5319 6727 5 6189 7171 5
6875 6499 2 4608 6794 5 6732 5275 2 7224 7811 7 7212 7916 9
5069 4254 3 4865 5778 8 5422 4799 3 5623 9101 7 5295 4924 4
5849 5410 9 5444 5404 1 6009 7893 10 4743 5198 0 5839 5922 9
5604 6685 7 4724 6127 0 4949 5157 2 6163 4733 5 7317 7563 4
5151 5340 6 6189 6669 0 4488 4523 5 6004 8355 11 6631 5323 5
9397 8310 7 7927 7455 8 6861 7127 5 6658 9730 4 8017 7686 6
5769 5685 4 5063 5977 4 6400 9537 7 7093 5870 5 7158 6710 4
6944 6207 4 7686 7529 4 5602 6804 4 6628 7115 3 7038 7738 5
7873 8631 5 4880 4959 5 5521 7147 5 6243 5366 2 5830 6392 9
6300 7014 2 6146 6332 9 5793 6791 4 5217 7371 5 5598 4002 1
5488 7780 4 6528 5635 11 4769 5090 1 5629 5549 2 5292 6248 4
5802 6550 5 5959 5960 3 8310 9235 10 6241 5778 5 7400 7606 6
5088 5956 5 4678 6961 11 6380 4302 6 5302 6309 2 6183 6225 6
7327 7275 10 6171 6705 2 7561 6863 6 7472 7105 3 5984 8878 9
4701 6481 5 7258 7354 7 6006 6983 5 7030 6806 8 7426 6591 5
4742 5059 12 5052 6345 1 6218 6340 4 5173 5653 2 6688 7037 5
6047 7154 6 6348 4733 2 6938 8873 3 6797 6647 3 5544 7281 5
8260 9324 7 5697 5672 2 7033 6649 4 6559 7403 4 6171 6820 6
6958 8557 9 7827 7546 5 5656 7488 7 6471 6070 4 5783 6769 5
7420 9285 4 6709 7996 8 6581 5354 4 7298 6689 5 5295 6757 5
6200 4976 5 6316 6491 4 6216 7117 5 5824 5244 4 5524 6783 8
5347 6043 5 7373 6668 6 6494 6419 3 4626 5667 5 5714 6667 4
6399 6709 3 6767 7001 6 5932 6334 2 4964 6550 5 6342 6547 10
7398 7619 5 6601 6463 2 7641 7914 4 6978 6504 2 7545 8147 4
5812 7471 5 6445 6424 8 7192 8560 6 7604 6897 2 5755 6304 6
7205 7805 7 5494 5479 3 7781 6227 5 7688 9188 10 5964 6450 4
8472 7360 4 7825 9190 13 6289 8294 5 5335 6590 3 5862 5171 6
